day,s,i,r,edgecount,suscedgecount
1,495,5,0,0.9916666666666667,0.9983877697403303
2,495,4,1,0.9933333333333333,0.9992288812684033
3,494,4,2,0.9948333333333333,1.0
4,493,5,2,0.9923333333333333,0.9987216322558415
5,489,9,2,0.9863333333333333,0.9956471578230094
6,486,11,3,0.9836666666666667,0.9942215226981153
7,484,12,4,0.9826666666666667,0.9936592379098533
8,473,22,5,0.9655,0.9843489075193766
9,459,33,8,0.9466666666666667,0.9735818235571604
10,444,46,10,0.9245,0.9601672997947059
11,432,54,14,0.9095,0.9500552410202745
12,415,67,18,0.891,0.9369317933160152
13,392,88,20,0.858,0.9117704441931467
14,370,105,25,0.8371666666666666,0.8921911927930339
15,347,118,35,0.8255,0.8763316070076095
16,316,141,43,0.8028333333333333,0.8458893042536387
17,290,161,49,0.7923333333333333,0.8221387490727556
18,264,176,60,0.7968333333333333,0.8085946545851335
19,232,199,69,0.7836666666666666,0.7672523409045444
20,202,218,80,0.8066666666666666,0.7604529319602614
21,172,237,91,0.8155,0.7304549066069277
22,149,242,109,0.8383333333333334,0.7266773307505023
23,128,250,122,0.8556666666666667,0.7152760770541399
24,108,262,130,0.8611666666666666,0.6753942207325541
25,97,261,142,0.8725,0.6684598323122449
26,87,260,153,0.8815,0.6557431323391933
27,72,260,168,0.9028333333333334,0.6583746139869451
28,61,257,182,0.9171666666666667,0.6567973015601509
29,44,265,191,0.9366666666666666,0.6368465567577006
30,37,261,202,0.9475,0.6402659488625522
31,31,259,210,0.956,0.6401673838099848
32,28,250,222,0.9616666666666667,0.6534417854462508
33,24,245,231,0.9668333333333333,0.6504380065439415
34,19,240,241,0.9758333333333333,0.6739922872201488
35,18,225,257,0.9803333333333333,0.7205129533209741
36,14,221,265,0.9848333333333333,0.7227650223733939
37,10,214,276,0.9891666666666666,0.7137662460228069
38,10,206,284,0.9891666666666666,0.7137662460228069
39,8,201,291,0.992,0.7291535071685746
40,7,188,305,0.9933333333333333,0.7421067897460359
41,6,181,313,0.994,0.7308823321312053
42,5,175,320,0.9951666666666666,0.7353067746040539
43,3,170,327,0.9971666666666666,0.7438075047462539
44,3,163,334,0.9973333333333333,0.7577324203469009
45,3,158,339,0.9973333333333333,0.7577324203469009
46,3,153,344,0.9975,0.7729232373657887
47,3,146,351,0.9975,0.7729232373657887
48,2,144,354,0.9986666666666667,0.8175914731237086
49,2,138,360,0.9988333333333334,0.8384788465246793
50,2,133,365,0.9988333333333334,0.8384788465246793
51,2,126,372,0.9988333333333334,0.8384788465246793
52,2,121,377,0.9988333333333334,0.8384788465246793
53,2,116,382,0.999,0.862350130411503
54,2,112,386,0.9991666666666666,0.8862214142983265
55,2,106,392,0.9993333333333333,0.9100926981851502
56,2,104,394,0.9993333333333333,0.9100926981851502
57,2,100,398,0.9993333333333333,0.9100926981851502
58,2,94,404,0.9993333333333333,0.9100926981851502
59,2,93,405,0.9993333333333333,0.9100926981851502
60,2,91,407,0.9993333333333333,0.9100926981851502
61,2,87,411,0.9993333333333333,0.9100926981851502
62,2,85,413,0.9993333333333333,0.9100926981851502
63,2,81,417,0.9993333333333333,0.9100926981851502
64,2,76,422,0.9993333333333333,0.9100926981851502
65,1,72,427,0.9995,0.8593662199256499
66,1,69,430,0.9995,0.8593662199256499
67,0,68,432,1.0,
68,0,65,435,1.0,
69,0,64,436,1.0,
70,0,62,438,1.0,
71,0,62,438,1.0,
72,0,61,439,1.0,
73,0,58,442,1.0,
74,0,55,445,1.0,
75,0,54,446,1.0,
76,0,52,448,1.0,
77,0,52,448,1.0,
78,0,51,449,1.0,
79,0,49,451,1.0,
80,0,47,453,1.0,
81,0,47,453,1.0,
82,0,45,455,1.0,
83,0,44,456,1.0,
84,0,41,459,1.0,
85,0,41,459,1.0,
86,0,40,460,1.0,
87,0,38,462,1.0,
88,0,37,463,1.0,
89,0,35,465,1.0,
90,0,32,468,1.0,
91,0,30,470,1.0,
92,0,28,472,1.0,
93,0,27,473,1.0,
94,0,25,475,1.0,
95,0,23,477,1.0,
96,0,21,479,1.0,
97,0,21,479,1.0,
98,0,21,479,1.0,
99,0,20,480,1.0,
100,0,20,480,1.0,
101,0,20,480,1.0,
102,0,19,481,1.0,
103,0,19,481,1.0,
104,0,18,482,1.0,
105,0,18,482,1.0,
106,0,17,483,1.0,
107,0,16,484,1.0,
108,0,16,484,1.0,
109,0,15,485,1.0,
110,0,15,485,1.0,
111,0,15,485,1.0,
112,0,15,485,1.0,
113,0,15,485,1.0,
114,0,14,486,1.0,
115,0,14,486,1.0,
116,0,13,487,1.0,
117,0,13,487,1.0,
118,0,13,487,1.0,
119,0,13,487,1.0,
120,0,12,488,1.0,
121,0,12,488,1.0,
122,0,10,490,1.0,
123,0,9,491,1.0,
124,0,9,491,1.0,
125,0,9,491,1.0,
126,0,8,492,1.0,
127,0,7,493,1.0,
128,0,6,494,1.0,
129,0,6,494,1.0,
130,0,6,494,1.0,
131,0,6,494,1.0,
132,0,6,494,1.0,
133,0,6,494,1.0,
134,0,6,494,1.0,
135,0,6,494,1.0,
136,0,6,494,1.0,
137,0,6,494,1.0,
138,0,6,494,1.0,
139,0,5,495,1.0,
140,0,5,495,1.0,
141,0,4,496,1.0,
142,0,4,496,1.0,
143,0,3,497,1.0,
144,0,3,497,1.0,
145,0,3,497,1.0,
146,0,3,497,1.0,
147,0,3,497,1.0,
148,0,3,497,1.0,
149,0,3,497,1.0,
150,0,3,497,1.0,
151,0,3,497,1.0,
152,0,2,498,1.0,
153,0,2,498,1.0,
154,0,2,498,1.0,
155,0,2,498,1.0,
156,0,2,498,1.0,
157,0,1,499,1.0,
158,0,1,499,1.0,
159,0,1,499,1.0,
160,0,1,499,1.0,
161,0,1,499,1.0,
162,0,1,499,1.0,
163,0,1,499,1.0,
164,0,1,499,1.0,
165,0,1,499,1.0,
166,0,1,499,1.0,
167,0,1,499,1.0,
168,0,1,499,1.0,
169,0,1,499,1.0,
170,0,1,499,1.0,
171,0,1,499,1.0,
172,0,1,499,1.0,
173,0,1,499,1.0,
174,0,1,499,1.0,
175,0,1,499,1.0,
176,0,1,499,1.0,
177,0,1,499,1.0,
178,0,1,499,1.0,
179,0,1,499,1.0,
180,0,1,499,1.0,
181,0,1,499,1.0,
182,0,1,499,1.0,
183,0,1,499,1.0,
184,0,1,499,1.0,
185,0,1,499,1.0,
186,0,1,499,1.0,
187,0,1,499,1.0,
188,0,0,500,1.0,
189,0,0,500,1.0,
190,0,0,500,1.0,
191,0,0,500,1.0,
192,0,0,500,1.0,
193,0,0,500,1.0,
194,0,0,500,1.0,
195,0,0,500,1.0,
196,0,0,500,1.0,
197,0,0,500,1.0,
198,0,0,500,1.0,
199,0,0,500,1.0,
200,0,0,500,1.0,
1,497,3,0,0.9968333333333333,0.9984076081320418
2,496,3,1,0.9985,0.9992304148308706
3,492,7,1,0.9893333333333333,0.9945379347195361
4,486,13,1,0.9785,0.9888482653275104
5,483,15,2,0.976,0.9875374602892831
6,478,20,2,0.9678333333333333,0.9830535787930731
7,470,28,2,0.9543333333333334,0.9756471888340529
8,460,38,2,0.9388333333333333,0.9667492417615291
9,446,51,3,0.9243333333333333,0.9574717841533985
10,429,66,5,0.9105,0.9479867451895425
11,402,84,14,0.8845,0.9285879000106775
12,384,94,22,0.872,0.916894439509529
13,358,117,25,0.8378333333333333,0.8869536877027697
14,332,138,30,0.814,0.8604806326439919
15,300,166,34,0.7761666666666667,0.8142047583135819
16,269,192,39,0.7645,0.7819030711597194
17,237,214,49,0.7666666666666667,0.753304879918777
18,209,231,60,0.7746666666666666,0.7296399332223926
19,176,255,69,0.7828333333333334,0.6896110943778637
20,156,271,73,0.789,0.6592844943084302
21,124,287,89,0.8231666666666667,0.6402653718715717
22,105,293,102,0.84,0.6139290118128262
23,86,299,115,0.8683333333333333,0.6139792081952911
24,65,304,131,0.898,0.6014440846640335
25,51,301,148,0.9233333333333333,0.6152941675779047
26,39,298,163,0.942,0.6170633004392595
27,34,290,176,0.9513333333333334,0.633214197792579
28,30,282,188,0.955,0.6168392880208737
29,24,284,192,0.9643333333333334,0.6236385595081247
30,16,278,206,0.9768333333333333,0.6280335968379447
31,14,271,215,0.9805,0.639201957462827
32,11,264,225,0.9851666666666666,0.6439843094981436
33,10,258,232,0.9861666666666666,0.6356554677206852
34,9,246,245,0.9876666666666667,0.6406272873664178
35,8,239,253,0.9898333333333333,0.6661314229249011
36,7,233,260,0.991,0.6638904573687183
37,6,230,264,0.9928333333333333,0.6875823451910409
38,4,222,274,0.995,0.6704545454545454
39,3,216,281,0.9963333333333333,0.6765480895915679
40,3,208,289,0.9965,0.691699604743083
41,2,200,298,0.9975,0.6739130434782609
42,2,187,311,0.9976666666666667,0.6956521739130435
43,2,182,316,0.9981666666666666,0.7608695652173914
44,1,175,324,0.9995,0.8695652173913043
45,1,170,329,0.9995,0.8695652173913043
46,1,165,334,0.9995,0.8695652173913043
47,1,160,339,0.9995,0.8695652173913043
48,1,151,348,0.9996666666666667,0.9130434782608695
49,1,146,353,0.9996666666666667,0.9130434782608695
50,1,137,362,0.9996666666666667,0.9130434782608695
51,1,133,366,0.9996666666666667,0.9130434782608695
52,1,124,375,0.9996666666666667,0.9130434782608695
53,1,123,376,0.9996666666666667,0.9130434782608695
54,1,120,379,0.9996666666666667,0.9130434782608695
55,1,117,382,0.9996666666666667,0.9130434782608695
56,1,112,387,0.9996666666666667,0.9130434782608695
57,1,106,393,0.9998333333333334,0.9565217391304348
58,1,98,401,0.9998333333333334,0.9565217391304348
59,1,92,407,0.9998333333333334,0.9565217391304348
60,1,92,407,0.9998333333333334,0.9565217391304348
61,1,90,409,0.9998333333333334,0.9565217391304348
62,1,85,414,0.9998333333333334,0.9565217391304348
63,1,83,416,1.0,1.0
64,1,79,420,1.0,1.0
65,1,75,424,1.0,1.0
66,1,71,428,1.0,1.0
67,1,67,432,1.0,1.0
68,1,66,433,1.0,1.0
69,1,65,434,1.0,1.0
70,0,65,435,1.0,
71,0,65,435,1.0,
72,0,65,435,1.0,
73,0,60,440,1.0,
74,0,59,441,1.0,
75,0,52,448,1.0,
76,0,49,451,1.0,
77,0,46,454,1.0,
78,0,45,455,1.0,
79,0,43,457,1.0,
80,0,41,459,1.0,
81,0,41,459,1.0,
82,0,38,462,1.0,
83,0,37,463,1.0,
84,0,37,463,1.0,
85,0,36,464,1.0,
86,0,33,467,1.0,
87,0,33,467,1.0,
88,0,30,470,1.0,
89,0,30,470,1.0,
90,0,28,472,1.0,
91,0,26,474,1.0,
92,0,24,476,1.0,
93,0,24,476,1.0,
94,0,23,477,1.0,
95,0,21,479,1.0,
96,0,20,480,1.0,
97,0,19,481,1.0,
98,0,19,481,1.0,
99,0,17,483,1.0,
100,0,16,484,1.0,
101,0,16,484,1.0,
102,0,16,484,1.0,
103,0,16,484,1.0,
104,0,15,485,1.0,
105,0,13,487,1.0,
106,0,13,487,1.0,
107,0,12,488,1.0,
108,0,12,488,1.0,
109,0,12,488,1.0,
110,0,11,489,1.0,
111,0,11,489,1.0,
112,0,11,489,1.0,
113,0,11,489,1.0,
114,0,10,490,1.0,
115,0,9,491,1.0,
116,0,9,491,1.0,
117,0,8,492,1.0,
118,0,7,493,1.0,
119,0,7,493,1.0,
120,0,7,493,1.0,
121,0,7,493,1.0,
122,0,7,493,1.0,
123,0,7,493,1.0,
124,0,6,494,1.0,
125,0,6,494,1.0,
126,0,6,494,1.0,
127,0,6,494,1.0,
128,0,5,495,1.0,
129,0,5,495,1.0,
130,0,5,495,1.0,
131,0,5,495,1.0,
132,0,5,495,1.0,
133,0,5,495,1.0,
134,0,5,495,1.0,
135,0,5,495,1.0,
136,0,4,496,1.0,
137,0,4,496,1.0,
138,0,3,497,1.0,
139,0,3,497,1.0,
140,0,3,497,1.0,
141,0,3,497,1.0,
142,0,2,498,1.0,
143,0,2,498,1.0,
144,0,2,498,1.0,
145,0,2,498,1.0,
146,0,1,499,1.0,
147,0,1,499,1.0,
148,0,1,499,1.0,
149,0,1,499,1.0,
150,0,1,499,1.0,
151,0,1,499,1.0,
152,0,1,499,1.0,
153,0,1,499,1.0,
154,0,1,499,1.0,
155,0,1,499,1.0,
156,0,1,499,1.0,
157,0,1,499,1.0,
158,0,1,499,1.0,
159,0,1,499,1.0,
160,0,1,499,1.0,
161,0,1,499,1.0,
162,0,1,499,1.0,
163,0,1,499,1.0,
164,0,1,499,1.0,
165,0,1,499,1.0,
166,0,1,499,1.0,
167,0,1,499,1.0,
168,0,1,499,1.0,
169,0,1,499,1.0,
170,0,1,499,1.0,
171,0,1,499,1.0,
172,0,1,499,1.0,
173,0,1,499,1.0,
174,0,1,499,1.0,
175,0,1,499,1.0,
176,0,1,499,1.0,
177,0,1,499,1.0,
178,0,1,499,1.0,
179,0,1,499,1.0,
180,0,1,499,1.0,
181,0,0,500,1.0,
182,0,0,500,1.0,
183,0,0,500,1.0,
184,0,0,500,1.0,
185,0,0,500,1.0,
186,0,0,500,1.0,
187,0,0,500,1.0,
188,0,0,500,1.0,
189,0,0,500,1.0,
190,0,0,500,1.0,
191,0,0,500,1.0,
192,0,0,500,1.0,
193,0,0,500,1.0,
194,0,0,500,1.0,
195,0,0,500,1.0,
196,0,0,500,1.0,
197,0,0,500,1.0,
198,0,0,500,1.0,
199,0,0,500,1.0,
200,0,0,500,1.0,
1,499,0,1,1.0,1.0
2,499,0,1,1.0,1.0
3,499,0,1,1.0,1.0
4,499,0,1,1.0,1.0
5,499,0,1,1.0,1.0
6,499,0,1,1.0,1.0
7,499,0,1,1.0,1.0
8,499,0,1,1.0,1.0
9,499,0,1,1.0,1.0
10,499,0,1,1.0,1.0
11,499,0,1,1.0,1.0
12,499,0,1,1.0,1.0
13,499,0,1,1.0,1.0
14,499,0,1,1.0,1.0
15,499,0,1,1.0,1.0
16,499,0,1,1.0,1.0
17,499,0,1,1.0,1.0
18,499,0,1,1.0,1.0
19,499,0,1,1.0,1.0
20,499,0,1,1.0,1.0
21,499,0,1,1.0,1.0
22,499,0,1,1.0,1.0
23,499,0,1,1.0,1.0
24,499,0,1,1.0,1.0
25,499,0,1,1.0,1.0
26,499,0,1,1.0,1.0
27,499,0,1,1.0,1.0
28,499,0,1,1.0,1.0
29,499,0,1,1.0,1.0
30,499,0,1,1.0,1.0
31,499,0,1,1.0,1.0
32,499,0,1,1.0,1.0
33,499,0,1,1.0,1.0
34,499,0,1,1.0,1.0
35,499,0,1,1.0,1.0
36,499,0,1,1.0,1.0
37,499,0,1,1.0,1.0
38,499,0,1,1.0,1.0
39,499,0,1,1.0,1.0
40,499,0,1,1.0,1.0
41,499,0,1,1.0,1.0
42,499,0,1,1.0,1.0
43,499,0,1,1.0,1.0
44,499,0,1,1.0,1.0
45,499,0,1,1.0,1.0
46,499,0,1,1.0,1.0
47,499,0,1,1.0,1.0
48,499,0,1,1.0,1.0
49,499,0,1,1.0,1.0
50,499,0,1,1.0,1.0
51,499,0,1,1.0,1.0
52,499,0,1,1.0,1.0
53,499,0,1,1.0,1.0
54,499,0,1,1.0,1.0
55,499,0,1,1.0,1.0
56,499,0,1,1.0,1.0
57,499,0,1,1.0,1.0
58,499,0,1,1.0,1.0
59,499,0,1,1.0,1.0
60,499,0,1,1.0,1.0
61,499,0,1,1.0,1.0
62,499,0,1,1.0,1.0
63,499,0,1,1.0,1.0
64,499,0,1,1.0,1.0
65,499,0,1,1.0,1.0
66,499,0,1,1.0,1.0
67,499,0,1,1.0,1.0
68,499,0,1,1.0,1.0
69,499,0,1,1.0,1.0
70,499,0,1,1.0,1.0
71,499,0,1,1.0,1.0
72,499,0,1,1.0,1.0
73,499,0,1,1.0,1.0
74,499,0,1,1.0,1.0
75,499,0,1,1.0,1.0
76,499,0,1,1.0,1.0
77,499,0,1,1.0,1.0
78,499,0,1,1.0,1.0
79,499,0,1,1.0,1.0
80,499,0,1,1.0,1.0
81,499,0,1,1.0,1.0
82,499,0,1,1.0,1.0
83,499,0,1,1.0,1.0
84,499,0,1,1.0,1.0
85,499,0,1,1.0,1.0
86,499,0,1,1.0,1.0
87,499,0,1,1.0,1.0
88,499,0,1,1.0,1.0
89,499,0,1,1.0,1.0
90,499,0,1,1.0,1.0
91,499,0,1,1.0,1.0
92,499,0,1,1.0,1.0
93,499,0,1,1.0,1.0
94,499,0,1,1.0,1.0
95,499,0,1,1.0,1.0
96,499,0,1,1.0,1.0
97,499,0,1,1.0,1.0
98,499,0,1,1.0,1.0
99,499,0,1,1.0,1.0
100,499,0,1,1.0,1.0
101,499,0,1,1.0,1.0
102,499,0,1,1.0,1.0
103,499,0,1,1.0,1.0
104,499,0,1,1.0,1.0
105,499,0,1,1.0,1.0
106,499,0,1,1.0,1.0
107,499,0,1,1.0,1.0
108,499,0,1,1.0,1.0
109,499,0,1,1.0,1.0
110,499,0,1,1.0,1.0
111,499,0,1,1.0,1.0
112,499,0,1,1.0,1.0
113,499,0,1,1.0,1.0
114,499,0,1,1.0,1.0
115,499,0,1,1.0,1.0
116,499,0,1,1.0,1.0
117,499,0,1,1.0,1.0
118,499,0,1,1.0,1.0
119,499,0,1,1.0,1.0
120,499,0,1,1.0,1.0
121,499,0,1,1.0,1.0
122,499,0,1,1.0,1.0
123,499,0,1,1.0,1.0
124,499,0,1,1.0,1.0
125,499,0,1,1.0,1.0
126,499,0,1,1.0,1.0
127,499,0,1,1.0,1.0
128,499,0,1,1.0,1.0
129,499,0,1,1.0,1.0
130,499,0,1,1.0,1.0
131,499,0,1,1.0,1.0
132,499,0,1,1.0,1.0
133,499,0,1,1.0,1.0
134,499,0,1,1.0,1.0
135,499,0,1,1.0,1.0
136,499,0,1,1.0,1.0
137,499,0,1,1.0,1.0
138,499,0,1,1.0,1.0
139,499,0,1,1.0,1.0
140,499,0,1,1.0,1.0
141,499,0,1,1.0,1.0
142,499,0,1,1.0,1.0
143,499,0,1,1.0,1.0
144,499,0,1,1.0,1.0
145,499,0,1,1.0,1.0
146,499,0,1,1.0,1.0
147,499,0,1,1.0,1.0
148,499,0,1,1.0,1.0
149,499,0,1,1.0,1.0
150,499,0,1,1.0,1.0
151,499,0,1,1.0,1.0
152,499,0,1,1.0,1.0
153,499,0,1,1.0,1.0
154,499,0,1,1.0,1.0
155,499,0,1,1.0,1.0
156,499,0,1,1.0,1.0
157,499,0,1,1.0,1.0
158,499,0,1,1.0,1.0
159,499,0,1,1.0,1.0
160,499,0,1,1.0,1.0
161,499,0,1,1.0,1.0
162,499,0,1,1.0,1.0
163,499,0,1,1.0,1.0
164,499,0,1,1.0,1.0
165,499,0,1,1.0,1.0
166,499,0,1,1.0,1.0
167,499,0,1,1.0,1.0
168,499,0,1,1.0,1.0
169,499,0,1,1.0,1.0
170,499,0,1,1.0,1.0
171,499,0,1,1.0,1.0
172,499,0,1,1.0,1.0
173,499,0,1,1.0,1.0
174,499,0,1,1.0,1.0
175,499,0,1,1.0,1.0
176,499,0,1,1.0,1.0
177,499,0,1,1.0,1.0
178,499,0,1,1.0,1.0
179,499,0,1,1.0,1.0
180,499,0,1,1.0,1.0
181,499,0,1,1.0,1.0
182,499,0,1,1.0,1.0
183,499,0,1,1.0,1.0
184,499,0,1,1.0,1.0
185,499,0,1,1.0,1.0
186,499,0,1,1.0,1.0
187,499,0,1,1.0,1.0
188,499,0,1,1.0,1.0
189,499,0,1,1.0,1.0
190,499,0,1,1.0,1.0
191,499,0,1,1.0,1.0
192,499,0,1,1.0,1.0
193,499,0,1,1.0,1.0
194,499,0,1,1.0,1.0
195,499,0,1,1.0,1.0
196,499,0,1,1.0,1.0
197,499,0,1,1.0,1.0
198,499,0,1,1.0,1.0
199,499,0,1,1.0,1.0
200,499,0,1,1.0,1.0
1,499,1,0,1.0,1.0
2,496,4,0,0.9931666666666666,0.9965357862846467
3,494,6,0,0.9896666666666667,0.9947201056781237
4,490,10,0,0.9843333333333333,0.9919476400066463
5,486,14,0,0.9801666666666666,0.9897234443521793
6,483,17,0,0.9781666666666666,0.9886301066200247
7,475,25,0,0.9653333333333334,0.9816517246801001
8,465,32,3,0.9511666666666667,0.9736383135158263
9,460,34,6,0.9483333333333334,0.9718444706242438
10,449,45,6,0.9326666666666666,0.9624623976778522
11,437,55,8,0.9196666666666666,0.953944575950844
12,419,71,10,0.8936666666666667,0.9364019372524582
13,402,84,14,0.8848333333333334,0.9283147771657906
14,373,108,19,0.8475,0.8978006523213355
15,348,127,25,0.8265,0.8755996975041132
16,318,151,31,0.8028333333333333,0.8450423048054906
17,288,177,35,0.7768333333333334,0.8063474100543847
18,258,198,44,0.7671666666666667,0.7747865385310617
19,229,217,54,0.7706666666666667,0.7503058876373856
20,204,235,61,0.778,0.727449902328419
21,179,247,74,0.7941666666666667,0.712800164013426
22,152,258,90,0.8153333333333334,0.6962437556087441
23,134,265,101,0.8288333333333333,0.6791615316209736
24,109,274,117,0.8516666666666667,0.656026508762847
25,95,275,130,0.8668333333333333,0.6458178839551837
26,74,285,141,0.8851666666666667,0.6080532021836369
27,66,281,153,0.8971666666666667,0.6034162134162134
28,55,283,162,0.9146666666666666,0.6035683872561344
29,47,283,170,0.9238333333333333,0.5870972160056341
30,42,275,183,0.9368333333333333,0.6168960362542143
31,31,274,195,0.9523333333333334,0.6101940703834112
32,28,260,212,0.959,0.6270458547088982
33,21,261,218,0.968,0.6111019392385852
34,15,252,233,0.9781666666666666,0.6263970972666624
35,13,245,242,0.9806666666666667,0.6209379589814371
36,12,237,251,0.9828333333333333,0.6358039069089794
37,8,233,259,0.989,0.6603986422192945
38,7,224,269,0.9898333333333333,0.6416460672982413
39,4,221,275,0.9951666666666666,0.6948270750988143
40,2,214,284,0.998,0.7371541501976284
41,2,204,294,0.9981666666666666,0.7588932806324111
42,2,196,302,0.9983333333333333,0.7806324110671936
43,2,190,308,0.9985,0.8023715415019763
44,2,182,316,0.9985,0.8023715415019763
45,2,177,321,0.9985,0.8023715415019763
46,2,169,329,0.9985,0.8023715415019763
47,2,161,337,0.9985,0.8023715415019763
48,2,150,348,0.9985,0.8023715415019763
49,2,145,353,0.9986666666666667,0.8241106719367588
50,2,139,359,0.9986666666666667,0.8241106719367588
51,1,134,365,0.9996666666666667,0.9090909090909091
52,1,130,369,0.9996666666666667,0.9090909090909091
53,1,127,372,0.9996666666666667,0.9090909090909091
54,1,121,378,0.9996666666666667,0.9090909090909091
55,1,115,384,0.9998333333333334,0.9545454545454546
56,1,115,384,0.9998333333333334,0.9545454545454546
57,1,111,388,0.9998333333333334,0.9545454545454546
58,0,106,394,1.0,
59,0,100,400,1.0,
60,0,97,403,1.0,
61,0,94,406,1.0,
62,0,91,409,1.0,
63,0,84,416,1.0,
64,0,80,420,1.0,
65,0,75,425,1.0,
66,0,73,427,1.0,
67,0,68,432,1.0,
68,0,67,433,1.0,
69,0,66,434,1.0,
70,0,63,437,1.0,
71,0,61,439,1.0,
72,0,58,442,1.0,
73,0,58,442,1.0,
74,0,56,444,1.0,
75,0,55,445,1.0,
76,0,52,448,1.0,
77,0,52,448,1.0,
78,0,49,451,1.0,
79,0,48,452,1.0,
80,0,46,454,1.0,
81,0,45,455,1.0,
82,0,43,457,1.0,
83,0,43,457,1.0,
84,0,42,458,1.0,
85,0,38,462,1.0,
86,0,38,462,1.0,
87,0,36,464,1.0,
88,0,36,464,1.0,
89,0,36,464,1.0,
90,0,36,464,1.0,
91,0,35,465,1.0,
92,0,33,467,1.0,
93,0,31,469,1.0,
94,0,31,469,1.0,
95,0,30,470,1.0,
96,0,30,470,1.0,
97,0,29,471,1.0,
98,0,27,473,1.0,
99,0,26,474,1.0,
100,0,25,475,1.0,
101,0,23,477,1.0,
102,0,22,478,1.0,
103,0,22,478,1.0,
104,0,21,479,1.0,
105,0,21,479,1.0,
106,0,19,481,1.0,
107,0,17,483,1.0,
108,0,15,485,1.0,
109,0,15,485,1.0,
110,0,14,486,1.0,
111,0,14,486,1.0,
112,0,13,487,1.0,
113,0,12,488,1.0,
114,0,12,488,1.0,
115,0,12,488,1.0,
116,0,12,488,1.0,
117,0,11,489,1.0,
118,0,11,489,1.0,
119,0,11,489,1.0,
120,0,11,489,1.0,
121,0,10,490,1.0,
122,0,9,491,1.0,
123,0,9,491,1.0,
124,0,8,492,1.0,
125,0,8,492,1.0,
126,0,8,492,1.0,
127,0,8,492,1.0,
128,0,8,492,1.0,
129,0,7,493,1.0,
130,0,7,493,1.0,
131,0,6,494,1.0,
132,0,6,494,1.0,
133,0,6,494,1.0,
134,0,6,494,1.0,
135,0,6,494,1.0,
136,0,6,494,1.0,
137,0,6,494,1.0,
138,0,5,495,1.0,
139,0,5,495,1.0,
140,0,5,495,1.0,
141,0,5,495,1.0,
142,0,5,495,1.0,
143,0,5,495,1.0,
144,0,5,495,1.0,
145,0,5,495,1.0,
146,0,4,496,1.0,
147,0,4,496,1.0,
148,0,4,496,1.0,
149,0,4,496,1.0,
150,0,4,496,1.0,
151,0,4,496,1.0,
152,0,4,496,1.0,
153,0,4,496,1.0,
154,0,4,496,1.0,
155,0,4,496,1.0,
156,0,4,496,1.0,
157,0,4,496,1.0,
158,0,4,496,1.0,
159,0,3,497,1.0,
160,0,3,497,1.0,
161,0,3,497,1.0,
162,0,3,497,1.0,
163,0,3,497,1.0,
164,0,3,497,1.0,
165,0,3,497,1.0,
166,0,3,497,1.0,
167,0,3,497,1.0,
168,0,3,497,1.0,
169,0,3,497,1.0,
170,0,3,497,1.0,
171,0,3,497,1.0,
172,0,2,498,1.0,
173,0,2,498,1.0,
174,0,2,498,1.0,
175,0,2,498,1.0,
176,0,2,498,1.0,
177,0,2,498,1.0,
178,0,2,498,1.0,
179,0,2,498,1.0,
180,0,2,498,1.0,
181,0,2,498,1.0,
182,0,2,498,1.0,
183,0,2,498,1.0,
184,0,2,498,1.0,
185,0,2,498,1.0,
186,0,2,498,1.0,
187,0,2,498,1.0,
188,0,2,498,1.0,
189,0,2,498,1.0,
190,0,2,498,1.0,
191,0,2,498,1.0,
192,0,2,498,1.0,
193,0,2,498,1.0,
194,0,2,498,1.0,
195,0,2,498,1.0,
196,0,2,498,1.0,
197,0,2,498,1.0,
198,0,2,498,1.0,
199,0,2,498,1.0,
200,0,2,498,1.0,
1,498,2,0,0.9981666666666666,1.0
2,497,3,0,0.9953333333333333,0.9985581379753827
3,496,4,0,0.9931666666666666,0.9974313739406694
4,494,6,0,0.9891666666666666,0.9953921344959569
5,489,10,1,0.9835,0.9924154307150895
6,485,14,1,0.9786666666666667,0.989802609548672
7,481,18,1,0.972,0.9862794125381594
8,476,23,1,0.9645,0.98209054161111
9,469,30,1,0.9563333333333334,0.9774741472258276
10,462,36,2,0.9556666666666667,0.976803803279754
11,439,58,3,0.9166666666666666,0.9532878646766951
12,418,77,5,0.8875,0.9334929688293195
13,403,88,9,0.8658333333333333,0.9176018772682547
14,377,112,11,0.8206666666666667,0.8819053738660004
15,347,138,15,0.7871666666666667,0.8468867501842021
16,320,155,25,0.764,0.8156476843955036
17,288,181,31,0.737,0.7709235872424114
18,253,208,39,0.7256666666666667,0.728091051837423
19,230,222,48,0.7305,0.7063963269463652
20,191,251,58,0.7438333333333333,0.6636975423183388
21,160,271,69,0.7635,0.6296813554390271
22,130,291,79,0.7918333333333333,0.5987730357217897
23,104,305,91,0.8263333333333334,0.580403831880249
24,88,312,100,0.8498333333333333,0.5696395693521327
25,73,315,112,0.8771666666666667,0.574539798726265
26,61,314,125,0.896,0.5684166572400252
27,48,312,140,0.9193333333333333,0.5697226637442883
28,37,314,149,0.9375,0.5661164223421168
29,31,311,158,0.948,0.5678834156877014
30,27,299,174,0.9555,0.5717634256649
31,23,290,187,0.964,0.6021792343701773
32,19,283,198,0.9703333333333334,0.6056365825865053
33,15,279,206,0.9766666666666667,0.6082230749359921
34,14,272,214,0.9788333333333333,0.6175287884136905
35,9,268,223,0.9885,0.6743031043628762
36,8,256,236,0.9908333333333333,0.7049702752675444
37,7,244,249,0.9923333333333333,0.7239733525523783
38,4,231,265,0.9951666666666666,0.7055027355928295
39,4,220,276,0.9955,0.7263550331965584
40,3,210,287,0.9971666666666666,0.7738519332939409
41,3,199,298,0.9975,0.798565767490953
42,2,195,303,0.9981666666666666,0.7715350113379711
43,1,192,307,0.9991666666666666,0.7923873089417001
44,1,184,315,0.9991666666666666,0.7923873089417001
45,0,177,323,1.0,
46,0,168,332,1.0,
47,0,162,338,1.0,
48,0,154,346,1.0,
49,0,150,350,1.0,
50,0,145,355,1.0,
51,0,140,360,1.0,
52,0,136,364,1.0,
53,0,126,374,1.0,
54,0,122,378,1.0,
55,0,117,383,1.0,
56,0,113,387,1.0,
57,0,109,391,1.0,
58,0,103,397,1.0,
59,0,94,406,1.0,
60,0,83,417,1.0,
61,0,79,421,1.0,
62,0,77,423,1.0,
63,0,75,425,1.0,
64,0,74,426,1.0,
65,0,71,429,1.0,
66,0,70,430,1.0,
67,0,66,434,1.0,
68,0,65,435,1.0,
69,0,62,438,1.0,
70,0,60,440,1.0,
71,0,59,441,1.0,
72,0,56,444,1.0,
73,0,56,444,1.0,
74,0,53,447,1.0,
75,0,52,448,1.0,
76,0,47,453,1.0,
77,0,45,455,1.0,
78,0,42,458,1.0,
79,0,40,460,1.0,
80,0,36,464,1.0,
81,0,33,467,1.0,
82,0,29,471,1.0,
83,0,28,472,1.0,
84,0,28,472,1.0,
85,0,26,474,1.0,
86,0,25,475,1.0,
87,0,23,477,1.0,
88,0,20,480,1.0,
89,0,20,480,1.0,
90,0,18,482,1.0,
91,0,16,484,1.0,
92,0,16,484,1.0,
93,0,16,484,1.0,
94,0,16,484,1.0,
95,0,14,486,1.0,
96,0,13,487,1.0,
97,0,12,488,1.0,
98,0,12,488,1.0,
99,0,12,488,1.0,
100,0,11,489,1.0,
101,0,11,489,1.0,
102,0,10,490,1.0,
103,0,10,490,1.0,
104,0,9,491,1.0,
105,0,9,491,1.0,
106,0,8,492,1.0,
107,0,8,492,1.0,
108,0,8,492,1.0,
109,0,8,492,1.0,
110,0,7,493,1.0,
111,0,7,493,1.0,
112,0,7,493,1.0,
113,0,6,494,1.0,
114,0,6,494,1.0,
115,0,5,495,1.0,
116,0,4,496,1.0,
117,0,4,496,1.0,
118,0,4,496,1.0,
119,0,4,496,1.0,
120,0,4,496,1.0,
121,0,3,497,1.0,
122,0,3,497,1.0,
123,0,3,497,1.0,
124,0,3,497,1.0,
125,0,3,497,1.0,
126,0,3,497,1.0,
127,0,3,497,1.0,
128,0,2,498,1.0,
129,0,2,498,1.0,
130,0,2,498,1.0,
131,0,2,498,1.0,
132,0,2,498,1.0,
133,0,2,498,1.0,
134,0,2,498,1.0,
135,0,2,498,1.0,
136,0,2,498,1.0,
137,0,2,498,1.0,
138,0,2,498,1.0,
139,0,2,498,1.0,
140,0,2,498,1.0,
141,0,2,498,1.0,
142,0,2,498,1.0,
143,0,2,498,1.0,
144,0,1,499,1.0,
145,0,1,499,1.0,
146,0,1,499,1.0,
147,0,1,499,1.0,
148,0,1,499,1.0,
149,0,1,499,1.0,
150,0,1,499,1.0,
151,0,1,499,1.0,
152,0,1,499,1.0,
153,0,0,500,1.0,
154,0,0,500,1.0,
155,0,0,500,1.0,
156,0,0,500,1.0,
157,0,0,500,1.0,
158,0,0,500,1.0,
159,0,0,500,1.0,
160,0,0,500,1.0,
161,0,0,500,1.0,
162,0,0,500,1.0,
163,0,0,500,1.0,
164,0,0,500,1.0,
165,0,0,500,1.0,
166,0,0,500,1.0,
167,0,0,500,1.0,
168,0,0,500,1.0,
169,0,0,500,1.0,
170,0,0,500,1.0,
171,0,0,500,1.0,
172,0,0,500,1.0,
173,0,0,500,1.0,
174,0,0,500,1.0,
175,0,0,500,1.0,
176,0,0,500,1.0,
177,0,0,500,1.0,
178,0,0,500,1.0,
179,0,0,500,1.0,
180,0,0,500,1.0,
181,0,0,500,1.0,
182,0,0,500,1.0,
183,0,0,500,1.0,
184,0,0,500,1.0,
185,0,0,500,1.0,
186,0,0,500,1.0,
187,0,0,500,1.0,
188,0,0,500,1.0,
189,0,0,500,1.0,
190,0,0,500,1.0,
191,0,0,500,1.0,
192,0,0,500,1.0,
193,0,0,500,1.0,
194,0,0,500,1.0,
195,0,0,500,1.0,
196,0,0,500,1.0,
197,0,0,500,1.0,
198,0,0,500,1.0,
199,0,0,500,1.0,
200,0,0,500,1.0,
1,499,1,0,1.0,1.0
2,498,2,0,0.9981666666666666,0.999071983801336
3,498,2,0,0.9981666666666666,0.999071983801336
4,497,3,0,0.9955,0.9977040810904865
5,496,3,1,0.9955,0.997725137116792
6,493,6,1,0.9923333333333333,0.996118645492047
7,491,8,1,0.9885,0.9941322253838857
8,486,12,2,0.985,0.9922916071059746
9,479,19,2,0.9731666666666666,0.9859830344268031
10,466,31,3,0.9505,0.9733201648263172
11,455,42,3,0.9281666666666667,0.9603486369327688
12,432,63,5,0.8953333333333333,0.9390804441023194
13,407,84,9,0.8638333333333333,0.9161547663686702
14,370,114,16,0.8226666666666667,0.8801313097144301
15,343,136,21,0.8058333333333333,0.8583282640043728
16,315,156,29,0.7836666666666666,0.828170647485672
17,285,176,39,0.7766666666666666,0.8037395481897208
18,243,209,48,0.7658333333333334,0.7574927436197472
19,210,234,56,0.7701666666666667,0.7240228835112528
20,183,245,72,0.7758333333333334,0.6907268975310847
21,148,271,81,0.7915,0.6441980772863126
22,128,280,92,0.814,0.6316742532969954
23,110,284,106,0.8371666666666666,0.6242851430218321
24,87,292,121,0.8636666666666667,0.6003485615748602
25,73,299,128,0.8803333333333333,0.5817168857423911
26,58,298,144,0.9045,0.5800919741578089
27,49,291,160,0.9216666666666666,0.5934085701343909
28,41,288,171,0.9338333333333333,0.5897722885103585
29,38,286,176,0.9388333333333333,0.5915636685545153
30,33,273,194,0.9483333333333334,0.6047712976039722
31,27,268,205,0.9581666666666667,0.6050050539905613
32,23,258,219,0.9676666666666667,0.6405220991988478
33,23,248,229,0.969,0.655602173503875
34,17,243,240,0.9776666666666667,0.6630335691588888
35,16,238,246,0.9791666666666666,0.6641011434217956
36,14,229,257,0.9831666666666666,0.687286104164986
37,13,225,262,0.985,0.6980465186986926
38,11,215,274,0.988,0.7156096538507605
39,9,206,285,0.9906666666666667,0.7323781291172595
40,8,198,294,0.9923333333333333,0.7545289855072463
41,7,191,302,0.9938333333333333,0.7730331262939958
42,6,182,312,0.995,0.7856280193236714
43,6,178,316,0.9951666666666666,0.7928743961352657
44,6,170,324,0.9951666666666666,0.7928743961352657
45,5,166,329,0.9965,0.821014492753623
46,5,161,334,0.9966666666666667,0.8297101449275361
47,5,154,341,0.997,0.8467391304347827
48,5,151,344,0.997,0.8467391304347827
49,4,147,349,0.9973333333333333,0.8301630434782609
50,4,138,358,0.9976666666666667,0.8514492753623188
51,4,129,367,0.9978333333333333,0.8623188405797102
52,4,124,372,0.9978333333333333,0.8623188405797102
53,3,120,377,0.9985,0.8743961352657005
54,3,111,386,0.9986666666666667,0.8882850241545895
55,3,108,389,0.9986666666666667,0.8882850241545895
56,3,106,391,0.9986666666666667,0.8882850241545895
57,3,100,397,0.9986666666666667,0.8882850241545895
58,3,98,399,0.9986666666666667,0.8882850241545895
59,3,93,404,0.9988333333333334,0.9027777777777778
60,3,91,406,0.9988333333333334,0.9027777777777778
61,3,88,409,0.9988333333333334,0.9027777777777778
62,3,86,411,0.9988333333333334,0.9027777777777778
63,3,81,416,0.9988333333333334,0.9027777777777778
64,3,78,419,0.9988333333333334,0.9027777777777778
65,3,74,423,0.9988333333333334,0.9027777777777778
66,3,73,424,0.999,0.9166666666666666
67,3,70,427,0.999,0.9166666666666666
68,3,65,432,0.999,0.9166666666666666
69,3,65,432,0.999,0.9166666666666666
70,3,64,433,0.999,0.9166666666666666
71,3,62,435,0.999,0.9166666666666666
72,3,61,436,0.999,0.9166666666666666
73,3,58,439,0.999,0.9166666666666666
74,1,60,439,1.0,1.0
75,1,59,440,1.0,1.0
76,1,52,447,1.0,1.0
77,1,51,448,1.0,1.0
78,1,50,449,1.0,1.0
79,1,46,453,1.0,1.0
80,1,45,454,1.0,1.0
81,1,43,456,1.0,1.0
82,1,41,458,1.0,1.0
83,1,38,461,1.0,1.0
84,1,36,463,1.0,1.0
85,1,34,465,1.0,1.0
86,1,33,466,1.0,1.0
87,1,30,469,1.0,1.0
88,1,29,470,1.0,1.0
89,1,29,470,1.0,1.0
90,1,29,470,1.0,1.0
91,1,27,472,1.0,1.0
92,1,26,473,1.0,1.0
93,1,26,473,1.0,1.0
94,1,25,474,1.0,1.0
95,1,24,475,1.0,1.0
96,1,21,478,1.0,1.0
97,1,21,478,1.0,1.0
98,1,21,478,1.0,1.0
99,1,20,479,1.0,1.0
100,1,19,480,1.0,1.0
101,1,18,481,1.0,1.0
102,1,18,481,1.0,1.0
103,1,18,481,1.0,1.0
104,1,18,481,1.0,1.0
105,1,18,481,1.0,1.0
106,1,18,481,1.0,1.0
107,1,18,481,1.0,1.0
108,1,15,484,1.0,1.0
109,1,13,486,1.0,1.0
110,1,12,487,1.0,1.0
111,1,12,487,1.0,1.0
112,1,12,487,1.0,1.0
113,1,12,487,1.0,1.0
114,1,11,488,1.0,1.0
115,1,11,488,1.0,1.0
116,1,10,489,1.0,1.0
117,1,9,490,1.0,1.0
118,1,9,490,1.0,1.0
119,1,9,490,1.0,1.0
120,1,9,490,1.0,1.0
121,1,8,491,1.0,1.0
122,1,8,491,1.0,1.0
123,1,8,491,1.0,1.0
124,1,7,492,1.0,1.0
125,1,5,494,1.0,1.0
126,1,5,494,1.0,1.0
127,1,5,494,1.0,1.0
128,1,4,495,1.0,1.0
129,1,4,495,1.0,1.0
130,1,4,495,1.0,1.0
131,1,4,495,1.0,1.0
132,1,4,495,1.0,1.0
133,1,4,495,1.0,1.0
134,1,4,495,1.0,1.0
135,1,3,496,1.0,1.0
136,1,3,496,1.0,1.0
137,1,3,496,1.0,1.0
138,1,3,496,1.0,1.0
139,1,3,496,1.0,1.0
140,1,3,496,1.0,1.0
141,1,3,496,1.0,1.0
142,1,3,496,1.0,1.0
143,1,3,496,1.0,1.0
144,1,3,496,1.0,1.0
145,1,3,496,1.0,1.0
146,1,3,496,1.0,1.0
147,1,3,496,1.0,1.0
148,1,3,496,1.0,1.0
149,1,2,497,1.0,1.0
150,1,2,497,1.0,1.0
151,1,2,497,1.0,1.0
152,1,2,497,1.0,1.0
153,1,2,497,1.0,1.0
154,1,2,497,1.0,1.0
155,1,2,497,1.0,1.0
156,1,2,497,1.0,1.0
157,1,2,497,1.0,1.0
158,1,2,497,1.0,1.0
159,1,2,497,1.0,1.0
160,1,2,497,1.0,1.0
161,1,2,497,1.0,1.0
162,1,2,497,1.0,1.0
163,1,2,497,1.0,1.0
164,1,2,497,1.0,1.0
165,1,2,497,1.0,1.0
166,1,1,498,1.0,1.0
167,1,1,498,1.0,1.0
168,1,1,498,1.0,1.0
169,1,1,498,1.0,1.0
170,1,1,498,1.0,1.0
171,1,1,498,1.0,1.0
172,1,1,498,1.0,1.0
173,1,1,498,1.0,1.0
174,1,1,498,1.0,1.0
175,1,1,498,1.0,1.0
176,1,1,498,1.0,1.0
177,1,1,498,1.0,1.0
178,1,1,498,1.0,1.0
179,1,1,498,1.0,1.0
180,1,1,498,1.0,1.0
181,1,1,498,1.0,1.0
182,1,1,498,1.0,1.0
183,1,1,498,1.0,1.0
184,1,1,498,1.0,1.0
185,1,1,498,1.0,1.0
186,1,1,498,1.0,1.0
187,1,1,498,1.0,1.0
188,1,1,498,1.0,1.0
189,1,1,498,1.0,1.0
190,1,1,498,1.0,1.0
191,1,1,498,1.0,1.0
192,1,1,498,1.0,1.0
193,1,1,498,1.0,1.0
194,1,1,498,1.0,1.0
195,1,1,498,1.0,1.0
196,1,1,498,1.0,1.0
197,1,1,498,1.0,1.0
198,1,1,498,1.0,1.0
199,1,1,498,1.0,1.0
200,1,0,499,1.0,1.0
1,498,2,0,0.9981666666666666,1.0
2,495,5,0,0.9951666666666666,0.9984876982329033
3,491,9,0,0.9871666666666666,0.9944414220334975
4,477,21,2,0.9666666666666667,0.9834849785252254
5,468,29,3,0.954,0.9763661827380609
6,451,45,4,0.9275,0.9607299653044773
7,435,55,10,0.9183333333333333,0.9539145122470679
8,412,71,17,0.8958333333333334,0.9375029621999352
9,394,85,21,0.8788333333333334,0.9237082524612962
10,372,104,24,0.8495,0.8993608578734849
11,345,128,27,0.8255,0.8736376693105021
12,318,149,33,0.8073333333333333,0.8485798898595417
13,287,173,40,0.7906666666666666,0.8172946344239372
14,259,192,49,0.7841666666666667,0.7909118338349491
15,229,212,59,0.7843333333333333,0.7639416174956618
16,199,238,63,0.7771666666666667,0.7191059711498019
17,178,253,69,0.7835,0.694387870513679
18,148,271,81,0.8006666666666666,0.6602291256983457
19,123,285,92,0.821,0.6316409064047359
20,106,294,100,0.8386666666666667,0.616097864252861
21,83,305,112,0.8636666666666667,0.5858771647610322
22,68,312,120,0.8848333333333334,0.5714851804905583
23,54,312,134,0.9081666666666667,0.5678379730885139
24,44,311,145,0.9235,0.5591440917361454
25,31,310,159,0.9466666666666667,0.5634658115212221
26,25,306,169,0.9563333333333334,0.554790949508531
27,15,309,176,0.9725,0.5329360087996755
28,10,299,191,0.9823333333333333,0.539144571848437
29,9,290,201,0.9843333333333333,0.5434428242786338
30,7,281,212,0.9883333333333333,0.569018557106728
31,7,267,226,0.9885,0.5752354552430841
32,7,255,238,0.989,0.5939096985087295
33,6,249,245,0.9908333333333333,0.6073108818096292
34,5,238,257,0.9925,0.6127572613587824
35,5,226,269,0.993,0.638204909339414
36,3,221,276,0.9958333333333333,0.6270589529351908
37,3,208,289,0.996,0.6422244165708473
38,3,199,298,0.9963333333333333,0.6718959758580015
39,3,189,308,0.9966666666666667,0.7015675351451555
40,3,181,316,0.9968333333333333,0.716732998780812
41,3,168,329,0.9968333333333333,0.716732998780812
42,3,161,336,0.9968333333333333,0.716732998780812
43,3,155,342,0.9968333333333333,0.716732998780812
44,2,148,350,0.9983333333333333,0.7793729572759153
45,2,142,356,0.9983333333333333,0.7793729572759153
46,2,135,363,0.9983333333333333,0.7793729572759153
47,2,128,370,0.9985,0.8021211527294
48,2,122,376,0.9985,0.8021211527294
49,1,118,381,0.9991666666666666,0.7833291651808691
50,1,115,384,0.9991666666666666,0.7833291651808691
51,1,108,391,0.9991666666666666,0.7833291651808691
52,1,102,397,0.9993333333333333,0.8268474521353619
53,1,97,402,0.9995,0.8703657390898546
54,1,94,405,0.9995,0.8703657390898546
55,1,92,407,0.9995,0.8703657390898546
56,1,90,409,0.9995,0.8703657390898546
57,1,90,409,0.9995,0.8703657390898546
58,1,88,411,0.9995,0.8703657390898546
59,1,84,415,0.9995,0.8703657390898546
60,0,82,418,1.0,
61,0,79,421,1.0,
62,0,72,428,1.0,
63,0,68,432,1.0,
64,0,65,435,1.0,
65,0,61,439,1.0,
66,0,60,440,1.0,
67,0,59,441,1.0,
68,0,56,444,1.0,
69,0,51,449,1.0,
70,0,49,451,1.0,
71,0,48,452,1.0,
72,0,46,454,1.0,
73,0,42,458,1.0,
74,0,40,460,1.0,
75,0,40,460,1.0,
76,0,39,461,1.0,
77,0,38,462,1.0,
78,0,37,463,1.0,
79,0,35,465,1.0,
80,0,34,466,1.0,
81,0,32,468,1.0,
82,0,29,471,1.0,
83,0,28,472,1.0,
84,0,25,475,1.0,
85,0,23,477,1.0,
86,0,21,479,1.0,
87,0,21,479,1.0,
88,0,21,479,1.0,
89,0,19,481,1.0,
90,0,17,483,1.0,
91,0,17,483,1.0,
92,0,17,483,1.0,
93,0,15,485,1.0,
94,0,14,486,1.0,
95,0,14,486,1.0,
96,0,14,486,1.0,
97,0,13,487,1.0,
98,0,13,487,1.0,
99,0,12,488,1.0,
100,0,12,488,1.0,
101,0,12,488,1.0,
102,0,12,488,1.0,
103,0,12,488,1.0,
104,0,11,489,1.0,
105,0,11,489,1.0,
106,0,11,489,1.0,
107,0,11,489,1.0,
108,0,10,490,1.0,
109,0,10,490,1.0,
110,0,10,490,1.0,
111,0,10,490,1.0,
112,0,10,490,1.0,
113,0,10,490,1.0,
114,0,10,490,1.0,
115,0,10,490,1.0,
116,0,10,490,1.0,
117,0,9,491,1.0,
118,0,7,493,1.0,
119,0,6,494,1.0,
120,0,6,494,1.0,
121,0,6,494,1.0,
122,0,6,494,1.0,
123,0,6,494,1.0,
124,0,5,495,1.0,
125,0,5,495,1.0,
126,0,5,495,1.0,
127,0,5,495,1.0,
128,0,5,495,1.0,
129,0,5,495,1.0,
130,0,5,495,1.0,
131,0,5,495,1.0,
132,0,5,495,1.0,
133,0,5,495,1.0,
134,0,5,495,1.0,
135,0,5,495,1.0,
136,0,5,495,1.0,
137,0,5,495,1.0,
138,0,5,495,1.0,
139,0,5,495,1.0,
140,0,5,495,1.0,
141,0,5,495,1.0,
142,0,5,495,1.0,
143,0,5,495,1.0,
144,0,4,496,1.0,
145,0,4,496,1.0,
146,0,4,496,1.0,
147,0,4,496,1.0,
148,0,4,496,1.0,
149,0,4,496,1.0,
150,0,3,497,1.0,
151,0,3,497,1.0,
152,0,3,497,1.0,
153,0,3,497,1.0,
154,0,3,497,1.0,
155,0,3,497,1.0,
156,0,3,497,1.0,
157,0,3,497,1.0,
158,0,2,498,1.0,
159,0,2,498,1.0,
160,0,2,498,1.0,
161,0,2,498,1.0,
162,0,2,498,1.0,
163,0,2,498,1.0,
164,0,2,498,1.0,
165,0,2,498,1.0,
166,0,2,498,1.0,
167,0,2,498,1.0,
168,0,2,498,1.0,
169,0,2,498,1.0,
170,0,2,498,1.0,
171,0,2,498,1.0,
172,0,2,498,1.0,
173,0,2,498,1.0,
174,0,1,499,1.0,
175,0,1,499,1.0,
176,0,1,499,1.0,
177,0,1,499,1.0,
178,0,1,499,1.0,
179,0,1,499,1.0,
180,0,1,499,1.0,
181,0,1,499,1.0,
182,0,1,499,1.0,
183,0,1,499,1.0,
184,0,1,499,1.0,
185,0,1,499,1.0,
186,0,1,499,1.0,
187,0,1,499,1.0,
188,0,1,499,1.0,
189,0,1,499,1.0,
190,0,1,499,1.0,
191,0,1,499,1.0,
192,0,1,499,1.0,
193,0,1,499,1.0,
194,0,1,499,1.0,
195,0,1,499,1.0,
196,0,1,499,1.0,
197,0,1,499,1.0,
198,0,1,499,1.0,
199,0,0,500,1.0,
200,0,0,500,1.0,
1,499,1,0,1.0,1.0
2,499,1,0,1.0,1.0
3,498,2,0,0.9981666666666666,0.9991104615301403
4,495,5,0,0.991,0.9954526693235521
5,493,7,0,0.9885,0.9941966105022811
6,490,10,0,0.9855,0.9925931536832158
7,489,10,1,0.986,0.9928268138475305
8,483,16,1,0.976,0.9875981328060723
9,476,23,1,0.9641666666666666,0.9812119850811849
10,465,33,2,0.9456666666666667,0.9707371573070498
11,451,46,3,0.9255,0.9587496421542956
12,435,61,4,0.9026666666666666,0.9441533568466571
13,416,79,5,0.875,0.9249599033947905
14,391,102,7,0.8425,0.8995093728441889
15,369,115,16,0.8243333333333334,0.881170435615469
16,341,141,18,0.7906666666666666,0.8466621991115171
17,306,169,25,0.778,0.8188618494742393
18,283,186,31,0.7631666666666667,0.7908544698957973
19,253,208,39,0.7691666666666667,0.7721249905250592
20,216,235,49,0.7663333333333333,0.7303697589536962
21,185,256,59,0.78,0.7016466677771025
22,149,284,67,0.8,0.6641510647054855
23,125,297,78,0.8205,0.6401648180482962
24,100,305,95,0.8463333333333334,0.616046610072697
25,83,306,111,0.869,0.6044280513348087
26,72,307,121,0.8825,0.5923071679170713
27,56,312,132,0.9068333333333334,0.5831817210854479
28,46,313,141,0.9213333333333333,0.5708936264323788
29,37,311,152,0.9375,0.5759988020857586
30,32,304,164,0.9485,0.597389360086371
31,28,298,174,0.9541666666666667,0.5914752259472758
32,25,289,186,0.9595,0.5983284058936232
33,21,280,199,0.9671666666666666,0.6195104243965527
34,18,267,215,0.9721666666666666,0.6252531468352724
35,14,261,225,0.9781666666666666,0.6197260739030925
36,11,254,235,0.983,0.6182724426795573
37,10,242,248,0.9851666666666666,0.6384475130344696
38,6,235,259,0.9908333333333333,0.634773590606924
39,4,227,269,0.9941666666666666,0.6462163299663299
40,3,224,273,0.9956666666666667,0.6482884399551067
41,2,219,279,0.9973333333333333,0.6553030303030303
42,2,208,290,0.9973333333333333,0.6553030303030303
43,2,197,301,0.9975,0.6761363636363636
44,2,192,306,0.9976666666666667,0.6988636363636364
45,1,187,312,0.9988333333333334,0.7083333333333334
46,1,179,320,0.999,0.75
47,1,172,327,0.999,0.75
48,1,165,334,0.999,0.75
49,1,160,339,0.999,0.75
50,1,152,347,0.999,0.75
51,1,146,353,0.9991666666666666,0.7916666666666666
52,1,139,360,0.9991666666666666,0.7916666666666666
53,1,131,368,0.9993333333333333,0.8333333333333334
54,1,126,373,0.9995,0.875
55,1,120,379,0.9996666666666667,0.9166666666666666
56,1,117,382,0.9996666666666667,0.9166666666666666
57,1,111,388,0.9996666666666667,0.9166666666666666
58,1,104,395,0.9996666666666667,0.9166666666666666
59,1,100,399,0.9998333333333334,0.9583333333333334
60,1,95,404,0.9998333333333334,0.9583333333333334
61,1,88,411,0.9998333333333334,0.9583333333333334
62,1,84,415,0.9998333333333334,0.9583333333333334
63,1,81,418,0.9998333333333334,0.9583333333333334
64,1,78,421,0.9998333333333334,0.9583333333333334
65,1,76,423,0.9998333333333334,0.9583333333333334
66,1,71,428,0.9998333333333334,0.9583333333333334
67,1,65,434,0.9998333333333334,0.9583333333333334
68,1,64,435,0.9998333333333334,0.9583333333333334
69,1,59,440,0.9998333333333334,0.9583333333333334
70,1,57,442,0.9998333333333334,0.9583333333333334
71,1,57,442,0.9998333333333334,0.9583333333333334
72,1,54,445,0.9998333333333334,0.9583333333333334
73,1,53,446,0.9998333333333334,0.9583333333333334
74,0,52,448,1.0,
75,0,49,451,1.0,
76,0,47,453,1.0,
77,0,47,453,1.0,
78,0,44,456,1.0,
79,0,42,458,1.0,
80,0,35,465,1.0,
81,0,35,465,1.0,
82,0,34,466,1.0,
83,0,32,468,1.0,
84,0,30,470,1.0,
85,0,30,470,1.0,
86,0,30,470,1.0,
87,0,29,471,1.0,
88,0,28,472,1.0,
89,0,28,472,1.0,
90,0,27,473,1.0,
91,0,25,475,1.0,
92,0,23,477,1.0,
93,0,20,480,1.0,
94,0,19,481,1.0,
95,0,19,481,1.0,
96,0,19,481,1.0,
97,0,19,481,1.0,
98,0,18,482,1.0,
99,0,18,482,1.0,
100,0,18,482,1.0,
101,0,18,482,1.0,
102,0,18,482,1.0,
103,0,17,483,1.0,
104,0,17,483,1.0,
105,0,16,484,1.0,
106,0,16,484,1.0,
107,0,16,484,1.0,
108,0,16,484,1.0,
109,0,16,484,1.0,
110,0,13,487,1.0,
111,0,13,487,1.0,
112,0,12,488,1.0,
113,0,12,488,1.0,
114,0,12,488,1.0,
115,0,12,488,1.0,
116,0,12,488,1.0,
117,0,12,488,1.0,
118,0,11,489,1.0,
119,0,11,489,1.0,
120,0,10,490,1.0,
121,0,10,490,1.0,
122,0,10,490,1.0,
123,0,10,490,1.0,
124,0,10,490,1.0,
125,0,10,490,1.0,
126,0,9,491,1.0,
127,0,9,491,1.0,
128,0,9,491,1.0,
129,0,9,491,1.0,
130,0,8,492,1.0,
131,0,8,492,1.0,
132,0,7,493,1.0,
133,0,7,493,1.0,
134,0,6,494,1.0,
135,0,6,494,1.0,
136,0,6,494,1.0,
137,0,6,494,1.0,
138,0,6,494,1.0,
139,0,6,494,1.0,
140,0,6,494,1.0,
141,0,6,494,1.0,
142,0,6,494,1.0,
143,0,5,495,1.0,
144,0,5,495,1.0,
145,0,5,495,1.0,
146,0,5,495,1.0,
147,0,5,495,1.0,
148,0,4,496,1.0,
149,0,3,497,1.0,
150,0,3,497,1.0,
151,0,3,497,1.0,
152,0,3,497,1.0,
153,0,3,497,1.0,
154,0,3,497,1.0,
155,0,3,497,1.0,
156,0,2,498,1.0,
157,0,2,498,1.0,
158,0,2,498,1.0,
159,0,2,498,1.0,
160,0,2,498,1.0,
161,0,2,498,1.0,
162,0,2,498,1.0,
163,0,2,498,1.0,
164,0,2,498,1.0,
165,0,2,498,1.0,
166,0,1,499,1.0,
167,0,1,499,1.0,
168,0,1,499,1.0,
169,0,1,499,1.0,
170,0,1,499,1.0,
171,0,1,499,1.0,
172,0,1,499,1.0,
173,0,1,499,1.0,
174,0,1,499,1.0,
175,0,0,500,1.0,
176,0,0,500,1.0,
177,0,0,500,1.0,
178,0,0,500,1.0,
179,0,0,500,1.0,
180,0,0,500,1.0,
181,0,0,500,1.0,
182,0,0,500,1.0,
183,0,0,500,1.0,
184,0,0,500,1.0,
185,0,0,500,1.0,
186,0,0,500,1.0,
187,0,0,500,1.0,
188,0,0,500,1.0,
189,0,0,500,1.0,
190,0,0,500,1.0,
191,0,0,500,1.0,
192,0,0,500,1.0,
193,0,0,500,1.0,
194,0,0,500,1.0,
195,0,0,500,1.0,
196,0,0,500,1.0,
197,0,0,500,1.0,
198,0,0,500,1.0,
199,0,0,500,1.0,
200,0,0,500,1.0,
1,498,2,0,0.9981666666666666,1.0
2,493,7,0,0.991,0.9963776636813713
3,491,8,1,0.9915,0.9966210300685463
4,483,16,1,0.9775,0.9893387920148039
5,475,23,2,0.9625,0.9812861163039737
6,464,34,2,0.9428333333333333,0.9701124254186941
7,454,43,3,0.9315,0.9632256510762448
8,432,63,5,0.8976666666666666,0.941720127873849
9,413,77,10,0.882,0.929349518720806
10,395,91,14,0.8635,0.9145590763937026
11,370,111,19,0.8383333333333334,0.8917274655553042
12,342,135,23,0.8108333333333333,0.8629495580417895
13,308,160,32,0.7961666666666667,0.8356863317951737
14,270,190,40,0.785,0.8026914955471827
15,248,205,47,0.7756666666666666,0.7749822748583182
16,220,220,60,0.7835,0.7538836831854809
17,189,245,66,0.7976666666666666,0.7322807458193556
18,165,260,75,0.8065,0.7068871454105119
19,135,279,86,0.8183333333333334,0.6614290461576434
20,116,286,98,0.8425,0.6599806912532439
21,97,292,111,0.857,0.6299091890453855
22,81,292,127,0.8795,0.6262117397658953
23,68,295,137,0.896,0.6167030342571284
24,56,297,147,0.9116666666666666,0.6033103558070095
25,51,295,154,0.9181666666666667,0.5959722849796454
26,40,295,165,0.9343333333333333,0.5862330347417379
27,32,294,174,0.9471666666666667,0.5812267606208709
28,27,289,184,0.9555,0.584559211253912
29,22,292,186,0.9645,0.5929538081198515
30,18,285,197,0.9705,0.5857215990098429
31,14,286,200,0.9771666666666666,0.587217352340725
32,11,276,213,0.9821666666666666,0.5929769683130842
33,10,262,228,0.9838333333333333,0.5950319993974152
34,7,255,238,0.989,0.5970843851081393
35,6,245,249,0.9908333333333333,0.6075014461164879
36,4,240,256,0.994,0.6146160190250742
37,4,232,264,0.994,0.6146160190250742
38,3,224,273,0.9961666666666666,0.6744272246356268
39,3,217,280,0.9963333333333333,0.6895926719847912
40,2,207,291,0.9981666666666666,0.7576130001821745
41,2,201,297,0.9981666666666666,0.7576130001821745
42,1,194,305,0.999,0.7398100837288073
43,1,189,310,0.999,0.7398100837288073
44,1,183,316,0.999,0.7398100837288073
45,1,180,319,0.999,0.7398100837288073
46,1,174,325,0.999,0.7398100837288073
47,1,162,337,0.999,0.7398100837288073
48,1,159,340,0.999,0.7398100837288073
49,1,154,345,0.999,0.7398100837288073
50,1,145,354,0.999,0.7398100837288073
51,1,141,358,0.999,0.7398100837288073
52,1,134,365,0.999,0.7398100837288073
53,1,124,375,0.999,0.7398100837288073
54,1,120,379,0.999,0.7398100837288073
55,1,116,383,0.999,0.7398100837288073
56,1,115,384,0.999,0.7398100837288073
57,1,112,387,0.999,0.7398100837288073
58,1,106,393,0.999,0.7398100837288073
59,1,99,400,0.999,0.7398100837288073
60,1,95,404,0.9993333333333333,0.8268465641674906
61,1,92,407,0.9993333333333333,0.8268465641674906
62,1,86,413,0.9995,0.8703648043868322
63,1,85,414,0.9995,0.8703648043868322
64,1,81,418,0.9995,0.8703648043868322
65,1,78,421,0.9996666666666667,0.9138830446061738
66,1,75,424,0.9996666666666667,0.9138830446061738
67,1,74,425,0.9996666666666667,0.9138830446061738
68,0,72,428,1.0,
69,0,69,431,1.0,
70,0,68,432,1.0,
71,0,65,435,1.0,
72,0,64,436,1.0,
73,0,64,436,1.0,
74,0,62,438,1.0,
75,0,58,442,1.0,
76,0,55,445,1.0,
77,0,51,449,1.0,
78,0,49,451,1.0,
79,0,48,452,1.0,
80,0,47,453,1.0,
81,0,47,453,1.0,
82,0,43,457,1.0,
83,0,42,458,1.0,
84,0,39,461,1.0,
85,0,38,462,1.0,
86,0,36,464,1.0,
87,0,35,465,1.0,
88,0,33,467,1.0,
89,0,32,468,1.0,
90,0,30,470,1.0,
91,0,26,474,1.0,
92,0,23,477,1.0,
93,0,21,479,1.0,
94,0,20,480,1.0,
95,0,19,481,1.0,
96,0,18,482,1.0,
97,0,18,482,1.0,
98,0,18,482,1.0,
99,0,18,482,1.0,
100,0,17,483,1.0,
101,0,16,484,1.0,
102,0,15,485,1.0,
103,0,15,485,1.0,
104,0,15,485,1.0,
105,0,14,486,1.0,
106,0,13,487,1.0,
107,0,13,487,1.0,
108,0,12,488,1.0,
109,0,11,489,1.0,
110,0,10,490,1.0,
111,0,9,491,1.0,
112,0,9,491,1.0,
113,0,8,492,1.0,
114,0,8,492,1.0,
115,0,8,492,1.0,
116,0,7,493,1.0,
117,0,7,493,1.0,
118,0,6,494,1.0,
119,0,5,495,1.0,
120,0,5,495,1.0,
121,0,4,496,1.0,
122,0,4,496,1.0,
123,0,4,496,1.0,
124,0,4,496,1.0,
125,0,4,496,1.0,
126,0,4,496,1.0,
127,0,3,497,1.0,
128,0,3,497,1.0,
129,0,3,497,1.0,
130,0,3,497,1.0,
131,0,2,498,1.0,
132,0,2,498,1.0,
133,0,2,498,1.0,
134,0,2,498,1.0,
135,0,2,498,1.0,
136,0,2,498,1.0,
137,0,2,498,1.0,
138,0,2,498,1.0,
139,0,2,498,1.0,
140,0,2,498,1.0,
141,0,2,498,1.0,
142,0,2,498,1.0,
143,0,2,498,1.0,
144,0,2,498,1.0,
145,0,2,498,1.0,
146,0,2,498,1.0,
147,0,2,498,1.0,
148,0,2,498,1.0,
149,0,2,498,1.0,
150,0,2,498,1.0,
151,0,2,498,1.0,
152,0,2,498,1.0,
153,0,2,498,1.0,
154,0,2,498,1.0,
155,0,2,498,1.0,
156,0,2,498,1.0,
157,0,2,498,1.0,
158,0,2,498,1.0,
159,0,2,498,1.0,
160,0,2,498,1.0,
161,0,2,498,1.0,
162,0,2,498,1.0,
163,0,2,498,1.0,
164,0,2,498,1.0,
165,0,2,498,1.0,
166,0,2,498,1.0,
167,0,2,498,1.0,
168,0,2,498,1.0,
169,0,2,498,1.0,
170,0,2,498,1.0,
171,0,2,498,1.0,
172,0,2,498,1.0,
173,0,2,498,1.0,
174,0,2,498,1.0,
175,0,2,498,1.0,
176,0,2,498,1.0,
177,0,2,498,1.0,
178,0,2,498,1.0,
179,0,2,498,1.0,
180,0,2,498,1.0,
181,0,2,498,1.0,
182,0,2,498,1.0,
183,0,2,498,1.0,
184,0,2,498,1.0,
185,0,2,498,1.0,
186,0,2,498,1.0,
187,0,2,498,1.0,
188,0,2,498,1.0,
189,0,2,498,1.0,
190,0,2,498,1.0,
191,0,1,499,1.0,
192,0,1,499,1.0,
193,0,1,499,1.0,
194,0,1,499,1.0,
195,0,1,499,1.0,
196,0,1,499,1.0,
197,0,1,499,1.0,
198,0,1,499,1.0,
199,0,1,499,1.0,
200,0,1,499,1.0,
1,498,2,0,0.998,1.0
2,497,3,0,0.9961666666666666,0.9990728343066875
3,494,5,1,0.991,0.9964886367106849
4,490,9,1,0.9863333333333333,0.9940471778052078
5,485,14,1,0.9776666666666667,0.9895087945409993
6,481,17,2,0.9765,0.9887608232515519
7,475,22,3,0.9686666666666667,0.9845135678648294
8,466,31,3,0.9523333333333334,0.9754176029168121
9,453,41,6,0.9368333333333333,0.9661930894344128
10,437,57,6,0.9096666666666666,0.9492145639680492
11,410,82,8,0.867,0.9196672962757217
12,382,103,15,0.8401666666666666,0.8962547824926479
13,360,118,22,0.823,0.8778670670375761
14,332,140,28,0.8035,0.8531011768844976
15,302,163,35,0.7768333333333334,0.8165057411887191
16,275,182,43,0.761,0.7839205947137885
17,245,206,49,0.753,0.748951122541665
18,224,217,59,0.7543333333333333,0.7264887463208278
19,195,238,67,0.7593333333333333,0.6909618752182225
20,162,261,77,0.7821666666666667,0.6629098573851883
21,142,274,84,0.7956666666666666,0.6382723797029122
22,120,285,95,0.82,0.623338275218736
23,96,289,115,0.8516666666666667,0.6127098822537784
24,78,297,125,0.8713333333333333,0.5861285876309275
25,53,310,137,0.9055,0.555036732729098
26,40,310,150,0.9286666666666666,0.5570588369655988
27,28,306,166,0.9505,0.5605799472906725
28,21,300,179,0.9643333333333334,0.5727235265711415
29,15,291,194,0.9751666666666666,0.5838009246273828
30,11,283,206,0.9826666666666667,0.5994686665824522
31,9,268,223,0.9861666666666666,0.6130137907685326
32,8,260,232,0.9885,0.6375235483826734
33,8,249,243,0.9888333333333333,0.648486815163343
34,8,241,251,0.9888333333333333,0.648486815163343
35,8,232,260,0.9893333333333333,0.6648902663106018
36,5,227,268,0.9935,0.6771071070031726
37,5,213,282,0.9938333333333333,0.6931230097784115
38,5,208,287,0.994,0.7011309611660309
39,5,197,298,0.9946666666666667,0.7348891185555065
40,4,190,306,0.9951666666666666,0.6983927350348477
41,3,188,309,0.9965,0.708747219279256
42,3,180,317,0.9968333333333333,0.7365526060418236
43,3,173,324,0.997,0.7504552994231074
44,3,162,335,0.997,0.7504552994231074
45,3,152,345,0.997,0.7504552994231074
46,3,143,354,0.9971666666666666,0.7649624577340123
47,2,137,361,0.998,0.7557504122065877
48,2,128,370,0.9981666666666666,0.7757702906756364
49,2,125,373,0.9981666666666666,0.7757702906756364
50,2,123,375,0.9981666666666666,0.7757702906756364
51,2,117,381,0.9981666666666666,0.7757702906756364
52,2,111,387,0.9981666666666666,0.7757702906756364
53,2,108,390,0.9981666666666666,0.7757702906756364
54,2,104,394,0.9983333333333333,0.7966243307475621
55,2,101,397,0.9983333333333333,0.7966243307475621
56,2,99,399,0.9983333333333333,0.7966243307475621
57,2,97,401,0.9983333333333333,0.7966243307475621
58,2,93,405,0.9983333333333333,0.7966243307475621
59,2,89,409,0.9985,0.8166442092166107
60,2,83,415,0.9985,0.8166442092166107
61,1,80,419,0.9991666666666666,0.7924535227331769
62,1,77,422,0.9991666666666666,0.7924535227331769
63,1,69,430,0.9993333333333333,0.8341616028770285
64,1,68,431,0.9993333333333333,0.8341616028770285
65,0,64,436,1.0,
66,0,58,442,1.0,
67,0,55,445,1.0,
68,0,54,446,1.0,
69,0,53,447,1.0,
70,0,53,447,1.0,
71,0,50,450,1.0,
72,0,44,456,1.0,
73,0,43,457,1.0,
74,0,43,457,1.0,
75,0,40,460,1.0,
76,0,39,461,1.0,
77,0,37,463,1.0,
78,0,34,466,1.0,
79,0,32,468,1.0,
80,0,29,471,1.0,
81,0,27,473,1.0,
82,0,25,475,1.0,
83,0,25,475,1.0,
84,0,22,478,1.0,
85,0,20,480,1.0,
86,0,18,482,1.0,
87,0,17,483,1.0,
88,0,17,483,1.0,
89,0,16,484,1.0,
90,0,15,485,1.0,
91,0,12,488,1.0,
92,0,11,489,1.0,
93,0,11,489,1.0,
94,0,11,489,1.0,
95,0,11,489,1.0,
96,0,11,489,1.0,
97,0,11,489,1.0,
98,0,11,489,1.0,
99,0,10,490,1.0,
100,0,9,491,1.0,
101,0,8,492,1.0,
102,0,7,493,1.0,
103,0,6,494,1.0,
104,0,6,494,1.0,
105,0,5,495,1.0,
106,0,4,496,1.0,
107,0,4,496,1.0,
108,0,4,496,1.0,
109,0,3,497,1.0,
110,0,3,497,1.0,
111,0,3,497,1.0,
112,0,3,497,1.0,
113,0,3,497,1.0,
114,0,3,497,1.0,
115,0,3,497,1.0,
116,0,3,497,1.0,
117,0,3,497,1.0,
118,0,3,497,1.0,
119,0,3,497,1.0,
120,0,1,499,1.0,
121,0,0,500,1.0,
122,0,0,500,1.0,
123,0,0,500,1.0,
124,0,0,500,1.0,
125,0,0,500,1.0,
126,0,0,500,1.0,
127,0,0,500,1.0,
128,0,0,500,1.0,
129,0,0,500,1.0,
130,0,0,500,1.0,
131,0,0,500,1.0,
132,0,0,500,1.0,
133,0,0,500,1.0,
134,0,0,500,1.0,
135,0,0,500,1.0,
136,0,0,500,1.0,
137,0,0,500,1.0,
138,0,0,500,1.0,
139,0,0,500,1.0,
140,0,0,500,1.0,
141,0,0,500,1.0,
142,0,0,500,1.0,
143,0,0,500,1.0,
144,0,0,500,1.0,
145,0,0,500,1.0,
146,0,0,500,1.0,
147,0,0,500,1.0,
148,0,0,500,1.0,
149,0,0,500,1.0,
150,0,0,500,1.0,
151,0,0,500,1.0,
152,0,0,500,1.0,
153,0,0,500,1.0,
154,0,0,500,1.0,
155,0,0,500,1.0,
156,0,0,500,1.0,
157,0,0,500,1.0,
158,0,0,500,1.0,
159,0,0,500,1.0,
160,0,0,500,1.0,
161,0,0,500,1.0,
162,0,0,500,1.0,
163,0,0,500,1.0,
164,0,0,500,1.0,
165,0,0,500,1.0,
166,0,0,500,1.0,
167,0,0,500,1.0,
168,0,0,500,1.0,
169,0,0,500,1.0,
170,0,0,500,1.0,
171,0,0,500,1.0,
172,0,0,500,1.0,
173,0,0,500,1.0,
174,0,0,500,1.0,
175,0,0,500,1.0,
176,0,0,500,1.0,
177,0,0,500,1.0,
178,0,0,500,1.0,
179,0,0,500,1.0,
180,0,0,500,1.0,
181,0,0,500,1.0,
182,0,0,500,1.0,
183,0,0,500,1.0,
184,0,0,500,1.0,
185,0,0,500,1.0,
186,0,0,500,1.0,
187,0,0,500,1.0,
188,0,0,500,1.0,
189,0,0,500,1.0,
190,0,0,500,1.0,
191,0,0,500,1.0,
192,0,0,500,1.0,
193,0,0,500,1.0,
194,0,0,500,1.0,
195,0,0,500,1.0,
196,0,0,500,1.0,
197,0,0,500,1.0,
198,0,0,500,1.0,
199,0,0,500,1.0,
200,0,0,500,1.0,
1,498,2,0,0.9998333333333334,1.0
2,495,4,1,0.9946666666666667,0.9973548274821661
3,491,8,1,0.987,0.9933990985664355
4,487,12,1,0.9806666666666667,0.9900031374522235
5,483,15,2,0.9763333333333334,0.9877311349507352
6,473,24,3,0.9633333333333334,0.9805248611002302
7,463,32,5,0.9521666666666667,0.9741706406358707
8,451,43,6,0.9355,0.9643316804700475
9,429,64,7,0.9033333333333333,0.9438645936422275
10,416,75,9,0.8843333333333333,0.9306533838540423
11,388,97,15,0.8601666666666666,0.9103948046509727
12,362,118,20,0.8355,0.8873719498717396
13,330,142,28,0.8091666666666667,0.8559911563011453
14,305,160,35,0.7975,0.8345008324732268
15,270,189,41,0.7778333333333334,0.7941735193313242
16,247,204,49,0.7773333333333333,0.7743719420910077
17,215,228,57,0.7663333333333333,0.7273703034475618
18,192,245,63,0.7755,0.7067901353220709
19,157,274,69,0.7896666666666666,0.6641242803386672
20,134,286,80,0.8138333333333333,0.6512558574017173
21,116,293,91,0.83,0.6311920883230837
22,93,300,107,0.8608333333333333,0.6229940378328854
23,73,302,125,0.8806666666666667,0.5863936550097812
24,58,308,134,0.9036666666666666,0.5790243386117676
25,44,311,145,0.9245,0.5605436630691755
26,36,307,157,0.939,0.5686023995008657
27,31,293,176,0.9498333333333333,0.5867353100881278
28,24,289,187,0.9623333333333334,0.6008325173823656
29,20,275,205,0.9701666666666666,0.617241144797288
30,18,269,213,0.9735,0.6243339402003778
31,14,260,226,0.98,0.6335381434023027
32,12,250,238,0.9843333333333333,0.6625123564439283
33,10,239,251,0.9881666666666666,0.6916014134338505
34,9,228,263,0.9903333333333333,0.7151224651323627
35,8,222,270,0.9923333333333333,0.7439781245534532
36,7,208,285,0.994,0.7682884604668528
37,7,202,291,0.9941666666666666,0.7745001603116123
38,6,195,299,0.9946666666666667,0.7567458379221501
39,6,189,305,0.9946666666666667,0.7567458379221501
40,4,181,315,0.997,0.7836599832949591
41,4,171,325,0.9971666666666666,0.794530458023288
42,4,165,331,0.9973333333333333,0.8054009327516172
43,4,159,337,0.9973333333333333,0.8054009327516172
44,4,153,343,0.9975,0.8201080456193565
45,3,149,348,0.9986666666666667,0.886547605621505
46,3,142,355,0.9988333333333334,0.9004376566632589
47,3,131,366,0.9988333333333334,0.9004376566632589
48,2,129,369,0.9991666666666666,0.894096546405067
49,2,123,375,0.9991666666666666,0.894096546405067
50,2,119,379,0.9991666666666666,0.894096546405067
51,2,118,380,0.9993333333333333,0.9158374958617251
52,2,114,384,0.9995,0.936672572424356
53,2,109,389,0.9995,0.936672572424356
54,2,101,397,0.9995,0.936672572424356
55,2,100,398,0.9995,0.936672572424356
56,1,99,400,0.9996666666666667,0.9167433687557525
57,1,95,404,0.9996666666666667,0.9167433687557525
58,1,89,410,0.9996666666666667,0.9167433687557525
59,1,87,412,0.9996666666666667,0.9167433687557525
60,1,81,418,0.9996666666666667,0.9167433687557525
61,1,80,419,0.9996666666666667,0.9167433687557525
62,1,77,422,0.9998333333333334,0.958413521881014
63,1,76,423,0.9998333333333334,0.958413521881014
64,1,74,425,0.9998333333333334,0.958413521881014
65,1,73,426,0.9998333333333334,0.958413521881014
66,1,71,428,0.9998333333333334,0.958413521881014
67,1,69,430,0.9998333333333334,0.958413521881014
68,1,69,430,0.9998333333333334,0.958413521881014
69,1,63,436,0.9998333333333334,0.958413521881014
70,1,61,438,0.9998333333333334,0.958413521881014
71,1,59,440,0.9998333333333334,0.958413521881014
72,1,59,440,0.9998333333333334,0.958413521881014
73,0,59,441,1.0,
74,0,55,445,1.0,
75,0,53,447,1.0,
76,0,49,451,1.0,
77,0,45,455,1.0,
78,0,43,457,1.0,
79,0,42,458,1.0,
80,0,42,458,1.0,
81,0,41,459,1.0,
82,0,38,462,1.0,
83,0,38,462,1.0,
84,0,38,462,1.0,
85,0,37,463,1.0,
86,0,36,464,1.0,
87,0,36,464,1.0,
88,0,34,466,1.0,
89,0,31,469,1.0,
90,0,31,469,1.0,
91,0,31,469,1.0,
92,0,31,469,1.0,
93,0,31,469,1.0,
94,0,31,469,1.0,
95,0,30,470,1.0,
96,0,29,471,1.0,
97,0,29,471,1.0,
98,0,28,472,1.0,
99,0,26,474,1.0,
100,0,26,474,1.0,
101,0,25,475,1.0,
102,0,24,476,1.0,
103,0,22,478,1.0,
104,0,22,478,1.0,
105,0,21,479,1.0,
106,0,21,479,1.0,
107,0,17,483,1.0,
108,0,17,483,1.0,
109,0,16,484,1.0,
110,0,14,486,1.0,
111,0,13,487,1.0,
112,0,13,487,1.0,
113,0,13,487,1.0,
114,0,12,488,1.0,
115,0,12,488,1.0,
116,0,11,489,1.0,
117,0,11,489,1.0,
118,0,11,489,1.0,
119,0,11,489,1.0,
120,0,11,489,1.0,
121,0,11,489,1.0,
122,0,11,489,1.0,
123,0,10,490,1.0,
124,0,10,490,1.0,
125,0,10,490,1.0,
126,0,10,490,1.0,
127,0,10,490,1.0,
128,0,10,490,1.0,
129,0,10,490,1.0,
130,0,9,491,1.0,
131,0,9,491,1.0,
132,0,9,491,1.0,
133,0,9,491,1.0,
134,0,8,492,1.0,
135,0,7,493,1.0,
136,0,7,493,1.0,
137,0,7,493,1.0,
138,0,7,493,1.0,
139,0,7,493,1.0,
140,0,7,493,1.0,
141,0,7,493,1.0,
142,0,7,493,1.0,
143,0,7,493,1.0,
144,0,7,493,1.0,
145,0,7,493,1.0,
146,0,7,493,1.0,
147,0,7,493,1.0,
148,0,7,493,1.0,
149,0,7,493,1.0,
150,0,7,493,1.0,
151,0,7,493,1.0,
152,0,6,494,1.0,
153,0,6,494,1.0,
154,0,5,495,1.0,
155,0,5,495,1.0,
156,0,4,496,1.0,
157,0,4,496,1.0,
158,0,4,496,1.0,
159,0,4,496,1.0,
160,0,4,496,1.0,
161,0,4,496,1.0,
162,0,4,496,1.0,
163,0,3,497,1.0,
164,0,3,497,1.0,
165,0,3,497,1.0,
166,0,2,498,1.0,
167,0,2,498,1.0,
168,0,2,498,1.0,
169,0,2,498,1.0,
170,0,2,498,1.0,
171,0,2,498,1.0,
172,0,2,498,1.0,
173,0,2,498,1.0,
174,0,2,498,1.0,
175,0,2,498,1.0,
176,0,2,498,1.0,
177,0,1,499,1.0,
178,0,1,499,1.0,
179,0,1,499,1.0,
180,0,1,499,1.0,
181,0,1,499,1.0,
182,0,1,499,1.0,
183,0,1,499,1.0,
184,0,1,499,1.0,
185,0,1,499,1.0,
186,0,1,499,1.0,
187,0,1,499,1.0,
188,0,1,499,1.0,
189,0,1,499,1.0,
190,0,1,499,1.0,
191,0,1,499,1.0,
192,0,1,499,1.0,
193,0,1,499,1.0,
194,0,1,499,1.0,
195,0,1,499,1.0,
196,0,1,499,1.0,
197,0,1,499,1.0,
198,0,1,499,1.0,
199,0,1,499,1.0,
200,0,1,499,1.0,
1,499,1,0,1.0,1.0
2,498,2,0,0.9981666666666666,0.9990665825356763
3,496,4,0,0.995,0.9974300995579922
4,493,6,1,0.994,0.996942213470126
5,488,11,1,0.985,0.992282856774571
6,482,16,2,0.9751666666666666,0.9870413688048544
7,473,25,2,0.9591666666666666,0.9783792218818416
8,463,34,3,0.9456666666666667,0.9704266241856625
9,451,43,6,0.9343333333333333,0.9632908694149415
10,435,53,12,0.9206666666666666,0.9542199397211891
11,417,67,16,0.9031666666666667,0.941625112916949
12,396,85,19,0.871,0.9181812194905081
13,365,115,20,0.8185,0.8753764438856756
14,328,146,26,0.7796666666666666,0.8317431457529548
15,295,175,30,0.756,0.7924941986695855
16,260,202,38,0.7413333333333333,0.7499280671019801
17,228,220,52,0.7471666666666666,0.7214453124283406
18,194,247,59,0.7586666666666667,0.6883647158243752
19,162,269,69,0.7773333333333333,0.6557689578368591
20,141,278,81,0.7973333333333333,0.6398241077226584
21,113,290,97,0.8223333333333334,0.6054857292679533
22,94,300,106,0.8468333333333333,0.5898232777603731
23,71,311,118,0.8798333333333334,0.5717214357845098
24,57,313,130,0.9023333333333333,0.5659552174807705
25,40,317,143,0.9328333333333333,0.5737459118980859
26,30,311,159,0.9505,0.583306174769943
27,27,301,172,0.9571666666666667,0.5983688080870045
28,25,286,189,0.9623333333333334,0.6207231988623293
29,24,275,201,0.9653333333333334,0.6369713743717367
30,20,272,208,0.9723333333333334,0.6488206286467155
31,16,269,215,0.9768333333333333,0.6312859377940899
32,13,257,230,0.9818333333333333,0.6425804630152456
33,12,247,241,0.9845,0.6669742455612021
34,9,240,251,0.988,0.657637137419746
35,9,229,262,0.9881666666666666,0.6620815818641906
36,7,224,269,0.9908333333333333,0.6596253125756232
37,6,215,279,0.9926666666666667,0.6802771503858459
38,4,206,290,0.9956666666666667,0.719820487483531
39,4,201,295,0.9956666666666667,0.719820487483531
40,3,195,302,0.9968333333333333,0.7272727272727272
41,3,189,308,0.9968333333333333,0.7272727272727272
42,3,181,316,0.9968333333333333,0.7272727272727272
43,3,176,321,0.9968333333333333,0.7272727272727272
44,3,167,330,0.997,0.7424242424242425
45,3,156,341,0.997,0.7424242424242425
46,3,150,347,0.9973333333333333,0.7702020202020202
47,3,145,352,0.9973333333333333,0.7702020202020202
48,3,135,362,0.9975,0.7840909090909092
49,3,132,365,0.9978333333333333,0.8118686868686869
50,3,130,367,0.9978333333333333,0.8118686868686869
51,2,124,374,0.9981666666666666,0.759469696969697
52,2,119,379,0.9981666666666666,0.759469696969697
53,2,117,381,0.9981666666666666,0.759469696969697
54,2,113,385,0.9981666666666666,0.759469696969697
55,2,110,388,0.9981666666666666,0.759469696969697
56,2,104,394,0.9983333333333333,0.7821969696969697
57,2,102,396,0.9983333333333333,0.7821969696969697
58,2,99,399,0.9983333333333333,0.7821969696969697
59,1,95,404,0.9993333333333333,0.8333333333333334
60,0,93,407,1.0,
61,0,90,410,1.0,
62,0,85,415,1.0,
63,0,83,417,1.0,
64,0,74,426,1.0,
65,0,72,428,1.0,
66,0,71,429,1.0,
67,0,70,430,1.0,
68,0,69,431,1.0,
69,0,63,437,1.0,
70,0,63,437,1.0,
71,0,60,440,1.0,
72,0,56,444,1.0,
73,0,51,449,1.0,
74,0,50,450,1.0,
75,0,49,451,1.0,
76,0,49,451,1.0,
77,0,47,453,1.0,
78,0,45,455,1.0,
79,0,43,457,1.0,
80,0,42,458,1.0,
81,0,39,461,1.0,
82,0,38,462,1.0,
83,0,36,464,1.0,
84,0,35,465,1.0,
85,0,33,467,1.0,
86,0,32,468,1.0,
87,0,31,469,1.0,
88,0,31,469,1.0,
89,0,31,469,1.0,
90,0,30,470,1.0,
91,0,29,471,1.0,
92,0,29,471,1.0,
93,0,29,471,1.0,
94,0,29,471,1.0,
95,0,29,471,1.0,
96,0,27,473,1.0,
97,0,27,473,1.0,
98,0,26,474,1.0,
99,0,26,474,1.0,
100,0,26,474,1.0,
101,0,23,477,1.0,
102,0,22,478,1.0,
103,0,22,478,1.0,
104,0,20,480,1.0,
105,0,19,481,1.0,
106,0,18,482,1.0,
107,0,16,484,1.0,
108,0,16,484,1.0,
109,0,16,484,1.0,
110,0,15,485,1.0,
111,0,13,487,1.0,
112,0,12,488,1.0,
113,0,12,488,1.0,
114,0,10,490,1.0,
115,0,10,490,1.0,
116,0,10,490,1.0,
117,0,10,490,1.0,
118,0,10,490,1.0,
119,0,10,490,1.0,
120,0,8,492,1.0,
121,0,8,492,1.0,
122,0,8,492,1.0,
123,0,8,492,1.0,
124,0,8,492,1.0,
125,0,8,492,1.0,
126,0,8,492,1.0,
127,0,8,492,1.0,
128,0,7,493,1.0,
129,0,7,493,1.0,
130,0,7,493,1.0,
131,0,7,493,1.0,
132,0,7,493,1.0,
133,0,6,494,1.0,
134,0,5,495,1.0,
135,0,4,496,1.0,
136,0,4,496,1.0,
137,0,4,496,1.0,
138,0,4,496,1.0,
139,0,4,496,1.0,
140,0,4,496,1.0,
141,0,4,496,1.0,
142,0,4,496,1.0,
143,0,4,496,1.0,
144,0,4,496,1.0,
145,0,4,496,1.0,
146,0,4,496,1.0,
147,0,4,496,1.0,
148,0,4,496,1.0,
149,0,4,496,1.0,
150,0,4,496,1.0,
151,0,4,496,1.0,
152,0,4,496,1.0,
153,0,4,496,1.0,
154,0,4,496,1.0,
155,0,4,496,1.0,
156,0,4,496,1.0,
157,0,4,496,1.0,
158,0,4,496,1.0,
159,0,4,496,1.0,
160,0,4,496,1.0,
161,0,4,496,1.0,
162,0,4,496,1.0,
163,0,4,496,1.0,
164,0,4,496,1.0,
165,0,4,496,1.0,
166,0,4,496,1.0,
167,0,4,496,1.0,
168,0,4,496,1.0,
169,0,4,496,1.0,
170,0,4,496,1.0,
171,0,4,496,1.0,
172,0,3,497,1.0,
173,0,3,497,1.0,
174,0,3,497,1.0,
175,0,3,497,1.0,
176,0,3,497,1.0,
177,0,2,498,1.0,
178,0,2,498,1.0,
179,0,2,498,1.0,
180,0,1,499,1.0,
181,0,1,499,1.0,
182,0,0,500,1.0,
183,0,0,500,1.0,
184,0,0,500,1.0,
185,0,0,500,1.0,
186,0,0,500,1.0,
187,0,0,500,1.0,
188,0,0,500,1.0,
189,0,0,500,1.0,
190,0,0,500,1.0,
191,0,0,500,1.0,
192,0,0,500,1.0,
193,0,0,500,1.0,
194,0,0,500,1.0,
195,0,0,500,1.0,
196,0,0,500,1.0,
197,0,0,500,1.0,
198,0,0,500,1.0,
199,0,0,500,1.0,
200,0,0,500,1.0,
1,498,1,1,1.0,1.0
2,497,2,1,0.998,0.9989973637012391
3,495,4,1,0.9948333333333333,0.9973553910589484
4,492,7,1,0.9881666666666666,0.9939404500720337
5,490,9,1,0.9853333333333333,0.9924319335894313
6,483,15,2,0.9798333333333333,0.9894583169436891
7,474,24,2,0.9638333333333333,0.9808621369050649
8,463,34,3,0.9445,0.9699142550809373
9,450,47,3,0.9201666666666667,0.9557894987281461
10,429,65,6,0.891,0.9364605749606257
11,408,84,8,0.858,0.9133390590732876
12,386,101,13,0.832,0.8912427253340681
13,335,145,20,0.7773333333333333,0.8332554551294864
14,299,167,34,0.7658333333333334,0.8033918648906802
15,261,196,43,0.7525,0.761939748992693
16,231,215,54,0.756,0.7351845893752538
17,201,239,60,0.7576666666666667,0.6979250904277943
18,172,259,69,0.7763333333333333,0.6738208652655063
19,151,269,80,0.7876666666666666,0.6475722112505873
20,120,286,94,0.8258333333333333,0.6361590295775078
21,99,291,110,0.8495,0.6199216899985455
22,82,297,121,0.8751666666666666,0.6190979547925466
23,72,292,136,0.891,0.620068250880449
24,63,287,150,0.9048333333333334,0.6227512229099531
25,50,291,159,0.9196666666666666,0.5975018932758063
26,42,287,171,0.9336666666666666,0.6042097426000117
27,36,287,177,0.9436666666666667,0.608639224659756
28,28,282,190,0.9578333333333333,0.6219794402170179
29,22,276,202,0.966,0.6142452855298707
30,17,267,216,0.9751666666666666,0.6328207910305097
31,13,260,227,0.9813333333333333,0.641843687713253
32,10,253,237,0.9866666666666667,0.6656166007905139
33,9,250,241,0.988,0.6649282681891377
34,6,245,249,0.9926666666666667,0.693804347826087
35,5,234,261,0.9941666666666666,0.7075652173913044
36,4,227,269,0.9955,0.7169565217391305
37,2,224,274,0.998,0.7495652173913043
38,2,214,284,0.998,0.7495652173913043
39,2,206,292,0.9981666666666666,0.7695652173913043
40,2,200,298,0.9985,0.811304347826087
41,1,194,305,0.9991666666666666,0.782608695652174
42,0,186,314,1.0,
43,0,179,321,1.0,
44,0,166,334,1.0,
45,0,161,339,1.0,
46,0,153,347,1.0,
47,0,149,351,1.0,
48,0,145,355,1.0,
49,0,141,359,1.0,
50,0,137,363,1.0,
51,0,131,369,1.0,
52,0,124,376,1.0,
53,0,120,380,1.0,
54,0,115,385,1.0,
55,0,112,388,1.0,
56,0,106,394,1.0,
57,0,103,397,1.0,
58,0,100,400,1.0,
59,0,93,407,1.0,
60,0,89,411,1.0,
61,0,80,420,1.0,
62,0,80,420,1.0,
63,0,77,423,1.0,
64,0,74,426,1.0,
65,0,71,429,1.0,
66,0,69,431,1.0,
67,0,67,433,1.0,
68,0,64,436,1.0,
69,0,63,437,1.0,
70,0,61,439,1.0,
71,0,55,445,1.0,
72,0,54,446,1.0,
73,0,53,447,1.0,
74,0,49,451,1.0,
75,0,48,452,1.0,
76,0,47,453,1.0,
77,0,44,456,1.0,
78,0,43,457,1.0,
79,0,42,458,1.0,
80,0,41,459,1.0,
81,0,39,461,1.0,
82,0,37,463,1.0,
83,0,37,463,1.0,
84,0,35,465,1.0,
85,0,33,467,1.0,
86,0,31,469,1.0,
87,0,29,471,1.0,
88,0,29,471,1.0,
89,0,28,472,1.0,
90,0,27,473,1.0,
91,0,27,473,1.0,
92,0,25,475,1.0,
93,0,24,476,1.0,
94,0,22,478,1.0,
95,0,22,478,1.0,
96,0,22,478,1.0,
97,0,21,479,1.0,
98,0,18,482,1.0,
99,0,18,482,1.0,
100,0,17,483,1.0,
101,0,17,483,1.0,
102,0,15,485,1.0,
103,0,15,485,1.0,
104,0,15,485,1.0,
105,0,14,486,1.0,
106,0,14,486,1.0,
107,0,14,486,1.0,
108,0,13,487,1.0,
109,0,13,487,1.0,
110,0,13,487,1.0,
111,0,12,488,1.0,
112,0,12,488,1.0,
113,0,12,488,1.0,
114,0,12,488,1.0,
115,0,11,489,1.0,
116,0,10,490,1.0,
117,0,9,491,1.0,
118,0,9,491,1.0,
119,0,9,491,1.0,
120,0,8,492,1.0,
121,0,8,492,1.0,
122,0,7,493,1.0,
123,0,7,493,1.0,
124,0,6,494,1.0,
125,0,6,494,1.0,
126,0,5,495,1.0,
127,0,5,495,1.0,
128,0,5,495,1.0,
129,0,4,496,1.0,
130,0,4,496,1.0,
131,0,4,496,1.0,
132,0,4,496,1.0,
133,0,4,496,1.0,
134,0,4,496,1.0,
135,0,4,496,1.0,
136,0,3,497,1.0,
137,0,3,497,1.0,
138,0,3,497,1.0,
139,0,3,497,1.0,
140,0,3,497,1.0,
141,0,3,497,1.0,
142,0,3,497,1.0,
143,0,3,497,1.0,
144,0,2,498,1.0,
145,0,2,498,1.0,
146,0,2,498,1.0,
147,0,1,499,1.0,
148,0,1,499,1.0,
149,0,1,499,1.0,
150,0,1,499,1.0,
151,0,1,499,1.0,
152,0,1,499,1.0,
153,0,1,499,1.0,
154,0,1,499,1.0,
155,0,1,499,1.0,
156,0,1,499,1.0,
157,0,1,499,1.0,
158,0,1,499,1.0,
159,0,1,499,1.0,
160,0,1,499,1.0,
161,0,1,499,1.0,
162,0,1,499,1.0,
163,0,1,499,1.0,
164,0,1,499,1.0,
165,0,1,499,1.0,
166,0,1,499,1.0,
167,0,1,499,1.0,
168,0,1,499,1.0,
169,0,1,499,1.0,
170,0,1,499,1.0,
171,0,1,499,1.0,
172,0,1,499,1.0,
173,0,1,499,1.0,
174,0,1,499,1.0,
175,0,1,499,1.0,
176,0,1,499,1.0,
177,0,1,499,1.0,
178,0,1,499,1.0,
179,0,1,499,1.0,
180,0,1,499,1.0,
181,0,1,499,1.0,
182,0,1,499,1.0,
183,0,1,499,1.0,
184,0,1,499,1.0,
185,0,1,499,1.0,
186,0,1,499,1.0,
187,0,1,499,1.0,
188,0,1,499,1.0,
189,0,0,500,1.0,
190,0,0,500,1.0,
191,0,0,500,1.0,
192,0,0,500,1.0,
193,0,0,500,1.0,
194,0,0,500,1.0,
195,0,0,500,1.0,
196,0,0,500,1.0,
197,0,0,500,1.0,
198,0,0,500,1.0,
199,0,0,500,1.0,
200,0,0,500,1.0,
1,498,2,0,0.9978333333333333,1.0
2,498,2,0,0.9978333333333333,1.0
3,496,4,0,0.9938333333333333,0.9979694432476648
4,495,5,0,0.9928333333333333,0.9974593473305872
5,489,11,0,0.9833333333333333,0.9926048788583016
6,482,18,0,0.9733333333333334,0.9872546729475986
7,472,27,1,0.9636666666666667,0.9819734777296067
8,457,40,3,0.9476666666666667,0.9726324862575854
9,444,51,5,0.9303333333333333,0.9619259385603466
10,435,57,8,0.9288333333333333,0.960299138125565
11,414,71,15,0.9123333333333333,0.9482083105929837
12,399,81,20,0.8966666666666666,0.9363928783609636
13,374,99,27,0.8785,0.9199894685631324
14,350,119,31,0.849,0.8934173357041678
15,322,145,33,0.8156666666666667,0.8581367041560387
16,294,164,42,0.7965,0.8277563102839538
17,264,184,52,0.7846666666666666,0.7958958314702146
18,237,202,61,0.785,0.7733845607703265
19,217,209,74,0.7813333333333333,0.7482634971401592
20,195,223,82,0.7835,0.7231062573906524
21,163,245,92,0.7903333333333333,0.6791149289772118
22,144,255,101,0.8086666666666666,0.6680716402296569
23,122,269,109,0.8285,0.6474052835015294
24,105,277,118,0.8468333333333333,0.6331289993553112
25,93,278,129,0.8635,0.6314524749591446
26,81,277,142,0.8805,0.6283420059643071
27,71,278,151,0.8918333333333334,0.6151713397111341
28,58,283,159,0.907,0.5950949212303851
29,50,279,171,0.922,0.6078477688768481
30,44,273,183,0.9331666666666667,0.6190624964865414
31,38,270,192,0.9411666666666667,0.6113753995838529
32,32,264,204,0.9521666666666667,0.6301988506193797
33,29,255,216,0.9591666666666666,0.6509758844627224
34,24,249,227,0.9651666666666666,0.6392859567858846
35,21,242,237,0.9701666666666666,0.6464109848653107
36,20,235,245,0.9715,0.6471598437765321
37,16,224,260,0.9788333333333333,0.6705166931534469
38,13,220,267,0.983,0.6725973556858136
39,10,217,273,0.9873333333333333,0.6840686779484957
40,8,209,283,0.9893333333333333,0.6667611267680362
41,6,201,293,0.992,0.6684504457598675
42,6,191,303,0.9921666666666666,0.6757045156011727
43,6,185,309,0.9925,0.6896323296964786
44,3,181,316,0.9958333333333333,0.6519232566380939
45,3,174,323,0.9958333333333333,0.6519232566380939
46,3,173,324,0.9958333333333333,0.6519232566380939
47,2,168,330,0.9971666666666666,0.6531927188603224
48,2,159,339,0.9971666666666666,0.6531927188603224
49,0,155,345,1.0,
50,0,148,352,1.0,
51,0,140,360,1.0,
52,0,136,364,1.0,
53,0,128,372,1.0,
54,0,122,378,1.0,
55,0,117,383,1.0,
56,0,112,388,1.0,
57,0,110,390,1.0,
58,0,108,392,1.0,
59,0,105,395,1.0,
60,0,104,396,1.0,
61,0,100,400,1.0,
62,0,93,407,1.0,
63,0,92,408,1.0,
64,0,90,410,1.0,
65,0,86,414,1.0,
66,0,80,420,1.0,
67,0,78,422,1.0,
68,0,76,424,1.0,
69,0,72,428,1.0,
70,0,70,430,1.0,
71,0,64,436,1.0,
72,0,63,437,1.0,
73,0,62,438,1.0,
74,0,58,442,1.0,
75,0,54,446,1.0,
76,0,52,448,1.0,
77,0,51,449,1.0,
78,0,50,450,1.0,
79,0,47,453,1.0,
80,0,46,454,1.0,
81,0,43,457,1.0,
82,0,40,460,1.0,
83,0,38,462,1.0,
84,0,35,465,1.0,
85,0,34,466,1.0,
86,0,32,468,1.0,
87,0,30,470,1.0,
88,0,29,471,1.0,
89,0,28,472,1.0,
90,0,26,474,1.0,
91,0,25,475,1.0,
92,0,25,475,1.0,
93,0,25,475,1.0,
94,0,23,477,1.0,
95,0,21,479,1.0,
96,0,19,481,1.0,
97,0,19,481,1.0,
98,0,19,481,1.0,
99,0,19,481,1.0,
100,0,18,482,1.0,
101,0,16,484,1.0,
102,0,16,484,1.0,
103,0,16,484,1.0,
104,0,16,484,1.0,
105,0,15,485,1.0,
106,0,14,486,1.0,
107,0,13,487,1.0,
108,0,13,487,1.0,
109,0,13,487,1.0,
110,0,12,488,1.0,
111,0,11,489,1.0,
112,0,11,489,1.0,
113,0,9,491,1.0,
114,0,9,491,1.0,
115,0,9,491,1.0,
116,0,8,492,1.0,
117,0,6,494,1.0,
118,0,6,494,1.0,
119,0,6,494,1.0,
120,0,5,495,1.0,
121,0,5,495,1.0,
122,0,5,495,1.0,
123,0,5,495,1.0,
124,0,5,495,1.0,
125,0,5,495,1.0,
126,0,4,496,1.0,
127,0,4,496,1.0,
128,0,4,496,1.0,
129,0,4,496,1.0,
130,0,4,496,1.0,
131,0,4,496,1.0,
132,0,4,496,1.0,
133,0,3,497,1.0,
134,0,3,497,1.0,
135,0,3,497,1.0,
136,0,3,497,1.0,
137,0,3,497,1.0,
138,0,3,497,1.0,
139,0,3,497,1.0,
140,0,3,497,1.0,
141,0,3,497,1.0,
142,0,3,497,1.0,
143,0,3,497,1.0,
144,0,3,497,1.0,
145,0,3,497,1.0,
146,0,2,498,1.0,
147,0,2,498,1.0,
148,0,2,498,1.0,
149,0,2,498,1.0,
150,0,2,498,1.0,
151,0,1,499,1.0,
152,0,1,499,1.0,
153,0,0,500,1.0,
154,0,0,500,1.0,
155,0,0,500,1.0,
156,0,0,500,1.0,
157,0,0,500,1.0,
158,0,0,500,1.0,
159,0,0,500,1.0,
160,0,0,500,1.0,
161,0,0,500,1.0,
162,0,0,500,1.0,
163,0,0,500,1.0,
164,0,0,500,1.0,
165,0,0,500,1.0,
166,0,0,500,1.0,
167,0,0,500,1.0,
168,0,0,500,1.0,
169,0,0,500,1.0,
170,0,0,500,1.0,
171,0,0,500,1.0,
172,0,0,500,1.0,
173,0,0,500,1.0,
174,0,0,500,1.0,
175,0,0,500,1.0,
176,0,0,500,1.0,
177,0,0,500,1.0,
178,0,0,500,1.0,
179,0,0,500,1.0,
180,0,0,500,1.0,
181,0,0,500,1.0,
182,0,0,500,1.0,
183,0,0,500,1.0,
184,0,0,500,1.0,
185,0,0,500,1.0,
186,0,0,500,1.0,
187,0,0,500,1.0,
188,0,0,500,1.0,
189,0,0,500,1.0,
190,0,0,500,1.0,
191,0,0,500,1.0,
192,0,0,500,1.0,
193,0,0,500,1.0,
194,0,0,500,1.0,
195,0,0,500,1.0,
196,0,0,500,1.0,
197,0,0,500,1.0,
198,0,0,500,1.0,
199,0,0,500,1.0,
200,0,0,500,1.0,
1,497,3,0,0.9976666666666667,1.0
2,497,3,0,0.9976666666666667,1.0
3,496,4,0,0.995,0.9986378160782019
4,493,7,0,0.9906666666666667,0.9964485518769982
5,491,9,0,0.986,0.9940368657974301
6,486,14,0,0.9775,0.9895697651093331
7,480,20,0,0.9673333333333334,0.9840670402358785
8,466,34,0,0.9395,0.968566155414948
9,448,49,3,0.9161666666666667,0.9541307124860995
10,426,69,5,0.881,0.9312309733534
11,406,86,8,0.8541666666666666,0.911446327357956
12,380,106,14,0.8283333333333334,0.8885112677430391
13,352,128,20,0.8045,0.862207528239915
14,319,154,27,0.7658333333333334,0.8171914992178784
15,286,180,34,0.7511666666666666,0.7829007496262959
16,246,212,42,0.7396666666666667,0.7355045649493249
17,209,236,55,0.747,0.6966607465625051
18,185,249,66,0.7625,0.6779185556809049
19,155,273,72,0.7813333333333333,0.6463609414457326
20,134,282,84,0.8058333333333333,0.6353150081959428
21,105,297,98,0.8393333333333334,0.6150847147561451
22,87,304,109,0.8638333333333333,0.6069307464792527
23,68,307,125,0.8913333333333333,0.5975547638194288
24,57,301,142,0.909,0.5994239370941611
25,44,302,154,0.9283333333333333,0.5949150936110617
26,38,294,168,0.9385,0.5990892475352007
27,31,288,181,0.9486666666666667,0.590598930898554
28,24,286,190,0.9603333333333334,0.5902581311733454
29,18,282,200,0.9706666666666667,0.5942465673981296
30,13,280,207,0.9795,0.6034976168492525
31,10,277,213,0.9848333333333333,0.6156634983955914
32,9,272,219,0.987,0.6332850986410358
33,8,269,223,0.9886666666666667,0.63944164421914
34,6,258,236,0.9926666666666667,0.6863181582590174
35,5,252,243,0.9936666666666667,0.6734019440209403
36,3,243,254,0.9966666666666667,0.7158330818583681
37,2,233,265,0.998,0.7400166319211509
38,2,226,272,0.998,0.7400166319211509
39,2,215,283,0.998,0.7400166319211509
40,2,206,292,0.998,0.7400166319211509
41,2,196,302,0.9981666666666666,0.7617818269776554
42,2,189,309,0.9981666666666666,0.7617818269776554
43,2,184,314,0.9981666666666666,0.7617818269776554
44,2,178,320,0.9985,0.8053122170906643
45,2,170,328,0.9986666666666667,0.8270774121471687
46,2,161,337,0.9986666666666667,0.8270774121471687
47,2,156,342,0.9986666666666667,0.8270774121471687
48,2,150,348,0.9986666666666667,0.8270774121471687
49,2,145,353,0.9986666666666667,0.8270774121471687
50,2,142,356,0.9986666666666667,0.8270774121471687
51,2,135,363,0.9988333333333334,0.8488426072036731
52,2,132,366,0.9988333333333334,0.8488426072036731
53,2,124,374,0.999,0.8706078022601775
54,2,122,376,0.999,0.8706078022601775
55,2,120,378,0.999,0.8706078022601775
56,2,117,381,0.999,0.8706078022601775
57,2,111,387,0.999,0.8706078022601775
58,2,107,391,0.9991666666666666,0.892372997316682
59,1,104,395,0.9996666666666667,0.9141381923731864
60,1,100,399,0.9996666666666667,0.9141381923731864
61,1,96,403,0.9996666666666667,0.9141381923731864
62,0,92,408,1.0,
63,0,89,411,1.0,
64,0,87,413,1.0,
65,0,84,416,1.0,
66,0,81,419,1.0,
67,0,78,422,1.0,
68,0,74,426,1.0,
69,0,72,428,1.0,
70,0,71,429,1.0,
71,0,65,435,1.0,
72,0,65,435,1.0,
73,0,63,437,1.0,
74,0,59,441,1.0,
75,0,59,441,1.0,
76,0,58,442,1.0,
77,0,57,443,1.0,
78,0,56,444,1.0,
79,0,54,446,1.0,
80,0,54,446,1.0,
81,0,53,447,1.0,
82,0,53,447,1.0,
83,0,53,447,1.0,
84,0,52,448,1.0,
85,0,51,449,1.0,
86,0,50,450,1.0,
87,0,49,451,1.0,
88,0,46,454,1.0,
89,0,42,458,1.0,
90,0,38,462,1.0,
91,0,37,463,1.0,
92,0,35,465,1.0,
93,0,35,465,1.0,
94,0,34,466,1.0,
95,0,33,467,1.0,
96,0,30,470,1.0,
97,0,27,473,1.0,
98,0,24,476,1.0,
99,0,24,476,1.0,
100,0,24,476,1.0,
101,0,24,476,1.0,
102,0,23,477,1.0,
103,0,22,478,1.0,
104,0,22,478,1.0,
105,0,22,478,1.0,
106,0,22,478,1.0,
107,0,22,478,1.0,
108,0,21,479,1.0,
109,0,21,479,1.0,
110,0,21,479,1.0,
111,0,21,479,1.0,
112,0,20,480,1.0,
113,0,17,483,1.0,
114,0,16,484,1.0,
115,0,15,485,1.0,
116,0,15,485,1.0,
117,0,15,485,1.0,
118,0,15,485,1.0,
119,0,12,488,1.0,
120,0,12,488,1.0,
121,0,11,489,1.0,
122,0,11,489,1.0,
123,0,11,489,1.0,
124,0,10,490,1.0,
125,0,10,490,1.0,
126,0,10,490,1.0,
127,0,10,490,1.0,
128,0,10,490,1.0,
129,0,9,491,1.0,
130,0,9,491,1.0,
131,0,9,491,1.0,
132,0,9,491,1.0,
133,0,9,491,1.0,
134,0,9,491,1.0,
135,0,9,491,1.0,
136,0,7,493,1.0,
137,0,7,493,1.0,
138,0,7,493,1.0,
139,0,7,493,1.0,
140,0,7,493,1.0,
141,0,7,493,1.0,
142,0,7,493,1.0,
143,0,7,493,1.0,
144,0,6,494,1.0,
145,0,6,494,1.0,
146,0,5,495,1.0,
147,0,5,495,1.0,
148,0,4,496,1.0,
149,0,4,496,1.0,
150,0,4,496,1.0,
151,0,3,497,1.0,
152,0,2,498,1.0,
153,0,2,498,1.0,
154,0,2,498,1.0,
155,0,2,498,1.0,
156,0,2,498,1.0,
157,0,2,498,1.0,
158,0,2,498,1.0,
159,0,2,498,1.0,
160,0,2,498,1.0,
161,0,2,498,1.0,
162,0,2,498,1.0,
163,0,2,498,1.0,
164,0,2,498,1.0,
165,0,2,498,1.0,
166,0,2,498,1.0,
167,0,2,498,1.0,
168,0,2,498,1.0,
169,0,2,498,1.0,
170,0,2,498,1.0,
171,0,2,498,1.0,
172,0,2,498,1.0,
173,0,2,498,1.0,
174,0,2,498,1.0,
175,0,2,498,1.0,
176,0,2,498,1.0,
177,0,2,498,1.0,
178,0,2,498,1.0,
179,0,2,498,1.0,
180,0,2,498,1.0,
181,0,2,498,1.0,
182,0,2,498,1.0,
183,0,2,498,1.0,
184,0,2,498,1.0,
185,0,2,498,1.0,
186,0,2,498,1.0,
187,0,2,498,1.0,
188,0,0,500,1.0,
189,0,0,500,1.0,
190,0,0,500,1.0,
191,0,0,500,1.0,
192,0,0,500,1.0,
193,0,0,500,1.0,
194,0,0,500,1.0,
195,0,0,500,1.0,
196,0,0,500,1.0,
197,0,0,500,1.0,
198,0,0,500,1.0,
199,0,0,500,1.0,
200,0,0,500,1.0,
1,498,2,0,0.9983333333333333,1.0
2,498,2,0,0.9983333333333333,1.0
3,495,5,0,0.9931666666666666,0.9973944394788652
4,491,7,2,0.99,0.9957558519780578
5,489,9,2,0.9846666666666667,0.9930216413316238
6,485,13,2,0.9803333333333333,0.9906826558382897
7,474,23,3,0.9598333333333333,0.9795252278717058
8,462,34,4,0.9448333333333333,0.9707998359584822
9,447,46,7,0.927,0.959789643427347
10,436,55,9,0.9173333333333333,0.9530781999499
11,414,75,11,0.8856666666666667,0.9314448202702154
12,397,89,14,0.8621666666666666,0.9138290489773463
13,372,107,21,0.8383333333333334,0.8917102043860679
14,341,134,25,0.8165,0.8659151057900714
15,322,144,34,0.8161666666666667,0.8581027501484686
16,297,165,38,0.7995,0.8322233374700839
17,277,174,49,0.7981666666666667,0.8188919157314186
18,244,197,59,0.7963333333333333,0.7926636346242425
19,219,211,70,0.8018333333333333,0.7752483711683685
20,195,223,82,0.801,0.7467194593684905
21,165,242,93,0.8051666666666667,0.7057896836793195
22,149,250,101,0.8126666666666666,0.6866875409675246
23,131,257,112,0.824,0.6644509334664966
24,114,258,128,0.841,0.6528937243992018
25,99,266,135,0.858,0.6424629835569212
26,82,273,145,0.8803333333333333,0.6353921251863498
27,66,272,162,0.9018333333333334,0.6273261601137798
28,50,272,178,0.9275,0.6362254076312422
29,37,272,191,0.9418333333333333,0.6044379281926314
30,31,264,205,0.952,0.6075158898643176
31,26,259,215,0.9581666666666667,0.5934859738094268
32,20,245,235,0.9688333333333333,0.6108042694794573
33,14,242,244,0.9776666666666667,0.5982853678645644
34,12,232,256,0.981,0.6029671969064817
35,11,226,263,0.9833333333333333,0.619744737931337
36,10,220,270,0.9853333333333333,0.6336713091842726
37,9,210,281,0.9868333333333333,0.6356155041281817
38,9,203,288,0.987,0.6400637124639786
39,7,195,298,0.9908333333333333,0.6675732787862889
40,7,186,307,0.9911666666666666,0.6785715961000726
41,6,181,313,0.9923333333333333,0.6770244018259843
42,4,170,326,0.9955,0.7247548408591783
43,4,166,330,0.9956666666666667,0.7356336112456383
44,3,161,336,0.9966666666666667,0.7256232828712256
45,2,157,341,0.9978333333333333,0.7394077077412486
46,2,148,350,0.998,0.7602586843152968
47,2,147,351,0.998,0.7602586843152968
48,2,140,358,0.998,0.7602586843152968
49,2,138,360,0.998,0.7602586843152968
50,2,134,364,0.998,0.7602586843152968
51,1,132,367,0.9991666666666666,0.8083763225631004
52,1,123,376,0.9991666666666666,0.8083763225631004
53,1,116,383,0.9991666666666666,0.8083763225631004
54,1,109,390,0.9991666666666666,0.8083763225631004
55,1,105,394,0.9991666666666666,0.8083763225631004
56,1,101,398,0.9993333333333333,0.8468704331613434
57,1,97,402,0.9993333333333333,0.8468704331613434
58,0,97,403,1.0,
59,0,92,408,1.0,
60,0,88,412,1.0,
61,0,84,416,1.0,
62,0,76,424,1.0,
63,0,72,428,1.0,
64,0,67,433,1.0,
65,0,66,434,1.0,
66,0,63,437,1.0,
67,0,61,439,1.0,
68,0,60,440,1.0,
69,0,58,442,1.0,
70,0,56,444,1.0,
71,0,54,446,1.0,
72,0,52,448,1.0,
73,0,50,450,1.0,
74,0,50,450,1.0,
75,0,46,454,1.0,
76,0,46,454,1.0,
77,0,45,455,1.0,
78,0,43,457,1.0,
79,0,40,460,1.0,
80,0,40,460,1.0,
81,0,38,462,1.0,
82,0,37,463,1.0,
83,0,36,464,1.0,
84,0,36,464,1.0,
85,0,36,464,1.0,
86,0,35,465,1.0,
87,0,33,467,1.0,
88,0,32,468,1.0,
89,0,31,469,1.0,
90,0,30,470,1.0,
91,0,26,474,1.0,
92,0,25,475,1.0,
93,0,24,476,1.0,
94,0,24,476,1.0,
95,0,24,476,1.0,
96,0,23,477,1.0,
97,0,23,477,1.0,
98,0,22,478,1.0,
99,0,21,479,1.0,
100,0,21,479,1.0,
101,0,21,479,1.0,
102,0,20,480,1.0,
103,0,20,480,1.0,
104,0,19,481,1.0,
105,0,19,481,1.0,
106,0,19,481,1.0,
107,0,18,482,1.0,
108,0,16,484,1.0,
109,0,14,486,1.0,
110,0,14,486,1.0,
111,0,14,486,1.0,
112,0,14,486,1.0,
113,0,13,487,1.0,
114,0,12,488,1.0,
115,0,11,489,1.0,
116,0,11,489,1.0,
117,0,11,489,1.0,
118,0,10,490,1.0,
119,0,9,491,1.0,
120,0,9,491,1.0,
121,0,9,491,1.0,
122,0,9,491,1.0,
123,0,9,491,1.0,
124,0,7,493,1.0,
125,0,7,493,1.0,
126,0,6,494,1.0,
127,0,6,494,1.0,
128,0,6,494,1.0,
129,0,6,494,1.0,
130,0,6,494,1.0,
131,0,6,494,1.0,
132,0,5,495,1.0,
133,0,5,495,1.0,
134,0,5,495,1.0,
135,0,5,495,1.0,
136,0,5,495,1.0,
137,0,5,495,1.0,
138,0,4,496,1.0,
139,0,4,496,1.0,
140,0,4,496,1.0,
141,0,3,497,1.0,
142,0,3,497,1.0,
143,0,3,497,1.0,
144,0,3,497,1.0,
145,0,3,497,1.0,
146,0,3,497,1.0,
147,0,3,497,1.0,
148,0,3,497,1.0,
149,0,3,497,1.0,
150,0,3,497,1.0,
151,0,3,497,1.0,
152,0,2,498,1.0,
153,0,2,498,1.0,
154,0,2,498,1.0,
155,0,2,498,1.0,
156,0,2,498,1.0,
157,0,2,498,1.0,
158,0,2,498,1.0,
159,0,2,498,1.0,
160,0,2,498,1.0,
161,0,2,498,1.0,
162,0,2,498,1.0,
163,0,2,498,1.0,
164,0,2,498,1.0,
165,0,1,499,1.0,
166,0,1,499,1.0,
167,0,1,499,1.0,
168,0,1,499,1.0,
169,0,1,499,1.0,
170,0,1,499,1.0,
171,0,1,499,1.0,
172,0,1,499,1.0,
173,0,0,500,1.0,
174,0,0,500,1.0,
175,0,0,500,1.0,
176,0,0,500,1.0,
177,0,0,500,1.0,
178,0,0,500,1.0,
179,0,0,500,1.0,
180,0,0,500,1.0,
181,0,0,500,1.0,
182,0,0,500,1.0,
183,0,0,500,1.0,
184,0,0,500,1.0,
185,0,0,500,1.0,
186,0,0,500,1.0,
187,0,0,500,1.0,
188,0,0,500,1.0,
189,0,0,500,1.0,
190,0,0,500,1.0,
191,0,0,500,1.0,
192,0,0,500,1.0,
193,0,0,500,1.0,
194,0,0,500,1.0,
195,0,0,500,1.0,
196,0,0,500,1.0,
197,0,0,500,1.0,
198,0,0,500,1.0,
199,0,0,500,1.0,
200,0,0,500,1.0,
1,497,3,0,0.9958333333333333,0.9979416135111175
2,494,6,0,0.9898333333333333,0.9948886719622506
3,491,9,0,0.9845,0.9921208702320895
4,488,11,1,0.9845,0.9920993460850017
5,482,16,2,0.9733333333333334,0.9862264573080016
6,474,23,3,0.9643333333333334,0.981299906396219
7,462,34,4,0.9416666666666667,0.9684712931212084
8,449,45,6,0.9235,0.9573127962986073
9,433,54,13,0.9098333333333334,0.9479705385338482
10,417,67,16,0.8946666666666667,0.9369486738426369
11,392,88,20,0.8588333333333333,0.9101066509602967
12,370,106,24,0.8325,0.8868511508843989
13,341,130,29,0.8028333333333333,0.8555858650991817
14,312,148,40,0.7901666666666667,0.8319784788841367
15,287,169,44,0.7691666666666667,0.799344749411406
16,250,194,56,0.7658333333333334,0.7657178016830191
17,228,211,61,0.7575,0.7342366869435901
18,201,230,69,0.766,0.7086746833653603
19,176,245,79,0.7723333333333333,0.6759877410779089
20,157,253,90,0.7868333333333334,0.660364536691039
21,137,265,98,0.8026666666666666,0.6398619861631604
22,113,279,108,0.8338333333333333,0.6309641017355523
23,95,280,125,0.8631666666666666,0.6374748058958585
24,77,286,137,0.8868333333333334,0.63086261877905
25,64,289,147,0.9043333333333333,0.6255464444221237
26,53,285,162,0.922,0.6309729121788188
27,47,279,174,0.9315,0.6344087060368282
28,40,272,188,0.9416666666666667,0.6327073118105726
29,33,267,200,0.9516666666666667,0.6320557391176626
30,26,267,207,0.961,0.6213430772126424
31,22,258,220,0.967,0.621459853643648
32,21,248,231,0.9688333333333333,0.6237349055361476
33,20,237,243,0.9716666666666667,0.6385230104034452
34,15,230,255,0.979,0.6425432586736934
35,12,226,262,0.9828333333333333,0.6333311374615722
36,10,213,277,0.9868333333333333,0.6622022397891965
37,8,210,282,0.9896666666666667,0.6673270750988143
38,7,204,289,0.991,0.6679804253717297
39,7,198,295,0.9916666666666667,0.6920694522868437
40,6,191,303,0.9931666666666666,0.7038515590689504
41,6,186,308,0.9931666666666666,0.7038515590689504
42,5,182,313,0.9943333333333333,0.7054914361001318
43,5,170,325,0.9945,0.7138247694334652
44,3,167,330,0.9968333333333333,0.725516029863856
45,2,163,335,0.9978333333333333,0.7246376811594203
46,2,155,343,0.9981666666666666,0.7672101449275363
47,2,147,351,0.9985,0.8097826086956521
48,2,139,359,0.9985,0.8097826086956521
49,2,133,365,0.9985,0.8097826086956521
50,2,130,368,0.9986666666666667,0.8306159420289855
51,2,126,372,0.9988333333333334,0.8523550724637681
52,2,119,379,0.9988333333333334,0.8523550724637681
53,2,111,387,0.9988333333333334,0.8523550724637681
54,2,106,392,0.9991666666666666,0.8940217391304348
55,2,104,394,0.9991666666666666,0.8940217391304348
56,2,96,402,0.9993333333333333,0.9148550724637681
57,2,89,409,0.9993333333333333,0.9148550724637681
58,1,88,411,0.9996666666666667,0.9166666666666666
59,1,85,414,0.9996666666666667,0.9166666666666666
60,1,81,418,0.9996666666666667,0.9166666666666666
61,1,79,420,0.9996666666666667,0.9166666666666666
62,1,74,425,0.9996666666666667,0.9166666666666666
63,1,69,430,0.9996666666666667,0.9166666666666666
64,1,67,432,0.9996666666666667,0.9166666666666666
65,1,66,433,0.9996666666666667,0.9166666666666666
66,1,63,436,0.9996666666666667,0.9166666666666666
67,1,58,441,0.9998333333333334,0.9583333333333334
68,1,57,442,0.9998333333333334,0.9583333333333334
69,1,55,444,0.9998333333333334,0.9583333333333334
70,1,52,447,0.9998333333333334,0.9583333333333334
71,1,50,449,0.9998333333333334,0.9583333333333334
72,1,49,450,0.9998333333333334,0.9583333333333334
73,1,47,452,0.9998333333333334,0.9583333333333334
74,1,46,453,0.9998333333333334,0.9583333333333334
75,1,43,456,0.9998333333333334,0.9583333333333334
76,1,41,458,0.9998333333333334,0.9583333333333334
77,1,40,459,0.9998333333333334,0.9583333333333334
78,1,36,463,1.0,1.0
79,1,34,465,1.0,1.0
80,1,33,466,1.0,1.0
81,1,33,466,1.0,1.0
82,1,33,466,1.0,1.0
83,1,31,468,1.0,1.0
84,1,30,469,1.0,1.0
85,1,26,473,1.0,1.0
86,1,24,475,1.0,1.0
87,1,23,476,1.0,1.0
88,1,23,476,1.0,1.0
89,1,22,477,1.0,1.0
90,1,21,478,1.0,1.0
91,1,20,479,1.0,1.0
92,1,20,479,1.0,1.0
93,1,20,479,1.0,1.0
94,1,20,479,1.0,1.0
95,1,19,480,1.0,1.0
96,1,18,481,1.0,1.0
97,1,18,481,1.0,1.0
98,1,15,484,1.0,1.0
99,1,15,484,1.0,1.0
100,1,15,484,1.0,1.0
101,1,14,485,1.0,1.0
102,1,13,486,1.0,1.0
103,1,13,486,1.0,1.0
104,1,13,486,1.0,1.0
105,1,13,486,1.0,1.0
106,1,11,488,1.0,1.0
107,1,10,489,1.0,1.0
108,1,10,489,1.0,1.0
109,1,10,489,1.0,1.0
110,1,10,489,1.0,1.0
111,1,10,489,1.0,1.0
112,1,10,489,1.0,1.0
113,1,10,489,1.0,1.0
114,1,10,489,1.0,1.0
115,1,10,489,1.0,1.0
116,1,9,490,1.0,1.0
117,1,9,490,1.0,1.0
118,1,9,490,1.0,1.0
119,1,8,491,1.0,1.0
120,1,8,491,1.0,1.0
121,1,7,492,1.0,1.0
122,1,6,493,1.0,1.0
123,1,6,493,1.0,1.0
124,1,6,493,1.0,1.0
125,1,6,493,1.0,1.0
126,1,6,493,1.0,1.0
127,1,5,494,1.0,1.0
128,1,4,495,1.0,1.0
129,1,4,495,1.0,1.0
130,1,4,495,1.0,1.0
131,1,4,495,1.0,1.0
132,1,3,496,1.0,1.0
133,1,3,496,1.0,1.0
134,1,3,496,1.0,1.0
135,1,3,496,1.0,1.0
136,1,3,496,1.0,1.0
137,1,2,497,1.0,1.0
138,1,2,497,1.0,1.0
139,1,2,497,1.0,1.0
140,1,2,497,1.0,1.0
141,1,2,497,1.0,1.0
142,1,1,498,1.0,1.0
143,1,1,498,1.0,1.0
144,1,1,498,1.0,1.0
145,1,1,498,1.0,1.0
146,1,1,498,1.0,1.0
147,1,1,498,1.0,1.0
148,1,1,498,1.0,1.0
149,1,1,498,1.0,1.0
150,1,1,498,1.0,1.0
151,1,1,498,1.0,1.0
152,1,1,498,1.0,1.0
153,1,1,498,1.0,1.0
154,1,1,498,1.0,1.0
155,1,1,498,1.0,1.0
156,1,1,498,1.0,1.0
157,1,1,498,1.0,1.0
158,1,0,499,1.0,1.0
159,1,0,499,1.0,1.0
160,1,0,499,1.0,1.0
161,1,0,499,1.0,1.0
162,1,0,499,1.0,1.0
163,1,0,499,1.0,1.0
164,1,0,499,1.0,1.0
165,1,0,499,1.0,1.0
166,1,0,499,1.0,1.0
167,1,0,499,1.0,1.0
168,1,0,499,1.0,1.0
169,1,0,499,1.0,1.0
170,1,0,499,1.0,1.0
171,1,0,499,1.0,1.0
172,1,0,499,1.0,1.0
173,1,0,499,1.0,1.0
174,1,0,499,1.0,1.0
175,1,0,499,1.0,1.0
176,1,0,499,1.0,1.0
177,1,0,499,1.0,1.0
178,1,0,499,1.0,1.0
179,1,0,499,1.0,1.0
180,1,0,499,1.0,1.0
181,1,0,499,1.0,1.0
182,1,0,499,1.0,1.0
183,1,0,499,1.0,1.0
184,1,0,499,1.0,1.0
185,1,0,499,1.0,1.0
186,1,0,499,1.0,1.0
187,1,0,499,1.0,1.0
188,1,0,499,1.0,1.0
189,1,0,499,1.0,1.0
190,1,0,499,1.0,1.0
191,1,0,499,1.0,1.0
192,1,0,499,1.0,1.0
193,1,0,499,1.0,1.0
194,1,0,499,1.0,1.0
195,1,0,499,1.0,1.0
196,1,0,499,1.0,1.0
197,1,0,499,1.0,1.0
198,1,0,499,1.0,1.0
199,1,0,499,1.0,1.0
200,1,0,499,1.0,1.0
1,497,3,0,0.996,1.0
2,495,5,0,0.9925,0.9982422434079304
3,493,6,1,0.9896666666666667,0.9968109368746096
4,485,13,2,0.983,0.993419517345261
5,476,21,3,0.969,0.9859512006178287
6,469,28,3,0.9608333333333333,0.9814262512445941
7,457,36,7,0.9585,0.9794165163991363
8,442,47,11,0.9376666666666666,0.966999751996514
9,431,53,16,0.9268333333333333,0.9597374853121261
10,417,65,18,0.9075,0.9468609798957124
11,400,81,19,0.881,0.9278881201121341
12,376,100,24,0.849,0.9019660969172041
13,353,118,29,0.8236666666666667,0.8772850175216685
14,324,137,39,0.8066666666666666,0.8528576918921363
15,290,163,47,0.7908333333333334,0.8212956987980649
16,259,188,53,0.7771666666666667,0.7865219116516462
17,231,209,60,0.7725,0.7552519058327951
18,203,229,68,0.7768333333333334,0.7265494851440442
19,172,249,79,0.7908333333333334,0.6972923043776514
20,143,271,86,0.8185,0.6828696890417479
21,121,276,103,0.8316666666666667,0.6518466090519989
22,96,293,111,0.8491666666666666,0.604698932562863
23,79,295,126,0.8703333333333333,0.5887538128126177
24,66,300,134,0.8856666666666667,0.5648238943806769
25,53,307,140,0.9048333333333334,0.5488009319523235
26,40,300,160,0.9303333333333333,0.5629276678934594
27,30,298,172,0.9468333333333333,0.5523963083112071
28,24,292,184,0.9585,0.5592114235167023
29,19,278,203,0.9698333333333333,0.5968472028777597
30,12,273,215,0.9813333333333333,0.6109189183823899
31,9,267,224,0.987,0.6376927252981627
32,9,260,231,0.9871666666666666,0.6421461208337477
33,6,248,246,0.9923333333333333,0.6706770299362057
34,2,246,252,0.9975,0.6670550312944393
35,1,235,264,0.9985,0.5725794260038105
36,0,226,274,1.0,
37,0,217,283,1.0,
38,0,207,293,1.0,
39,0,201,299,1.0,
40,0,198,302,1.0,
41,0,193,307,1.0,
42,0,185,315,1.0,
43,0,178,322,1.0,
44,0,170,330,1.0,
45,0,165,335,1.0,
46,0,158,342,1.0,
47,0,150,350,1.0,
48,0,146,354,1.0,
49,0,140,360,1.0,
50,0,135,365,1.0,
51,0,126,374,1.0,
52,0,121,379,1.0,
53,0,116,384,1.0,
54,0,114,386,1.0,
55,0,108,392,1.0,
56,0,100,400,1.0,
57,0,95,405,1.0,
58,0,93,407,1.0,
59,0,90,410,1.0,
60,0,88,412,1.0,
61,0,87,413,1.0,
62,0,85,415,1.0,
63,0,81,419,1.0,
64,0,79,421,1.0,
65,0,76,424,1.0,
66,0,75,425,1.0,
67,0,72,428,1.0,
68,0,68,432,1.0,
69,0,62,438,1.0,
70,0,60,440,1.0,
71,0,57,443,1.0,
72,0,54,446,1.0,
73,0,54,446,1.0,
74,0,52,448,1.0,
75,0,47,453,1.0,
76,0,44,456,1.0,
77,0,40,460,1.0,
78,0,36,464,1.0,
79,0,36,464,1.0,
80,0,33,467,1.0,
81,0,32,468,1.0,
82,0,32,468,1.0,
83,0,31,469,1.0,
84,0,30,470,1.0,
85,0,29,471,1.0,
86,0,28,472,1.0,
87,0,27,473,1.0,
88,0,27,473,1.0,
89,0,27,473,1.0,
90,0,24,476,1.0,
91,0,23,477,1.0,
92,0,19,481,1.0,
93,0,19,481,1.0,
94,0,19,481,1.0,
95,0,17,483,1.0,
96,0,17,483,1.0,
97,0,14,486,1.0,
98,0,14,486,1.0,
99,0,14,486,1.0,
100,0,11,489,1.0,
101,0,11,489,1.0,
102,0,10,490,1.0,
103,0,10,490,1.0,
104,0,10,490,1.0,
105,0,10,490,1.0,
106,0,9,491,1.0,
107,0,9,491,1.0,
108,0,9,491,1.0,
109,0,9,491,1.0,
110,0,9,491,1.0,
111,0,9,491,1.0,
112,0,8,492,1.0,
113,0,7,493,1.0,
114,0,6,494,1.0,
115,0,5,495,1.0,
116,0,5,495,1.0,
117,0,4,496,1.0,
118,0,4,496,1.0,
119,0,4,496,1.0,
120,0,4,496,1.0,
121,0,4,496,1.0,
122,0,4,496,1.0,
123,0,3,497,1.0,
124,0,2,498,1.0,
125,0,2,498,1.0,
126,0,2,498,1.0,
127,0,2,498,1.0,
128,0,2,498,1.0,
129,0,1,499,1.0,
130,0,1,499,1.0,
131,0,1,499,1.0,
132,0,1,499,1.0,
133,0,1,499,1.0,
134,0,1,499,1.0,
135,0,1,499,1.0,
136,0,1,499,1.0,
137,0,1,499,1.0,
138,0,1,499,1.0,
139,0,1,499,1.0,
140,0,1,499,1.0,
141,0,1,499,1.0,
142,0,1,499,1.0,
143,0,1,499,1.0,
144,0,1,499,1.0,
145,0,1,499,1.0,
146,0,1,499,1.0,
147,0,1,499,1.0,
148,0,1,499,1.0,
149,0,1,499,1.0,
150,0,1,499,1.0,
151,0,1,499,1.0,
152,0,1,499,1.0,
153,0,1,499,1.0,
154,0,1,499,1.0,
155,0,1,499,1.0,
156,0,1,499,1.0,
157,0,1,499,1.0,
158,0,1,499,1.0,
159,0,1,499,1.0,
160,0,1,499,1.0,
161,0,1,499,1.0,
162,0,1,499,1.0,
163,0,1,499,1.0,
164,0,1,499,1.0,
165,0,1,499,1.0,
166,0,1,499,1.0,
167,0,1,499,1.0,
168,0,1,499,1.0,
169,0,1,499,1.0,
170,0,1,499,1.0,
171,0,1,499,1.0,
172,0,1,499,1.0,
173,0,1,499,1.0,
174,0,1,499,1.0,
175,0,1,499,1.0,
176,0,1,499,1.0,
177,0,1,499,1.0,
178,0,1,499,1.0,
179,0,1,499,1.0,
180,0,1,499,1.0,
181,0,1,499,1.0,
182,0,1,499,1.0,
183,0,1,499,1.0,
184,0,1,499,1.0,
185,0,1,499,1.0,
186,0,1,499,1.0,
187,0,0,500,1.0,
188,0,0,500,1.0,
189,0,0,500,1.0,
190,0,0,500,1.0,
191,0,0,500,1.0,
192,0,0,500,1.0,
193,0,0,500,1.0,
194,0,0,500,1.0,
195,0,0,500,1.0,
196,0,0,500,1.0,
197,0,0,500,1.0,
198,0,0,500,1.0,
199,0,0,500,1.0,
200,0,0,500,1.0,
1,499,1,0,1.0,1.0
2,496,4,0,0.9936666666666667,0.996798629481396
3,493,7,0,0.9898333333333333,0.9948274963254239
4,488,12,0,0.9828333333333333,0.9911107526155638
5,481,19,0,0.9673333333333334,0.9829517767644859
6,468,31,1,0.9493333333333334,0.9728920933003988
7,448,48,4,0.9211666666666667,0.9559826084636838
8,430,64,6,0.894,0.9384596447442757
9,408,83,9,0.8638333333333333,0.9166447934505266
10,376,111,13,0.8258333333333333,0.8844793821828975
11,350,130,20,0.8048333333333333,0.8609836901714506
12,317,157,26,0.775,0.8227163773690919
13,282,187,31,0.7566666666666667,0.7847508503037153
14,238,216,46,0.7521666666666667,0.7398847346802924
15,207,238,55,0.7558333333333334,0.7047288289084994
16,185,252,63,0.7658333333333334,0.6826773325827035
17,160,262,78,0.788,0.6670845807686441
18,141,274,85,0.8011666666666667,0.6470492609584045
19,109,292,99,0.8321666666666667,0.6132702543647192
20,89,304,107,0.8546666666666667,0.5887804479940748
21,74,311,115,0.876,0.5783712543495152
22,55,317,128,0.9063333333333333,0.5737831910440606
23,44,319,137,0.926,0.5785288403223185
24,34,314,152,0.9435,0.5821385032510351
25,31,311,158,0.9481666666666667,0.5778564793992563
26,25,311,164,0.9568333333333333,0.5622272635576983
27,19,300,181,0.9691666666666666,0.5834621709335669
28,17,288,195,0.9736666666666667,0.6029090772824788
29,15,278,207,0.977,0.608654205697684
30,10,273,217,0.9845,0.5990658761528327
31,9,265,226,0.987,0.6248038354560094
32,7,253,240,0.99,0.6299002446828533
33,5,244,251,0.9933333333333333,0.6452226613965745
34,4,232,264,0.995,0.6678129117259551
35,4,222,274,0.995,0.6678129117259551
36,3,210,287,0.9965,0.6966798418972333
37,3,204,293,0.9965,0.6966798418972333
38,3,201,296,0.9965,0.6966798418972333
39,3,194,303,0.9965,0.6966798418972333
40,2,190,308,0.9978333333333333,0.7104743083003953
41,2,183,315,0.9978333333333333,0.7104743083003953
42,2,175,323,0.9978333333333333,0.7104743083003953
43,2,164,334,0.9978333333333333,0.7104743083003953
44,2,154,344,0.9978333333333333,0.7104743083003953
45,2,144,354,0.9978333333333333,0.7104743083003953
46,1,141,358,0.9988333333333334,0.6818181818181818
47,1,135,364,0.9988333333333334,0.6818181818181818
48,1,132,367,0.9988333333333334,0.6818181818181818
49,1,128,371,0.9988333333333334,0.6818181818181818
50,1,121,378,0.999,0.7272727272727273
51,1,115,384,0.999,0.7272727272727273
52,1,109,390,0.9991666666666666,0.7727272727272727
53,1,100,399,0.9993333333333333,0.8181818181818182
54,1,97,402,0.9993333333333333,0.8181818181818182
55,1,93,406,0.9993333333333333,0.8181818181818182
56,1,92,407,0.9993333333333333,0.8181818181818182
57,1,88,411,0.9995,0.8636363636363636
58,1,85,414,0.9995,0.8636363636363636
59,1,84,415,0.9995,0.8636363636363636
60,1,81,418,0.9995,0.8636363636363636
61,1,77,422,0.9995,0.8636363636363636
62,1,72,427,0.9995,0.8636363636363636
63,1,68,431,0.9996666666666667,0.9090909090909091
64,1,66,433,0.9996666666666667,0.9090909090909091
65,1,63,436,0.9996666666666667,0.9090909090909091
66,1,60,439,0.9996666666666667,0.9090909090909091
67,1,60,439,0.9996666666666667,0.9090909090909091
68,1,57,442,0.9996666666666667,0.9090909090909091
69,1,55,444,0.9996666666666667,0.9090909090909091
70,1,51,448,0.9996666666666667,0.9090909090909091
71,1,48,451,0.9996666666666667,0.9090909090909091
72,1,46,453,0.9996666666666667,0.9090909090909091
73,1,43,456,0.9996666666666667,0.9090909090909091
74,1,42,457,0.9996666666666667,0.9090909090909091
75,1,42,457,0.9996666666666667,0.9090909090909091
76,1,40,459,0.9996666666666667,0.9090909090909091
77,1,38,461,0.9996666666666667,0.9090909090909091
78,1,37,462,0.9998333333333334,0.9545454545454546
79,1,34,465,0.9998333333333334,0.9545454545454546
80,1,33,466,0.9998333333333334,0.9545454545454546
81,1,32,467,0.9998333333333334,0.9545454545454546
82,1,32,467,0.9998333333333334,0.9545454545454546
83,1,32,467,0.9998333333333334,0.9545454545454546
84,1,30,469,0.9998333333333334,0.9545454545454546
85,1,30,469,0.9998333333333334,0.9545454545454546
86,1,29,470,0.9998333333333334,0.9545454545454546
87,1,26,473,0.9998333333333334,0.9545454545454546
88,1,25,474,0.9998333333333334,0.9545454545454546
89,1,23,476,0.9998333333333334,0.9545454545454546
90,1,21,478,0.9998333333333334,0.9545454545454546
91,1,20,479,0.9998333333333334,0.9545454545454546
92,1,19,480,0.9998333333333334,0.9545454545454546
93,1,18,481,0.9998333333333334,0.9545454545454546
94,1,16,483,0.9998333333333334,0.9545454545454546
95,1,14,485,0.9998333333333334,0.9545454545454546
96,1,12,487,0.9998333333333334,0.9545454545454546
97,1,10,489,0.9998333333333334,0.9545454545454546
98,1,10,489,0.9998333333333334,0.9545454545454546
99,1,10,489,0.9998333333333334,0.9545454545454546
100,1,10,489,0.9998333333333334,0.9545454545454546
101,1,8,491,1.0,1.0
102,1,8,491,1.0,1.0
103,1,8,491,1.0,1.0
104,1,8,491,1.0,1.0
105,1,7,492,1.0,1.0
106,1,7,492,1.0,1.0
107,1,7,492,1.0,1.0
108,1,7,492,1.0,1.0
109,1,7,492,1.0,1.0
110,1,6,493,1.0,1.0
111,1,6,493,1.0,1.0
112,1,6,493,1.0,1.0
113,1,6,493,1.0,1.0
114,1,5,494,1.0,1.0
115,0,6,494,1.0,
116,0,6,494,1.0,
117,0,6,494,1.0,
118,0,3,497,1.0,
119,0,3,497,1.0,
120,0,2,498,1.0,
121,0,2,498,1.0,
122,0,2,498,1.0,
123,0,2,498,1.0,
124,0,2,498,1.0,
125,0,2,498,1.0,
126,0,2,498,1.0,
127,0,2,498,1.0,
128,0,1,499,1.0,
129,0,1,499,1.0,
130,0,1,499,1.0,
131,0,1,499,1.0,
132,0,1,499,1.0,
133,0,1,499,1.0,
134,0,1,499,1.0,
135,0,1,499,1.0,
136,0,0,500,1.0,
137,0,0,500,1.0,
138,0,0,500,1.0,
139,0,0,500,1.0,
140,0,0,500,1.0,
141,0,0,500,1.0,
142,0,0,500,1.0,
143,0,0,500,1.0,
144,0,0,500,1.0,
145,0,0,500,1.0,
146,0,0,500,1.0,
147,0,0,500,1.0,
148,0,0,500,1.0,
149,0,0,500,1.0,
150,0,0,500,1.0,
151,0,0,500,1.0,
152,0,0,500,1.0,
153,0,0,500,1.0,
154,0,0,500,1.0,
155,0,0,500,1.0,
156,0,0,500,1.0,
157,0,0,500,1.0,
158,0,0,500,1.0,
159,0,0,500,1.0,
160,0,0,500,1.0,
161,0,0,500,1.0,
162,0,0,500,1.0,
163,0,0,500,1.0,
164,0,0,500,1.0,
165,0,0,500,1.0,
166,0,0,500,1.0,
167,0,0,500,1.0,
168,0,0,500,1.0,
169,0,0,500,1.0,
170,0,0,500,1.0,
171,0,0,500,1.0,
172,0,0,500,1.0,
173,0,0,500,1.0,
174,0,0,500,1.0,
175,0,0,500,1.0,
176,0,0,500,1.0,
177,0,0,500,1.0,
178,0,0,500,1.0,
179,0,0,500,1.0,
180,0,0,500,1.0,
181,0,0,500,1.0,
182,0,0,500,1.0,
183,0,0,500,1.0,
184,0,0,500,1.0,
185,0,0,500,1.0,
186,0,0,500,1.0,
187,0,0,500,1.0,
188,0,0,500,1.0,
189,0,0,500,1.0,
190,0,0,500,1.0,
191,0,0,500,1.0,
192,0,0,500,1.0,
193,0,0,500,1.0,
194,0,0,500,1.0,
195,0,0,500,1.0,
196,0,0,500,1.0,
197,0,0,500,1.0,
198,0,0,500,1.0,
199,0,0,500,1.0,
200,0,0,500,1.0,
1,498,2,0,0.998,1.0
2,497,3,0,0.995,0.998521766369819
3,494,6,0,0.9898333333333333,0.9959369610234761
4,491,9,0,0.9863333333333333,0.9941261840197326
5,490,9,1,0.9868333333333333,0.9943476012466173
6,481,18,1,0.9716666666666667,0.9863262040782745
7,476,22,2,0.9675,0.9839555545507932
8,470,26,4,0.9615,0.9805087723535088
9,460,36,4,0.9406666666666667,0.9687388394650759
10,445,49,6,0.9256666666666666,0.959117257230622
11,417,77,6,0.877,0.9270145337165201
12,393,94,13,0.8535,0.9073955592069941
13,372,110,18,0.8335,0.8884449528888356
14,339,135,26,0.8063333333333333,0.8574551382461094
15,312,156,32,0.7913333333333333,0.8326314492464064
16,286,171,43,0.7853333333333333,0.8116275152333247
17,255,194,51,0.7665,0.7706815848432544
18,232,209,59,0.7675,0.7492034552857675
19,206,230,64,0.7601666666666667,0.7082559258648904
20,180,249,71,0.7676666666666667,0.6766409439562079
21,151,264,85,0.7871666666666667,0.6462209746667248
22,124,280,96,0.8078333333333333,0.6127206828211108
23,107,287,106,0.8283333333333334,0.5996146152137606
24,88,292,120,0.8501666666666666,0.5747048156718944
25,71,297,132,0.8788333333333334,0.5718120773455136
26,63,290,147,0.8935,0.5773807168120852
27,51,284,165,0.9161666666666667,0.5888719639458375
28,42,280,178,0.9306666666666666,0.5881664393089306
29,35,279,186,0.9438333333333333,0.6019535211146881
30,29,272,199,0.9558333333333333,0.6228927488411783
31,25,264,211,0.9631666666666666,0.6369621502920708
32,20,262,218,0.9718333333333333,0.6523558957634938
33,15,261,224,0.9783333333333334,0.6469701223718437
34,14,253,233,0.9811666666666666,0.6689825704368982
35,13,247,240,0.9828333333333333,0.6779994475500815
36,11,241,248,0.986,0.6908157332273674
37,8,233,259,0.9906666666666667,0.7082045938155538
38,8,222,270,0.9911666666666666,0.7236546219307997
39,7,212,281,0.9925,0.7300333753073543
40,6,205,289,0.9938333333333333,0.7422981284352815
41,4,192,304,0.9958333333333333,0.7374701320268112
42,3,186,311,0.9963333333333333,0.6951303729472942
43,2,177,321,0.998,0.7507408027830776
44,1,171,328,0.9993333333333333,0.834156447536753
45,1,163,336,0.9993333333333333,0.834156447536753
46,1,157,342,0.9993333333333333,0.834156447536753
47,1,150,349,0.9993333333333333,0.834156447536753
48,1,144,355,0.9993333333333333,0.834156447536753
49,1,141,358,0.9993333333333333,0.834156447536753
50,1,138,361,0.9993333333333333,0.834156447536753
51,1,133,366,0.9995,0.8758642699135906
52,1,125,374,0.9995,0.8758642699135906
53,1,119,380,0.9995,0.8758642699135906
54,1,108,391,0.9995,0.8758642699135906
55,1,106,393,0.9995,0.8758642699135906
56,0,104,396,1.0,
57,0,100,400,1.0,
58,0,98,402,1.0,
59,0,95,405,1.0,
60,0,87,413,1.0,
61,0,86,414,1.0,
62,0,85,415,1.0,
63,0,78,422,1.0,
64,0,73,427,1.0,
65,0,69,431,1.0,
66,0,65,435,1.0,
67,0,62,438,1.0,
68,0,61,439,1.0,
69,0,60,440,1.0,
70,0,59,441,1.0,
71,0,58,442,1.0,
72,0,56,444,1.0,
73,0,52,448,1.0,
74,0,52,448,1.0,
75,0,49,451,1.0,
76,0,47,453,1.0,
77,0,46,454,1.0,
78,0,46,454,1.0,
79,0,44,456,1.0,
80,0,43,457,1.0,
81,0,42,458,1.0,
82,0,40,460,1.0,
83,0,39,461,1.0,
84,0,39,461,1.0,
85,0,37,463,1.0,
86,0,35,465,1.0,
87,0,33,467,1.0,
88,0,32,468,1.0,
89,0,30,470,1.0,
90,0,29,471,1.0,
91,0,28,472,1.0,
92,0,28,472,1.0,
93,0,28,472,1.0,
94,0,27,473,1.0,
95,0,26,474,1.0,
96,0,24,476,1.0,
97,0,21,479,1.0,
98,0,20,480,1.0,
99,0,19,481,1.0,
100,0,19,481,1.0,
101,0,19,481,1.0,
102,0,17,483,1.0,
103,0,16,484,1.0,
104,0,16,484,1.0,
105,0,15,485,1.0,
106,0,15,485,1.0,
107,0,15,485,1.0,
108,0,15,485,1.0,
109,0,15,485,1.0,
110,0,13,487,1.0,
111,0,12,488,1.0,
112,0,12,488,1.0,
113,0,10,490,1.0,
114,0,10,490,1.0,
115,0,9,491,1.0,
116,0,9,491,1.0,
117,0,9,491,1.0,
118,0,7,493,1.0,
119,0,7,493,1.0,
120,0,7,493,1.0,
121,0,7,493,1.0,
122,0,6,494,1.0,
123,0,6,494,1.0,
124,0,6,494,1.0,
125,0,5,495,1.0,
126,0,5,495,1.0,
127,0,5,495,1.0,
128,0,5,495,1.0,
129,0,5,495,1.0,
130,0,4,496,1.0,
131,0,4,496,1.0,
132,0,4,496,1.0,
133,0,4,496,1.0,
134,0,3,497,1.0,
135,0,3,497,1.0,
136,0,3,497,1.0,
137,0,2,498,1.0,
138,0,2,498,1.0,
139,0,2,498,1.0,
140,0,1,499,1.0,
141,0,0,500,1.0,
142,0,0,500,1.0,
143,0,0,500,1.0,
144,0,0,500,1.0,
145,0,0,500,1.0,
146,0,0,500,1.0,
147,0,0,500,1.0,
148,0,0,500,1.0,
149,0,0,500,1.0,
150,0,0,500,1.0,
151,0,0,500,1.0,
152,0,0,500,1.0,
153,0,0,500,1.0,
154,0,0,500,1.0,
155,0,0,500,1.0,
156,0,0,500,1.0,
157,0,0,500,1.0,
158,0,0,500,1.0,
159,0,0,500,1.0,
160,0,0,500,1.0,
161,0,0,500,1.0,
162,0,0,500,1.0,
163,0,0,500,1.0,
164,0,0,500,1.0,
165,0,0,500,1.0,
166,0,0,500,1.0,
167,0,0,500,1.0,
168,0,0,500,1.0,
169,0,0,500,1.0,
170,0,0,500,1.0,
171,0,0,500,1.0,
172,0,0,500,1.0,
173,0,0,500,1.0,
174,0,0,500,1.0,
175,0,0,500,1.0,
176,0,0,500,1.0,
177,0,0,500,1.0,
178,0,0,500,1.0,
179,0,0,500,1.0,
180,0,0,500,1.0,
181,0,0,500,1.0,
182,0,0,500,1.0,
183,0,0,500,1.0,
184,0,0,500,1.0,
185,0,0,500,1.0,
186,0,0,500,1.0,
187,0,0,500,1.0,
188,0,0,500,1.0,
189,0,0,500,1.0,
190,0,0,500,1.0,
191,0,0,500,1.0,
192,0,0,500,1.0,
193,0,0,500,1.0,
194,0,0,500,1.0,
195,0,0,500,1.0,
196,0,0,500,1.0,
197,0,0,500,1.0,
198,0,0,500,1.0,
199,0,0,500,1.0,
200,0,0,500,1.0,
1,499,1,0,1.0,1.0
2,497,3,0,0.997,0.9984843723331169
3,496,4,0,0.9938333333333333,0.9968762547352134
4,490,9,1,0.9858333333333333,0.9927874022031077
5,486,13,1,0.9798333333333333,0.9896376683659739
6,482,17,1,0.9696666666666667,0.9842900791619897
7,477,20,3,0.9671666666666666,0.9828701828660812
8,468,28,4,0.9538333333333333,0.9754370060654899
9,454,40,6,0.939,0.9665014746828576
10,433,59,8,0.9116666666666666,0.9489680234192736
11,416,72,12,0.895,0.9368196114511959
12,386,100,14,0.8598333333333333,0.908966114036844
13,358,123,19,0.8335,0.8833280551555923
14,325,149,26,0.8043333333333333,0.849095093196018
15,292,176,32,0.7726666666666666,0.8042839324558134
16,259,203,38,0.7568333333333334,0.7638810459563109
17,226,225,49,0.7555,0.7274050915093285
18,194,246,60,0.7623333333333333,0.6903704516076309
19,165,266,69,0.7745,0.6537148599503866
20,142,281,77,0.7973333333333333,0.6404668237797447
21,116,299,85,0.819,0.6055676929683677
22,108,294,98,0.8358333333333333,0.6163347072203755
23,94,294,112,0.8538333333333333,0.6072857361571516
24,74,307,119,0.8738333333333334,0.5674108498021542
25,63,313,124,0.8883333333333333,0.5503710262336902
26,44,322,134,0.9215,0.5465553691294797
27,33,319,148,0.9405,0.5417759854452872
28,25,318,157,0.9548333333333333,0.5403954872824438
29,18,307,175,0.9688333333333333,0.5551474491691883
30,14,298,188,0.9763333333333334,0.5631384764304019
31,12,285,203,0.9808333333333333,0.582696765794592
32,10,279,211,0.9846666666666667,0.5998478260869564
33,7,270,223,0.988,0.556600790513834
34,6,265,229,0.9895,0.5479183135704875
35,6,257,237,0.99,0.569407114624506
36,5,249,246,0.9921666666666666,0.5883794466403162
37,4,235,261,0.994,0.5968379446640316
38,3,225,272,0.9965,0.6818181818181818
39,1,219,280,0.9991666666666666,0.7727272727272727
40,1,211,288,0.9991666666666666,0.7727272727272727
41,1,200,299,0.9991666666666666,0.7727272727272727
42,1,190,309,0.9991666666666666,0.7727272727272727
43,0,184,316,1.0,
44,0,180,320,1.0,
45,0,169,331,1.0,
46,0,164,336,1.0,
47,0,150,350,1.0,
48,0,146,354,1.0,
49,0,136,364,1.0,
50,0,131,369,1.0,
51,0,127,373,1.0,
52,0,121,379,1.0,
53,0,116,384,1.0,
54,0,113,387,1.0,
55,0,110,390,1.0,
56,0,104,396,1.0,
57,0,99,401,1.0,
58,0,98,402,1.0,
59,0,92,408,1.0,
60,0,87,413,1.0,
61,0,83,417,1.0,
62,0,79,421,1.0,
63,0,74,426,1.0,
64,0,72,428,1.0,
65,0,69,431,1.0,
66,0,68,432,1.0,
67,0,67,433,1.0,
68,0,63,437,1.0,
69,0,61,439,1.0,
70,0,59,441,1.0,
71,0,56,444,1.0,
72,0,52,448,1.0,
73,0,50,450,1.0,
74,0,49,451,1.0,
75,0,47,453,1.0,
76,0,45,455,1.0,
77,0,42,458,1.0,
78,0,39,461,1.0,
79,0,38,462,1.0,
80,0,38,462,1.0,
81,0,37,463,1.0,
82,0,37,463,1.0,
83,0,33,467,1.0,
84,0,32,468,1.0,
85,0,31,469,1.0,
86,0,29,471,1.0,
87,0,29,471,1.0,
88,0,28,472,1.0,
89,0,28,472,1.0,
90,0,28,472,1.0,
91,0,27,473,1.0,
92,0,27,473,1.0,
93,0,26,474,1.0,
94,0,25,475,1.0,
95,0,25,475,1.0,
96,0,25,475,1.0,
97,0,25,475,1.0,
98,0,23,477,1.0,
99,0,21,479,1.0,
100,0,20,480,1.0,
101,0,18,482,1.0,
102,0,18,482,1.0,
103,0,17,483,1.0,
104,0,17,483,1.0,
105,0,17,483,1.0,
106,0,17,483,1.0,
107,0,17,483,1.0,
108,0,15,485,1.0,
109,0,15,485,1.0,
110,0,15,485,1.0,
111,0,14,486,1.0,
112,0,14,486,1.0,
113,0,13,487,1.0,
114,0,13,487,1.0,
115,0,11,489,1.0,
116,0,11,489,1.0,
117,0,10,490,1.0,
118,0,10,490,1.0,
119,0,10,490,1.0,
120,0,9,491,1.0,
121,0,9,491,1.0,
122,0,9,491,1.0,
123,0,9,491,1.0,
124,0,8,492,1.0,
125,0,7,493,1.0,
126,0,7,493,1.0,
127,0,7,493,1.0,
128,0,7,493,1.0,
129,0,7,493,1.0,
130,0,7,493,1.0,
131,0,6,494,1.0,
132,0,5,495,1.0,
133,0,5,495,1.0,
134,0,5,495,1.0,
135,0,5,495,1.0,
136,0,5,495,1.0,
137,0,5,495,1.0,
138,0,5,495,1.0,
139,0,5,495,1.0,
140,0,5,495,1.0,
141,0,5,495,1.0,
142,0,5,495,1.0,
143,0,3,497,1.0,
144,0,3,497,1.0,
145,0,2,498,1.0,
146,0,2,498,1.0,
147,0,2,498,1.0,
148,0,2,498,1.0,
149,0,2,498,1.0,
150,0,2,498,1.0,
151,0,2,498,1.0,
152,0,2,498,1.0,
153,0,2,498,1.0,
154,0,2,498,1.0,
155,0,2,498,1.0,
156,0,2,498,1.0,
157,0,2,498,1.0,
158,0,2,498,1.0,
159,0,2,498,1.0,
160,0,2,498,1.0,
161,0,2,498,1.0,
162,0,2,498,1.0,
163,0,2,498,1.0,
164,0,2,498,1.0,
165,0,2,498,1.0,
166,0,2,498,1.0,
167,0,2,498,1.0,
168,0,1,499,1.0,
169,0,1,499,1.0,
170,0,1,499,1.0,
171,0,1,499,1.0,
172,0,1,499,1.0,
173,0,1,499,1.0,
174,0,1,499,1.0,
175,0,1,499,1.0,
176,0,1,499,1.0,
177,0,1,499,1.0,
178,0,1,499,1.0,
179,0,1,499,1.0,
180,0,1,499,1.0,
181,0,1,499,1.0,
182,0,1,499,1.0,
183,0,1,499,1.0,
184,0,1,499,1.0,
185,0,1,499,1.0,
186,0,1,499,1.0,
187,0,1,499,1.0,
188,0,1,499,1.0,
189,0,1,499,1.0,
190,0,1,499,1.0,
191,0,1,499,1.0,
192,0,1,499,1.0,
193,0,1,499,1.0,
194,0,1,499,1.0,
195,0,1,499,1.0,
196,0,1,499,1.0,
197,0,1,499,1.0,
198,0,1,499,1.0,
199,0,1,499,1.0,
200,0,1,499,1.0,
1,498,2,0,0.997,0.9985266710118291
2,498,2,0,0.997,0.9985266710118291
3,496,4,0,0.9938333333333333,0.996935148201365
4,495,5,0,0.9918333333333333,0.9959329205253667
5,493,7,0,0.988,0.9939251671983835
6,489,11,0,0.9831666666666666,0.9913918523872289
7,479,20,1,0.9678333333333333,0.983208535973354
8,468,31,1,0.9488333333333333,0.972696856765047
9,453,45,2,0.926,0.9593320117583484
10,432,65,3,0.8945,0.9393401425280451
11,415,78,7,0.8786666666666667,0.9275769439415328
12,400,89,11,0.87,0.9193524041176215
13,370,114,16,0.8333333333333334,0.8880400064313108
14,339,141,20,0.8111666666666667,0.8611198650104639
15,307,166,27,0.7793333333333333,0.8202481407541513
16,276,189,35,0.7706666666666667,0.7921387434104733
17,248,205,47,0.7733333333333333,0.7715436940953091
18,216,225,59,0.775,0.7400781472731955
19,187,249,64,0.779,0.7049037781390722
20,164,261,75,0.7908333333333334,0.6817054552513194
21,144,271,85,0.8038333333333333,0.6596847825304951
22,120,283,97,0.8216666666666667,0.6282949976084035
23,97,295,108,0.8483333333333334,0.6089177291821846
24,74,304,122,0.8831666666666667,0.6032801648019039
25,60,307,133,0.9043333333333333,0.6011677078959686
26,45,309,146,0.9251666666666667,0.5836835724661811
27,37,301,162,0.94,0.5924392020044194
28,33,298,169,0.9471666666666667,0.598382138283324
29,31,290,179,0.9513333333333334,0.6049292030498202
30,21,286,193,0.9666666666666667,0.5941148553156834
31,16,278,206,0.9743333333333334,0.5889145998928608
32,12,273,215,0.9816666666666667,0.6139802287084896
33,9,260,231,0.9861666666666666,0.6120922153530848
34,7,243,250,0.99,0.6354026408374234
35,4,242,254,0.994,0.6267767558528428
36,4,230,266,0.9941666666666666,0.6371934225195094
37,4,221,275,0.9945,0.6584796544035674
38,3,215,282,0.9958333333333333,0.6557506503158677
39,3,210,287,0.9958333333333333,0.6557506503158677
40,3,202,295,0.9958333333333333,0.6557506503158677
41,2,199,299,0.9976666666666667,0.7227564102564102
42,2,182,316,0.998,0.7628205128205128
43,2,173,325,0.9986666666666667,0.842948717948718
44,2,166,332,0.9988333333333334,0.8621794871794872
45,2,158,340,0.9988333333333334,0.8621794871794872
46,1,156,343,0.9998333333333334,0.9583333333333334
47,1,151,348,0.9998333333333334,0.9583333333333334
48,1,144,355,0.9998333333333334,0.9583333333333334
49,1,137,362,1.0,1.0
50,0,131,369,1.0,
51,0,131,369,1.0,
52,0,130,370,1.0,
53,0,125,375,1.0,
54,0,119,381,1.0,
55,0,116,384,1.0,
56,0,113,387,1.0,
57,0,109,391,1.0,
58,0,105,395,1.0,
59,0,104,396,1.0,
60,0,100,400,1.0,
61,0,92,408,1.0,
62,0,87,413,1.0,
63,0,83,417,1.0,
64,0,80,420,1.0,
65,0,76,424,1.0,
66,0,74,426,1.0,
67,0,70,430,1.0,
68,0,69,431,1.0,
69,0,66,434,1.0,
70,0,63,437,1.0,
71,0,59,441,1.0,
72,0,59,441,1.0,
73,0,58,442,1.0,
74,0,55,445,1.0,
75,0,51,449,1.0,
76,0,47,453,1.0,
77,0,44,456,1.0,
78,0,42,458,1.0,
79,0,42,458,1.0,
80,0,38,462,1.0,
81,0,36,464,1.0,
82,0,32,468,1.0,
83,0,30,470,1.0,
84,0,29,471,1.0,
85,0,29,471,1.0,
86,0,26,474,1.0,
87,0,26,474,1.0,
88,0,25,475,1.0,
89,0,23,477,1.0,
90,0,22,478,1.0,
91,0,20,480,1.0,
92,0,19,481,1.0,
93,0,19,481,1.0,
94,0,18,482,1.0,
95,0,17,483,1.0,
96,0,16,484,1.0,
97,0,16,484,1.0,
98,0,16,484,1.0,
99,0,15,485,1.0,
100,0,15,485,1.0,
101,0,15,485,1.0,
102,0,15,485,1.0,
103,0,15,485,1.0,
104,0,13,487,1.0,
105,0,13,487,1.0,
106,0,13,487,1.0,
107,0,12,488,1.0,
108,0,12,488,1.0,
109,0,11,489,1.0,
110,0,10,490,1.0,
111,0,10,490,1.0,
112,0,10,490,1.0,
113,0,10,490,1.0,
114,0,10,490,1.0,
115,0,10,490,1.0,
116,0,10,490,1.0,
117,0,7,493,1.0,
118,0,7,493,1.0,
119,0,7,493,1.0,
120,0,7,493,1.0,
121,0,7,493,1.0,
122,0,7,493,1.0,
123,0,6,494,1.0,
124,0,6,494,1.0,
125,0,6,494,1.0,
126,0,6,494,1.0,
127,0,6,494,1.0,
128,0,5,495,1.0,
129,0,5,495,1.0,
130,0,5,495,1.0,
131,0,5,495,1.0,
132,0,5,495,1.0,
133,0,5,495,1.0,
134,0,5,495,1.0,
135,0,4,496,1.0,
136,0,4,496,1.0,
137,0,4,496,1.0,
138,0,4,496,1.0,
139,0,4,496,1.0,
140,0,4,496,1.0,
141,0,3,497,1.0,
142,0,3,497,1.0,
143,0,3,497,1.0,
144,0,3,497,1.0,
145,0,3,497,1.0,
146,0,3,497,1.0,
147,0,2,498,1.0,
148,0,2,498,1.0,
149,0,2,498,1.0,
150,0,1,499,1.0,
151,0,1,499,1.0,
152,0,1,499,1.0,
153,0,1,499,1.0,
154,0,1,499,1.0,
155,0,1,499,1.0,
156,0,1,499,1.0,
157,0,1,499,1.0,
158,0,1,499,1.0,
159,0,1,499,1.0,
160,0,1,499,1.0,
161,0,1,499,1.0,
162,0,1,499,1.0,
163,0,1,499,1.0,
164,0,1,499,1.0,
165,0,1,499,1.0,
166,0,1,499,1.0,
167,0,1,499,1.0,
168,0,1,499,1.0,
169,0,1,499,1.0,
170,0,1,499,1.0,
171,0,1,499,1.0,
172,0,1,499,1.0,
173,0,1,499,1.0,
174,0,1,499,1.0,
175,0,1,499,1.0,
176,0,1,499,1.0,
177,0,1,499,1.0,
178,0,1,499,1.0,
179,0,1,499,1.0,
180,0,0,500,1.0,
181,0,0,500,1.0,
182,0,0,500,1.0,
183,0,0,500,1.0,
184,0,0,500,1.0,
185,0,0,500,1.0,
186,0,0,500,1.0,
187,0,0,500,1.0,
188,0,0,500,1.0,
189,0,0,500,1.0,
190,0,0,500,1.0,
191,0,0,500,1.0,
192,0,0,500,1.0,
193,0,0,500,1.0,
194,0,0,500,1.0,
195,0,0,500,1.0,
196,0,0,500,1.0,
197,0,0,500,1.0,
198,0,0,500,1.0,
199,0,0,500,1.0,
200,0,0,500,1.0,
1,499,1,0,1.0,1.0
2,499,1,0,1.0,1.0
3,498,2,0,0.9976666666666667,0.9988600792368035
4,496,3,1,0.9953333333333333,0.9976684842318607
5,496,3,1,0.9953333333333333,0.9976684842318607
6,495,4,1,0.9935,0.9967222846120518
7,492,6,2,0.9911666666666666,0.9955514345767085
8,490,8,2,0.9891666666666666,0.9945162430326584
9,482,15,3,0.9785,0.9889323709745863
10,476,20,4,0.9731666666666666,0.9859784966653801
11,467,28,5,0.9573333333333334,0.977303086955354
12,452,42,6,0.9341666666666667,0.9636407629073078
13,429,64,7,0.8925,0.9373051287979838
14,396,95,9,0.8443333333333334,0.9022650741392507
15,374,108,18,0.8273333333333334,0.8850113937058834
16,346,129,25,0.801,0.8567084812416554
17,305,160,35,0.7721666666666667,0.8130122138827014
18,268,193,39,0.76,0.775473112838126
19,239,217,44,0.7586666666666667,0.7472515972202967
20,212,230,58,0.7738333333333334,0.7330402528608025
21,178,256,66,0.7803333333333333,0.6913966894890198
22,156,271,73,0.791,0.6651369347857642
23,131,280,89,0.82,0.6550755617383563
24,102,305,93,0.8401666666666666,0.6062478174157628
25,85,302,113,0.862,0.5912289040882391
26,74,307,119,0.8781666666666667,0.5849969781491521
27,59,301,140,0.906,0.5991158767540494
28,47,300,153,0.9263333333333333,0.6047843768935351
29,40,301,159,0.9388333333333333,0.6141220609101044
30,34,299,167,0.9485,0.6172251980755817
31,30,285,185,0.9573333333333334,0.644403297185906
32,28,276,196,0.9611666666666666,0.6544318181818182
33,27,262,211,0.965,0.6772692927040753
34,24,257,219,0.9696666666666667,0.6847654217762913
35,21,242,237,0.9748333333333333,0.7023232081927735
36,19,232,249,0.9785,0.7196674454454776
37,18,224,258,0.9813333333333333,0.7450766021418196
38,16,213,271,0.9835,0.7459205558933819
39,12,208,280,0.9886666666666667,0.7686851373264417
40,12,206,282,0.9888333333333333,0.7720184706597751
41,12,196,292,0.9898333333333333,0.7929124438363568
42,10,184,306,0.9916666666666667,0.79292216479173
43,10,178,312,0.9921666666666666,0.8054366575453532
44,10,172,318,0.9925,0.8134494780581736
45,8,163,329,0.9946666666666667,0.8332701809060504
46,7,160,333,0.996,0.8534076792772444
47,7,152,341,0.9963333333333333,0.865571240353849
48,7,147,346,0.9963333333333333,0.865571240353849
49,6,145,349,0.9966666666666667,0.8570553359683794
50,5,141,354,0.9968333333333333,0.837129117259552
51,4,136,360,0.9975,0.8380780632411067
52,4,132,364,0.9975,0.8380780632411067
53,4,131,365,0.9975,0.8380780632411067
54,4,127,369,0.9975,0.8380780632411067
55,4,121,375,0.9975,0.8380780632411067
56,4,117,379,0.9975,0.8380780632411067
57,2,116,382,0.999,0.8766666666666667
58,2,112,386,0.999,0.8766666666666667
59,1,111,388,0.9995,0.88
60,1,105,394,0.9995,0.88
61,1,101,398,0.9995,0.88
62,1,98,401,0.9995,0.88
63,1,93,406,0.9995,0.88
64,1,91,408,0.9995,0.88
65,1,87,412,0.9995,0.88
66,1,83,416,0.9995,0.88
67,1,80,419,0.9995,0.88
68,1,75,424,0.9995,0.88
69,1,74,425,0.9995,0.88
70,1,73,426,0.9995,0.88
71,1,68,431,0.9995,0.88
72,1,65,434,0.9996666666666667,0.92
73,1,60,439,0.9996666666666667,0.92
74,1,58,441,0.9996666666666667,0.92
75,1,55,444,0.9996666666666667,0.92
76,1,53,446,0.9996666666666667,0.92
77,1,50,449,0.9996666666666667,0.92
78,1,47,452,0.9996666666666667,0.92
79,1,45,454,0.9998333333333334,0.96
80,1,45,454,0.9998333333333334,0.96
81,1,45,454,0.9998333333333334,0.96
82,1,44,455,0.9998333333333334,0.96
83,1,42,457,0.9998333333333334,0.96
84,1,40,459,0.9998333333333334,0.96
85,1,37,462,0.9998333333333334,0.96
86,1,36,463,0.9998333333333334,0.96
87,1,35,464,0.9998333333333334,0.96
88,0,34,466,1.0,
89,0,31,469,1.0,
90,0,31,469,1.0,
91,0,30,470,1.0,
92,0,28,472,1.0,
93,0,26,474,1.0,
94,0,26,474,1.0,
95,0,24,476,1.0,
96,0,23,477,1.0,
97,0,20,480,1.0,
98,0,20,480,1.0,
99,0,19,481,1.0,
100,0,17,483,1.0,
101,0,17,483,1.0,
102,0,17,483,1.0,
103,0,15,485,1.0,
104,0,14,486,1.0,
105,0,14,486,1.0,
106,0,14,486,1.0,
107,0,14,486,1.0,
108,0,14,486,1.0,
109,0,14,486,1.0,
110,0,14,486,1.0,
111,0,14,486,1.0,
112,0,13,487,1.0,
113,0,13,487,1.0,
114,0,13,487,1.0,
115,0,13,487,1.0,
116,0,13,487,1.0,
117,0,13,487,1.0,
118,0,13,487,1.0,
119,0,13,487,1.0,
120,0,13,487,1.0,
121,0,13,487,1.0,
122,0,11,489,1.0,
123,0,11,489,1.0,
124,0,11,489,1.0,
125,0,11,489,1.0,
126,0,10,490,1.0,
127,0,9,491,1.0,
128,0,9,491,1.0,
129,0,9,491,1.0,
130,0,9,491,1.0,
131,0,8,492,1.0,
132,0,8,492,1.0,
133,0,8,492,1.0,
134,0,8,492,1.0,
135,0,8,492,1.0,
136,0,8,492,1.0,
137,0,8,492,1.0,
138,0,8,492,1.0,
139,0,8,492,1.0,
140,0,7,493,1.0,
141,0,7,493,1.0,
142,0,7,493,1.0,
143,0,5,495,1.0,
144,0,5,495,1.0,
145,0,5,495,1.0,
146,0,5,495,1.0,
147,0,5,495,1.0,
148,0,5,495,1.0,
149,0,5,495,1.0,
150,0,5,495,1.0,
151,0,4,496,1.0,
152,0,4,496,1.0,
153,0,3,497,1.0,
154,0,3,497,1.0,
155,0,3,497,1.0,
156,0,3,497,1.0,
157,0,3,497,1.0,
158,0,2,498,1.0,
159,0,2,498,1.0,
160,0,2,498,1.0,
161,0,2,498,1.0,
162,0,2,498,1.0,
163,0,2,498,1.0,
164,0,2,498,1.0,
165,0,2,498,1.0,
166,0,2,498,1.0,
167,0,2,498,1.0,
168,0,2,498,1.0,
169,0,2,498,1.0,
170,0,2,498,1.0,
171,0,2,498,1.0,
172,0,2,498,1.0,
173,0,2,498,1.0,
174,0,2,498,1.0,
175,0,2,498,1.0,
176,0,2,498,1.0,
177,0,2,498,1.0,
178,0,2,498,1.0,
179,0,2,498,1.0,
180,0,2,498,1.0,
181,0,2,498,1.0,
182,0,2,498,1.0,
183,0,2,498,1.0,
184,0,2,498,1.0,
185,0,2,498,1.0,
186,0,2,498,1.0,
187,0,2,498,1.0,
188,0,2,498,1.0,
189,0,2,498,1.0,
190,0,2,498,1.0,
191,0,2,498,1.0,
192,0,2,498,1.0,
193,0,2,498,1.0,
194,0,2,498,1.0,
195,0,2,498,1.0,
196,0,2,498,1.0,
197,0,2,498,1.0,
198,0,2,498,1.0,
199,0,2,498,1.0,
200,0,2,498,1.0,
1,498,2,0,0.9971666666666666,1.0
2,495,5,0,0.9911666666666666,0.9968738356361929
3,494,6,0,0.9888333333333333,0.9956608454602492
4,491,8,1,0.9866666666666667,0.9945529705864388
5,489,9,2,0.9855,0.9938954654484761
6,484,13,3,0.9798333333333333,0.9908752214854835
7,477,18,5,0.9798333333333333,0.990819300044057
8,464,31,5,0.958,0.9789779022151022
9,456,38,6,0.9468333333333333,0.9724006930256441
10,443,46,11,0.9355,0.9651140003857548
11,422,66,12,0.895,0.9392186435051433
12,394,89,17,0.8493333333333334,0.905987776001207
13,364,117,19,0.8111666666666667,0.871849600039976
14,334,140,26,0.7768333333333334,0.8340637103326879
15,306,165,29,0.7503333333333333,0.7969858695512685
16,277,181,42,0.749,0.7742750574940178
17,251,199,50,0.7443333333333333,0.7455084627017617
18,220,222,58,0.7488333333333334,0.7147220045850934
19,201,235,64,0.755,0.6946967767118638
20,176,252,72,0.7683333333333333,0.6712727598956347
21,149,265,86,0.7938333333333333,0.6539219410693476
22,127,275,98,0.8251666666666667,0.6562209410933776
23,115,267,118,0.8473333333333334,0.66789238537309
24,95,275,130,0.8683333333333333,0.6520608884304369
25,76,282,142,0.8905,0.6392299597208887
26,64,271,165,0.9121666666666667,0.6557572363838956
27,54,268,178,0.9236666666666666,0.6441650892958886
28,43,270,187,0.936,0.6292517847156078
29,33,267,200,0.9481666666666667,0.6047164737392166
30,25,264,211,0.9601666666666666,0.5999700296845698
31,19,263,218,0.9688333333333333,0.5903661356734738
32,16,253,231,0.9751666666666666,0.612909584148621
33,13,237,250,0.9815,0.6450052026517619
34,12,225,263,0.9831666666666666,0.6518532152211454
35,8,225,267,0.9883333333333333,0.6379101403087948
36,7,218,275,0.9905,0.6661203740349861
37,7,206,287,0.991,0.6835449282941318
38,4,197,299,0.9953333333333333,0.7118398924043065
39,3,187,310,0.9971666666666666,0.7565326778853592
40,3,176,321,0.9975,0.7849555682615476
41,3,173,324,0.9975,0.7849555682615476
42,3,167,330,0.9975,0.7849555682615476
43,2,159,339,0.9985,0.8073310351534407
44,2,154,344,0.9985,0.8073310351534407
45,2,150,348,0.9986666666666667,0.8291017596969045
46,2,145,353,0.9986666666666667,0.8291017596969045
47,2,134,364,0.9988333333333334,0.850872484240368
48,2,129,369,0.9988333333333334,0.850872484240368
49,2,123,375,0.999,0.8717360952611873
50,2,120,378,0.999,0.8717360952611873
51,2,113,385,0.9991666666666666,0.8925997062820065
52,1,109,390,0.9995,0.870828981738543
53,1,105,394,0.9995,0.870828981738543
54,1,100,399,0.9995,0.870828981738543
55,1,97,402,0.9995,0.870828981738543
56,1,96,403,0.9995,0.870828981738543
57,1,91,408,0.9995,0.870828981738543
58,1,89,410,0.9995,0.870828981738543
59,1,83,416,0.9995,0.870828981738543
60,1,81,418,0.9995,0.870828981738543
61,1,77,422,0.9996666666666667,0.9143704308254701
62,1,74,425,0.9996666666666667,0.9143704308254701
63,1,70,429,0.9996666666666667,0.9143704308254701
64,1,68,431,0.9996666666666667,0.9143704308254701
65,1,67,432,0.9996666666666667,0.9143704308254701
66,1,64,435,0.9996666666666667,0.9143704308254701
67,0,64,436,1.0,
68,0,63,437,1.0,
69,0,63,437,1.0,
70,0,62,438,1.0,
71,0,59,441,1.0,
72,0,59,441,1.0,
73,0,57,443,1.0,
74,0,56,444,1.0,
75,0,55,445,1.0,
76,0,53,447,1.0,
77,0,46,454,1.0,
78,0,44,456,1.0,
79,0,43,457,1.0,
80,0,41,459,1.0,
81,0,40,460,1.0,
82,0,38,462,1.0,
83,0,38,462,1.0,
84,0,37,463,1.0,
85,0,36,464,1.0,
86,0,36,464,1.0,
87,0,34,466,1.0,
88,0,33,467,1.0,
89,0,31,469,1.0,
90,0,31,469,1.0,
91,0,28,472,1.0,
92,0,27,473,1.0,
93,0,26,474,1.0,
94,0,25,475,1.0,
95,0,24,476,1.0,
96,0,24,476,1.0,
97,0,24,476,1.0,
98,0,24,476,1.0,
99,0,21,479,1.0,
100,0,21,479,1.0,
101,0,21,479,1.0,
102,0,20,480,1.0,
103,0,19,481,1.0,
104,0,18,482,1.0,
105,0,18,482,1.0,
106,0,18,482,1.0,
107,0,17,483,1.0,
108,0,15,485,1.0,
109,0,15,485,1.0,
110,0,15,485,1.0,
111,0,14,486,1.0,
112,0,14,486,1.0,
113,0,13,487,1.0,
114,0,11,489,1.0,
115,0,11,489,1.0,
116,0,11,489,1.0,
117,0,11,489,1.0,
118,0,10,490,1.0,
119,0,10,490,1.0,
120,0,10,490,1.0,
121,0,10,490,1.0,
122,0,10,490,1.0,
123,0,10,490,1.0,
124,0,9,491,1.0,
125,0,9,491,1.0,
126,0,9,491,1.0,
127,0,9,491,1.0,
128,0,9,491,1.0,
129,0,9,491,1.0,
130,0,7,493,1.0,
131,0,7,493,1.0,
132,0,4,496,1.0,
133,0,4,496,1.0,
134,0,3,497,1.0,
135,0,3,497,1.0,
136,0,3,497,1.0,
137,0,3,497,1.0,
138,0,3,497,1.0,
139,0,3,497,1.0,
140,0,3,497,1.0,
141,0,3,497,1.0,
142,0,3,497,1.0,
143,0,3,497,1.0,
144,0,3,497,1.0,
145,0,3,497,1.0,
146,0,3,497,1.0,
147,0,3,497,1.0,
148,0,2,498,1.0,
149,0,2,498,1.0,
150,0,2,498,1.0,
151,0,2,498,1.0,
152,0,2,498,1.0,
153,0,2,498,1.0,
154,0,1,499,1.0,
155,0,1,499,1.0,
156,0,1,499,1.0,
157,0,1,499,1.0,
158,0,1,499,1.0,
159,0,1,499,1.0,
160,0,1,499,1.0,
161,0,1,499,1.0,
162,0,1,499,1.0,
163,0,1,499,1.0,
164,0,1,499,1.0,
165,0,1,499,1.0,
166,0,1,499,1.0,
167,0,1,499,1.0,
168,0,1,499,1.0,
169,0,1,499,1.0,
170,0,1,499,1.0,
171,0,1,499,1.0,
172,0,1,499,1.0,
173,0,1,499,1.0,
174,0,1,499,1.0,
175,0,1,499,1.0,
176,0,1,499,1.0,
177,0,1,499,1.0,
178,0,1,499,1.0,
179,0,1,499,1.0,
180,0,1,499,1.0,
181,0,1,499,1.0,
182,0,1,499,1.0,
183,0,1,499,1.0,
184,0,1,499,1.0,
185,0,1,499,1.0,
186,0,1,499,1.0,
187,0,1,499,1.0,
188,0,1,499,1.0,
189,0,1,499,1.0,
190,0,1,499,1.0,
191,0,1,499,1.0,
192,0,1,499,1.0,
193,0,1,499,1.0,
194,0,1,499,1.0,
195,0,1,499,1.0,
196,0,1,499,1.0,
197,0,1,499,1.0,
198,0,1,499,1.0,
199,0,1,499,1.0,
200,0,1,499,1.0,
1,498,1,1,1.0,1.0
2,497,2,1,0.9968333333333333,0.9983887304419192
3,496,3,1,0.9943333333333333,0.9971086086268415
4,496,3,1,0.9943333333333333,0.9971086086268415
5,494,5,1,0.994,0.996916583289581
6,493,6,1,0.9916666666666667,0.995690222964233
7,487,9,4,0.9866666666666667,0.9930729432358751
8,483,13,4,0.9818333333333333,0.9905520491284288
9,477,19,4,0.9716666666666667,0.9850733763749898
10,463,32,5,0.9495,0.9726563858472957
11,445,48,7,0.9258333333333333,0.9581133280766891
12,430,63,7,0.9013333333333333,0.9423472207865535
13,419,71,10,0.89,0.9339326606391045
14,388,101,11,0.8421666666666666,0.8982448240538783
15,362,118,20,0.8298333333333333,0.8823847878796233
16,333,139,28,0.8103333333333333,0.8575009342642191
17,289,177,34,0.7825,0.8116615002304698
18,268,190,42,0.7756666666666666,0.7907262302773239
19,242,208,50,0.7706666666666667,0.7631015461847086
20,208,230,62,0.7693333333333333,0.722805978688885
21,170,258,72,0.7921666666666667,0.6945365858865182
22,148,267,85,0.8063333333333333,0.672639176165391
23,129,271,100,0.8213333333333334,0.6529843117253653
24,107,288,105,0.8348333333333333,0.6137274777419862
25,88,293,119,0.8575,0.5933237028929891
26,76,287,137,0.8795,0.5995521815334375
27,58,290,152,0.9043333333333333,0.5831117823147544
28,49,289,162,0.918,0.5781681704133292
29,43,281,176,0.93,0.590610387880655
30,35,276,189,0.9446666666666667,0.6009370714672139
31,24,272,204,0.9631666666666666,0.6129296485578455
32,20,265,215,0.9698333333333333,0.6192003608781103
33,17,261,222,0.9743333333333334,0.6169469784348677
34,15,252,233,0.9773333333333334,0.6174083374236826
35,13,247,240,0.9803333333333333,0.6163685944632237
36,11,246,243,0.984,0.6302753529247368
37,9,234,257,0.9875,0.6485183606453854
38,7,229,264,0.991,0.6683331303535908
39,6,225,269,0.9923333333333333,0.670446623093682
40,6,216,278,0.9926666666666667,0.6840577342047931
41,5,209,286,0.9943333333333333,0.7008692810457517
42,5,205,290,0.9945,0.7082766884531592
43,5,196,299,0.995,0.7326100217864925
44,5,185,310,0.9953333333333333,0.7492766884531591
45,5,177,318,0.9955,0.7576100217864924
46,5,167,328,0.9958333333333333,0.7742766884531591
47,4,164,332,0.9961666666666666,0.7386791938997821
48,4,158,338,0.9965,0.7626443355119825
49,4,149,347,0.997,0.7977668845315905
50,4,140,356,0.9971666666666666,0.8070261437908497
51,3,128,369,0.9978333333333333,0.7936274509803921
52,2,125,373,0.9983333333333333,0.7529411764705882
53,2,117,381,0.9983333333333333,0.7529411764705882
54,2,112,386,0.9985,0.7729411764705882
55,2,103,395,0.9986666666666667,0.7929411764705883
56,2,97,401,0.9986666666666667,0.7929411764705883
57,2,97,401,0.9986666666666667,0.7929411764705883
58,2,95,403,0.9986666666666667,0.7929411764705883
59,2,92,406,0.9988333333333334,0.8223529411764705
60,2,87,411,0.9988333333333334,0.8223529411764705
61,2,84,414,0.9991666666666666,0.871764705882353
62,2,81,417,0.9991666666666666,0.871764705882353
63,2,78,420,0.9993333333333333,0.9011764705882352
64,2,75,423,0.9993333333333333,0.9011764705882352
65,2,73,425,0.9993333333333333,0.9011764705882352
66,2,71,427,0.9993333333333333,0.9011764705882352
67,2,68,430,0.9993333333333333,0.9011764705882352
68,2,67,431,0.9993333333333333,0.9011764705882352
69,1,65,434,0.9996666666666667,0.92
70,1,60,439,0.9996666666666667,0.92
71,1,58,441,0.9996666666666667,0.92
72,1,56,443,0.9996666666666667,0.92
73,0,53,447,1.0,
74,0,50,450,1.0,
75,0,49,451,1.0,
76,0,47,453,1.0,
77,0,45,455,1.0,
78,0,44,456,1.0,
79,0,42,458,1.0,
80,0,39,461,1.0,
81,0,37,463,1.0,
82,0,36,464,1.0,
83,0,35,465,1.0,
84,0,34,466,1.0,
85,0,30,470,1.0,
86,0,28,472,1.0,
87,0,26,474,1.0,
88,0,26,474,1.0,
89,0,22,478,1.0,
90,0,22,478,1.0,
91,0,21,479,1.0,
92,0,20,480,1.0,
93,0,19,481,1.0,
94,0,19,481,1.0,
95,0,19,481,1.0,
96,0,16,484,1.0,
97,0,16,484,1.0,
98,0,15,485,1.0,
99,0,15,485,1.0,
100,0,15,485,1.0,
101,0,14,486,1.0,
102,0,13,487,1.0,
103,0,13,487,1.0,
104,0,13,487,1.0,
105,0,12,488,1.0,
106,0,12,488,1.0,
107,0,12,488,1.0,
108,0,11,489,1.0,
109,0,10,490,1.0,
110,0,10,490,1.0,
111,0,10,490,1.0,
112,0,9,491,1.0,
113,0,9,491,1.0,
114,0,9,491,1.0,
115,0,9,491,1.0,
116,0,9,491,1.0,
117,0,8,492,1.0,
118,0,8,492,1.0,
119,0,8,492,1.0,
120,0,8,492,1.0,
121,0,8,492,1.0,
122,0,7,493,1.0,
123,0,7,493,1.0,
124,0,7,493,1.0,
125,0,7,493,1.0,
126,0,7,493,1.0,
127,0,7,493,1.0,
128,0,7,493,1.0,
129,0,7,493,1.0,
130,0,7,493,1.0,
131,0,7,493,1.0,
132,0,7,493,1.0,
133,0,7,493,1.0,
134,0,7,493,1.0,
135,0,7,493,1.0,
136,0,7,493,1.0,
137,0,7,493,1.0,
138,0,7,493,1.0,
139,0,7,493,1.0,
140,0,7,493,1.0,
141,0,7,493,1.0,
142,0,7,493,1.0,
143,0,7,493,1.0,
144,0,7,493,1.0,
145,0,7,493,1.0,
146,0,7,493,1.0,
147,0,7,493,1.0,
148,0,6,494,1.0,
149,0,5,495,1.0,
150,0,5,495,1.0,
151,0,5,495,1.0,
152,0,5,495,1.0,
153,0,5,495,1.0,
154,0,5,495,1.0,
155,0,5,495,1.0,
156,0,5,495,1.0,
157,0,5,495,1.0,
158,0,4,496,1.0,
159,0,4,496,1.0,
160,0,4,496,1.0,
161,0,4,496,1.0,
162,0,4,496,1.0,
163,0,4,496,1.0,
164,0,4,496,1.0,
165,0,4,496,1.0,
166,0,4,496,1.0,
167,0,4,496,1.0,
168,0,4,496,1.0,
169,0,4,496,1.0,
170,0,4,496,1.0,
171,0,4,496,1.0,
172,0,3,497,1.0,
173,0,2,498,1.0,
174,0,2,498,1.0,
175,0,2,498,1.0,
176,0,2,498,1.0,
177,0,2,498,1.0,
178,0,2,498,1.0,
179,0,2,498,1.0,
180,0,2,498,1.0,
181,0,2,498,1.0,
182,0,2,498,1.0,
183,0,2,498,1.0,
184,0,2,498,1.0,
185,0,2,498,1.0,
186,0,2,498,1.0,
187,0,1,499,1.0,
188,0,1,499,1.0,
189,0,0,500,1.0,
190,0,0,500,1.0,
191,0,0,500,1.0,
192,0,0,500,1.0,
193,0,0,500,1.0,
194,0,0,500,1.0,
195,0,0,500,1.0,
196,0,0,500,1.0,
197,0,0,500,1.0,
198,0,0,500,1.0,
199,0,0,500,1.0,
200,0,0,500,1.0,
1,498,2,0,0.9986666666666667,1.0
2,497,3,0,0.9956666666666667,0.998473995618508
3,493,6,1,0.9906666666666667,0.9958267314162497
4,488,11,1,0.9826666666666667,0.9916711162482356
5,481,18,1,0.9705,0.9853075630234492
6,469,29,2,0.9556666666666667,0.9771327949718535
7,450,44,6,0.9246666666666666,0.9589541950942652
8,434,58,8,0.8976666666666666,0.9418427833932403
9,413,77,10,0.8655,0.91934154268954
10,380,106,14,0.82,0.8825035888190358
11,347,135,18,0.7971666666666667,0.8545975027284672
12,330,146,24,0.7951666666666667,0.8453398892748996
13,294,178,28,0.7705,0.8046163840042138
14,260,206,34,0.7541666666666667,0.7629783045201434
15,236,221,43,0.7598333333333334,0.7449167511024356
16,211,233,56,0.7671666666666667,0.7234911231307986
17,185,247,68,0.7831666666666667,0.7058896030864863
18,151,265,84,0.8025,0.6733013364387238
19,123,276,101,0.8245,0.6437053643555603
20,102,290,108,0.8511666666666666,0.6370965017963167
21,87,291,122,0.8728333333333333,0.6342772774451039
22,75,289,136,0.8915,0.6377403853391715
23,64,291,145,0.9055,0.6307184897079392
24,55,288,157,0.914,0.6083830166923084
25,47,286,167,0.9276666666666666,0.6149180120888567
26,36,281,183,0.944,0.6108118367156951
27,30,274,196,0.9556666666666667,0.6260702119340807
28,26,267,207,0.9613333333333334,0.625107645733583
29,21,265,214,0.9681666666666666,0.616635007989878
30,15,259,226,0.9773333333333334,0.6154295046305739
31,11,258,231,0.9836666666666667,0.6156901856676219
32,6,254,240,0.9916666666666667,0.658147878419463
33,3,242,255,0.9963333333333333,0.7136781405216778
34,3,234,263,0.9965,0.7260319251940281
35,2,219,279,0.9976666666666667,0.7323323553769268
36,2,212,286,0.9978333333333333,0.7508630323854522
37,1,209,290,0.999,0.7604989844298854
38,1,202,297,0.999,0.7604989844298854
39,1,194,305,0.999,0.7604989844298854
40,1,185,314,0.9991666666666666,0.8005252467683005
41,1,179,320,0.9991666666666666,0.8005252467683005
42,0,176,324,1.0,
43,0,171,329,1.0,
44,0,162,338,1.0,
45,0,155,345,1.0,
46,0,146,354,1.0,
47,0,142,358,1.0,
48,0,136,364,1.0,
49,0,134,366,1.0,
50,0,131,369,1.0,
51,0,124,376,1.0,
52,0,119,381,1.0,
53,0,114,386,1.0,
54,0,109,391,1.0,
55,0,103,397,1.0,
56,0,98,402,1.0,
57,0,93,407,1.0,
58,0,91,409,1.0,
59,0,87,413,1.0,
60,0,86,414,1.0,
61,0,84,416,1.0,
62,0,79,421,1.0,
63,0,76,424,1.0,
64,0,73,427,1.0,
65,0,70,430,1.0,
66,0,68,432,1.0,
67,0,66,434,1.0,
68,0,66,434,1.0,
69,0,63,437,1.0,
70,0,59,441,1.0,
71,0,56,444,1.0,
72,0,54,446,1.0,
73,0,51,449,1.0,
74,0,49,451,1.0,
75,0,46,454,1.0,
76,0,42,458,1.0,
77,0,41,459,1.0,
78,0,40,460,1.0,
79,0,38,462,1.0,
80,0,35,465,1.0,
81,0,35,465,1.0,
82,0,32,468,1.0,
83,0,32,468,1.0,
84,0,30,470,1.0,
85,0,29,471,1.0,
86,0,29,471,1.0,
87,0,29,471,1.0,
88,0,28,472,1.0,
89,0,27,473,1.0,
90,0,26,474,1.0,
91,0,26,474,1.0,
92,0,26,474,1.0,
93,0,26,474,1.0,
94,0,25,475,1.0,
95,0,23,477,1.0,
96,0,22,478,1.0,
97,0,22,478,1.0,
98,0,22,478,1.0,
99,0,21,479,1.0,
100,0,20,480,1.0,
101,0,20,480,1.0,
102,0,20,480,1.0,
103,0,19,481,1.0,
104,0,19,481,1.0,
105,0,19,481,1.0,
106,0,17,483,1.0,
107,0,17,483,1.0,
108,0,16,484,1.0,
109,0,15,485,1.0,
110,0,15,485,1.0,
111,0,14,486,1.0,
112,0,14,486,1.0,
113,0,12,488,1.0,
114,0,11,489,1.0,
115,0,11,489,1.0,
116,0,11,489,1.0,
117,0,11,489,1.0,
118,0,10,490,1.0,
119,0,10,490,1.0,
120,0,10,490,1.0,
121,0,10,490,1.0,
122,0,10,490,1.0,
123,0,10,490,1.0,
124,0,10,490,1.0,
125,0,8,492,1.0,
126,0,8,492,1.0,
127,0,8,492,1.0,
128,0,7,493,1.0,
129,0,7,493,1.0,
130,0,7,493,1.0,
131,0,7,493,1.0,
132,0,7,493,1.0,
133,0,7,493,1.0,
134,0,7,493,1.0,
135,0,6,494,1.0,
136,0,5,495,1.0,
137,0,5,495,1.0,
138,0,5,495,1.0,
139,0,4,496,1.0,
140,0,3,497,1.0,
141,0,3,497,1.0,
142,0,2,498,1.0,
143,0,2,498,1.0,
144,0,2,498,1.0,
145,0,2,498,1.0,
146,0,2,498,1.0,
147,0,2,498,1.0,
148,0,2,498,1.0,
149,0,2,498,1.0,
150,0,1,499,1.0,
151,0,1,499,1.0,
152,0,1,499,1.0,
153,0,1,499,1.0,
154,0,1,499,1.0,
155,0,1,499,1.0,
156,0,1,499,1.0,
157,0,1,499,1.0,
158,0,1,499,1.0,
159,0,1,499,1.0,
160,0,1,499,1.0,
161,0,1,499,1.0,
162,0,1,499,1.0,
163,0,1,499,1.0,
164,0,1,499,1.0,
165,0,1,499,1.0,
166,0,1,499,1.0,
167,0,1,499,1.0,
168,0,1,499,1.0,
169,0,1,499,1.0,
170,0,1,499,1.0,
171,0,1,499,1.0,
172,0,1,499,1.0,
173,0,1,499,1.0,
174,0,1,499,1.0,
175,0,1,499,1.0,
176,0,1,499,1.0,
177,0,1,499,1.0,
178,0,1,499,1.0,
179,0,1,499,1.0,
180,0,1,499,1.0,
181,0,1,499,1.0,
182,0,1,499,1.0,
183,0,1,499,1.0,
184,0,1,499,1.0,
185,0,1,499,1.0,
186,0,1,499,1.0,
187,0,1,499,1.0,
188,0,1,499,1.0,
189,0,1,499,1.0,
190,0,1,499,1.0,
191,0,1,499,1.0,
192,0,1,499,1.0,
193,0,1,499,1.0,
194,0,1,499,1.0,
195,0,0,500,1.0,
196,0,0,500,1.0,
197,0,0,500,1.0,
198,0,0,500,1.0,
199,0,0,500,1.0,
200,0,0,500,1.0,
1,498,2,0,0.9983333333333333,1.0
2,498,2,0,0.9983333333333333,1.0
3,496,4,0,0.9958333333333333,0.9987297492589131
4,491,9,0,0.9865,0.9938508328490016
5,486,13,1,0.9786666666666667,0.9897438495135947
6,476,23,1,0.9606666666666667,0.9799800667752522
7,465,34,1,0.9416666666666667,0.9692967693009358
8,454,44,2,0.9281666666666667,0.9611445370522402
9,446,51,3,0.925,0.9585687045654101
10,431,63,6,0.9091666666666667,0.947991573739209
11,411,80,9,0.885,0.9307499648876529
12,386,101,13,0.8685,0.9159142456714844
13,366,119,15,0.8423333333333334,0.8932798007786462
14,337,140,23,0.8275,0.8732834726757778
15,313,157,30,0.8146666666666667,0.8529998970396557
16,286,173,41,0.8128333333333333,0.8363265963174853
17,261,191,48,0.8113333333333334,0.8194779421308985
18,224,214,62,0.8038333333333333,0.7819053388700499
19,199,228,73,0.8138333333333333,0.7672756354002788
20,170,253,77,0.8118333333333333,0.7238742257721682
21,138,281,81,0.8096666666666666,0.6534124596292394
22,111,295,94,0.8343333333333334,0.6233596799462816
23,95,294,111,0.8513333333333334,0.6054756082369891
24,88,290,122,0.8648333333333333,0.61228311941338
25,76,290,134,0.8805,0.6031936349632718
26,57,295,148,0.9076666666666666,0.5916013010026635
27,40,297,163,0.9333333333333333,0.579657466989461
28,29,296,175,0.9486666666666667,0.5532371430436844
29,24,290,186,0.9598333333333333,0.5727636905067893
30,18,281,201,0.9701666666666666,0.5770791131464876
31,14,271,215,0.9766666666666667,0.5757848016255267
32,13,259,228,0.9786666666666667,0.5801702336024295
33,11,254,235,0.9825,0.5893617791264967
34,10,249,241,0.9843333333333333,0.59352281905719
35,7,244,249,0.99,0.6334217730522043
36,7,235,258,0.99,0.6334217730522043
37,4,230,266,0.9948333333333333,0.6655441674891215
38,3,218,279,0.9965,0.6988261834184992
39,3,209,288,0.9965,0.6988261834184992
40,2,208,290,0.9978333333333333,0.7297868371142556
41,2,201,297,0.9978333333333333,0.7297868371142556
42,2,193,305,0.9981666666666666,0.771488942092213
43,2,186,312,0.9981666666666666,0.771488942092213
44,2,182,316,0.9981666666666666,0.771488942092213
45,0,173,327,1.0,
46,0,166,334,1.0,
47,0,163,337,1.0,
48,0,157,343,1.0,
49,0,150,350,1.0,
50,0,145,355,1.0,
51,0,138,362,1.0,
52,0,135,365,1.0,
53,0,128,372,1.0,
54,0,121,379,1.0,
55,0,117,383,1.0,
56,0,114,386,1.0,
57,0,109,391,1.0,
58,0,106,394,1.0,
59,0,102,398,1.0,
60,0,94,406,1.0,
61,0,92,408,1.0,
62,0,90,410,1.0,
63,0,88,412,1.0,
64,0,84,416,1.0,
65,0,84,416,1.0,
66,0,80,420,1.0,
67,0,78,422,1.0,
68,0,75,425,1.0,
69,0,73,427,1.0,
70,0,71,429,1.0,
71,0,68,432,1.0,
72,0,66,434,1.0,
73,0,64,436,1.0,
74,0,63,437,1.0,
75,0,61,439,1.0,
76,0,59,441,1.0,
77,0,57,443,1.0,
78,0,54,446,1.0,
79,0,52,448,1.0,
80,0,48,452,1.0,
81,0,45,455,1.0,
82,0,44,456,1.0,
83,0,42,458,1.0,
84,0,40,460,1.0,
85,0,40,460,1.0,
86,0,37,463,1.0,
87,0,37,463,1.0,
88,0,36,464,1.0,
89,0,36,464,1.0,
90,0,30,470,1.0,
91,0,30,470,1.0,
92,0,29,471,1.0,
93,0,28,472,1.0,
94,0,27,473,1.0,
95,0,26,474,1.0,
96,0,25,475,1.0,
97,0,25,475,1.0,
98,0,25,475,1.0,
99,0,23,477,1.0,
100,0,23,477,1.0,
101,0,22,478,1.0,
102,0,22,478,1.0,
103,0,22,478,1.0,
104,0,22,478,1.0,
105,0,20,480,1.0,
106,0,20,480,1.0,
107,0,17,483,1.0,
108,0,17,483,1.0,
109,0,17,483,1.0,
110,0,17,483,1.0,
111,0,17,483,1.0,
112,0,16,484,1.0,
113,0,16,484,1.0,
114,0,15,485,1.0,
115,0,14,486,1.0,
116,0,14,486,1.0,
117,0,14,486,1.0,
118,0,13,487,1.0,
119,0,13,487,1.0,
120,0,13,487,1.0,
121,0,13,487,1.0,
122,0,12,488,1.0,
123,0,11,489,1.0,
124,0,10,490,1.0,
125,0,10,490,1.0,
126,0,10,490,1.0,
127,0,10,490,1.0,
128,0,10,490,1.0,
129,0,10,490,1.0,
130,0,10,490,1.0,
131,0,10,490,1.0,
132,0,9,491,1.0,
133,0,9,491,1.0,
134,0,9,491,1.0,
135,0,9,491,1.0,
136,0,9,491,1.0,
137,0,9,491,1.0,
138,0,9,491,1.0,
139,0,9,491,1.0,
140,0,9,491,1.0,
141,0,9,491,1.0,
142,0,9,491,1.0,
143,0,8,492,1.0,
144,0,7,493,1.0,
145,0,7,493,1.0,
146,0,6,494,1.0,
147,0,5,495,1.0,
148,0,4,496,1.0,
149,0,4,496,1.0,
150,0,4,496,1.0,
151,0,3,497,1.0,
152,0,3,497,1.0,
153,0,3,497,1.0,
154,0,3,497,1.0,
155,0,3,497,1.0,
156,0,3,497,1.0,
157,0,3,497,1.0,
158,0,3,497,1.0,
159,0,3,497,1.0,
160,0,2,498,1.0,
161,0,2,498,1.0,
162,0,2,498,1.0,
163,0,2,498,1.0,
164,0,2,498,1.0,
165,0,2,498,1.0,
166,0,2,498,1.0,
167,0,1,499,1.0,
168,0,1,499,1.0,
169,0,1,499,1.0,
170,0,1,499,1.0,
171,0,1,499,1.0,
172,0,1,499,1.0,
173,0,1,499,1.0,
174,0,1,499,1.0,
175,0,1,499,1.0,
176,0,1,499,1.0,
177,0,1,499,1.0,
178,0,0,500,1.0,
179,0,0,500,1.0,
180,0,0,500,1.0,
181,0,0,500,1.0,
182,0,0,500,1.0,
183,0,0,500,1.0,
184,0,0,500,1.0,
185,0,0,500,1.0,
186,0,0,500,1.0,
187,0,0,500,1.0,
188,0,0,500,1.0,
189,0,0,500,1.0,
190,0,0,500,1.0,
191,0,0,500,1.0,
192,0,0,500,1.0,
193,0,0,500,1.0,
194,0,0,500,1.0,
195,0,0,500,1.0,
196,0,0,500,1.0,
197,0,0,500,1.0,
198,0,0,500,1.0,
199,0,0,500,1.0,
200,0,0,500,1.0,
1,499,1,0,1.0,1.0
2,497,3,0,0.9938333333333333,0.9969217761440664
3,496,4,0,0.9931666666666666,0.996563271136816
4,495,5,0,0.9923333333333333,0.9961329079840278
5,492,8,0,0.9868333333333333,0.9933407981627317
6,489,10,1,0.9831666666666666,0.9913878853858403
7,482,17,1,0.9736666666666667,0.9861957879786674
8,472,25,3,0.969,0.9834744395830431
9,464,32,4,0.9545,0.9752458845398313
10,450,46,4,0.9318333333333333,0.9617203790483984
11,430,62,8,0.9088333333333334,0.9464664448572435
12,404,84,12,0.866,0.9165314643424846
13,370,115,15,0.8183333333333334,0.8768236517584344
14,349,133,18,0.799,0.8556776280901109
15,321,158,21,0.7761666666666667,0.8252284916411965
16,293,178,29,0.7626666666666667,0.79629275359354
17,264,198,38,0.756,0.7675025146253737
18,229,223,48,0.7468333333333333,0.7224408025575673
19,194,248,58,0.7553333333333333,0.683846719170565
20,171,258,71,0.7791666666666667,0.676481714225167
21,136,279,85,0.805,0.6410258385642017
22,112,290,98,0.832,0.6244318874850707
23,95,297,108,0.8505,0.6051942059127415
24,79,300,121,0.8743333333333333,0.6007419405438119
25,61,304,135,0.8986666666666666,0.5843595927843969
26,51,305,144,0.9155,0.5868342585392884
27,45,296,159,0.9266666666666666,0.591554119525134
28,35,293,172,0.9428333333333333,0.591664972708451
29,30,289,181,0.9525,0.6055638998682478
30,24,284,192,0.9638333333333333,0.6247145366710584
31,18,280,202,0.9726666666666667,0.6248565363782757
32,14,278,208,0.9801666666666666,0.6478020892151328
33,12,272,216,0.9825,0.6395372200263504
34,9,267,224,0.986,0.6159983896940419
35,8,260,232,0.9881666666666666,0.6334148550724638
36,6,251,243,0.9915,0.6473550724637681
37,4,240,256,0.995,0.6847826086956522
38,4,230,266,0.9953333333333333,0.7056159420289855
39,3,222,275,0.9965,0.7083333333333334
40,3,212,285,0.9966666666666667,0.7222222222222222
41,3,205,292,0.9968333333333333,0.7361111111111112
42,3,199,298,0.997,0.75
43,3,194,303,0.997,0.75
44,3,188,309,0.9971666666666666,0.7638888888888888
45,2,184,314,0.9975,0.6875
46,2,179,319,0.9975,0.6875
47,2,170,328,0.9978333333333333,0.7291666666666666
48,2,164,334,0.9978333333333333,0.7291666666666666
49,1,155,344,0.9988333333333334,0.7083333333333334
50,1,146,353,0.9988333333333334,0.7083333333333334
51,0,140,360,1.0,
52,0,133,367,1.0,
53,0,130,370,1.0,
54,0,124,376,1.0,
55,0,119,381,1.0,
56,0,114,386,1.0,
57,0,109,391,1.0,
58,0,100,400,1.0,
59,0,90,410,1.0,
60,0,88,412,1.0,
61,0,83,417,1.0,
62,0,78,422,1.0,
63,0,77,423,1.0,
64,0,75,425,1.0,
65,0,71,429,1.0,
66,0,69,431,1.0,
67,0,64,436,1.0,
68,0,63,437,1.0,
69,0,62,438,1.0,
70,0,57,443,1.0,
71,0,54,446,1.0,
72,0,51,449,1.0,
73,0,47,453,1.0,
74,0,42,458,1.0,
75,0,42,458,1.0,
76,0,41,459,1.0,
77,0,41,459,1.0,
78,0,36,464,1.0,
79,0,34,466,1.0,
80,0,31,469,1.0,
81,0,28,472,1.0,
82,0,26,474,1.0,
83,0,25,475,1.0,
84,0,24,476,1.0,
85,0,22,478,1.0,
86,0,21,479,1.0,
87,0,21,479,1.0,
88,0,19,481,1.0,
89,0,19,481,1.0,
90,0,19,481,1.0,
91,0,16,484,1.0,
92,0,15,485,1.0,
93,0,14,486,1.0,
94,0,14,486,1.0,
95,0,13,487,1.0,
96,0,11,489,1.0,
97,0,10,490,1.0,
98,0,9,491,1.0,
99,0,8,492,1.0,
100,0,7,493,1.0,
101,0,7,493,1.0,
102,0,7,493,1.0,
103,0,6,494,1.0,
104,0,5,495,1.0,
105,0,5,495,1.0,
106,0,4,496,1.0,
107,0,4,496,1.0,
108,0,4,496,1.0,
109,0,4,496,1.0,
110,0,4,496,1.0,
111,0,4,496,1.0,
112,0,4,496,1.0,
113,0,4,496,1.0,
114,0,3,497,1.0,
115,0,2,498,1.0,
116,0,2,498,1.0,
117,0,1,499,1.0,
118,0,1,499,1.0,
119,0,1,499,1.0,
120,0,1,499,1.0,
121,0,1,499,1.0,
122,0,1,499,1.0,
123,0,1,499,1.0,
124,0,1,499,1.0,
125,0,1,499,1.0,
126,0,1,499,1.0,
127,0,1,499,1.0,
128,0,1,499,1.0,
129,0,1,499,1.0,
130,0,1,499,1.0,
131,0,1,499,1.0,
132,0,1,499,1.0,
133,0,1,499,1.0,
134,0,1,499,1.0,
135,0,1,499,1.0,
136,0,0,500,1.0,
137,0,0,500,1.0,
138,0,0,500,1.0,
139,0,0,500,1.0,
140,0,0,500,1.0,
141,0,0,500,1.0,
142,0,0,500,1.0,
143,0,0,500,1.0,
144,0,0,500,1.0,
145,0,0,500,1.0,
146,0,0,500,1.0,
147,0,0,500,1.0,
148,0,0,500,1.0,
149,0,0,500,1.0,
150,0,0,500,1.0,
151,0,0,500,1.0,
152,0,0,500,1.0,
153,0,0,500,1.0,
154,0,0,500,1.0,
155,0,0,500,1.0,
156,0,0,500,1.0,
157,0,0,500,1.0,
158,0,0,500,1.0,
159,0,0,500,1.0,
160,0,0,500,1.0,
161,0,0,500,1.0,
162,0,0,500,1.0,
163,0,0,500,1.0,
164,0,0,500,1.0,
165,0,0,500,1.0,
166,0,0,500,1.0,
167,0,0,500,1.0,
168,0,0,500,1.0,
169,0,0,500,1.0,
170,0,0,500,1.0,
171,0,0,500,1.0,
172,0,0,500,1.0,
173,0,0,500,1.0,
174,0,0,500,1.0,
175,0,0,500,1.0,
176,0,0,500,1.0,
177,0,0,500,1.0,
178,0,0,500,1.0,
179,0,0,500,1.0,
180,0,0,500,1.0,
181,0,0,500,1.0,
182,0,0,500,1.0,
183,0,0,500,1.0,
184,0,0,500,1.0,
185,0,0,500,1.0,
186,0,0,500,1.0,
187,0,0,500,1.0,
188,0,0,500,1.0,
189,0,0,500,1.0,
190,0,0,500,1.0,
191,0,0,500,1.0,
192,0,0,500,1.0,
193,0,0,500,1.0,
194,0,0,500,1.0,
195,0,0,500,1.0,
196,0,0,500,1.0,
197,0,0,500,1.0,
198,0,0,500,1.0,
199,0,0,500,1.0,
200,0,0,500,1.0,
1,498,2,0,0.9973333333333333,1.0
2,495,5,0,0.9925,0.9975330654842983
3,493,6,1,0.9918333333333333,0.9971913101227611
4,492,7,1,0.9896666666666667,0.996073712205235
5,488,11,1,0.9846666666666667,0.9934862507747271
6,484,13,3,0.9813333333333333,0.9917515240159175
7,476,21,3,0.9675,0.9843689050031502
8,469,27,4,0.9555,0.9777176072216521
9,459,36,5,0.9431666666666667,0.9705898611453393
10,445,49,6,0.928,0.9611950829155054
11,431,62,7,0.904,0.9461685525486191
12,421,69,10,0.8928333333333334,0.9380290263735518
13,407,79,14,0.883,0.9300621436513562
14,389,91,20,0.8671666666666666,0.9164669769898813
15,365,110,25,0.8473333333333334,0.8970120263837221
16,330,139,31,0.8031666666666667,0.8526236563461159
17,302,160,38,0.7808333333333334,0.8200706165020677
18,279,174,47,0.7671666666666667,0.7924982056744525
19,243,205,52,0.7491666666666666,0.7428010107223768
20,212,228,60,0.7543333333333333,0.7099626697515475
21,177,247,76,0.7706666666666667,0.6750240433689292
22,151,264,85,0.7895,0.6497393378906761
23,123,283,94,0.8125,0.6182469396853003
24,107,286,107,0.8341666666666666,0.6099392238621977
25,89,290,121,0.8603333333333333,0.607059306986662
26,78,286,136,0.8763333333333333,0.6029853343720851
27,68,280,152,0.8955,0.6149011112400469
28,58,277,165,0.91,0.6126181628644496
29,44,281,175,0.9293333333333333,0.6021834006182983
30,35,280,185,0.9433333333333334,0.5964967114074895
31,30,278,192,0.951,0.5919258603867786
32,26,271,203,0.9588333333333333,0.604572770716923
33,21,269,210,0.9675,0.6124560148226157
34,16,268,216,0.9758333333333333,0.6221471972601991
35,11,256,233,0.9846666666666667,0.6471524852894954
36,8,250,242,0.9891666666666666,0.6568685664168632
37,6,244,250,0.9918333333333333,0.6607794554386225
38,4,236,260,0.9945,0.6585481955413253
39,4,231,265,0.9945,0.6585481955413253
40,2,222,276,0.9976666666666667,0.7092866827993779
41,2,210,288,0.9978333333333333,0.730148055822889
42,2,201,297,0.998,0.7510094288464002
43,1,194,305,0.9991666666666666,0.7927321748934224
44,1,187,312,0.9993333333333333,0.8344549209404447
45,1,181,318,0.9993333333333333,0.8344549209404447
46,1,176,323,0.9993333333333333,0.8344549209404447
47,1,169,330,0.9995,0.8761776669874669
48,1,161,338,0.9995,0.8761776669874669
49,1,156,343,0.9995,0.8761776669874669
50,1,152,347,0.9995,0.8761776669874669
51,1,147,352,0.9995,0.8761776669874669
52,1,142,357,0.9995,0.8761776669874669
53,1,138,361,0.9995,0.8761776669874669
54,1,134,365,0.9995,0.8761776669874669
55,1,130,369,0.9995,0.8761776669874669
56,1,124,375,0.9995,0.8761776669874669
57,1,119,380,0.9995,0.8761776669874669
58,1,116,383,0.9995,0.8761776669874669
59,1,112,387,0.9996666666666667,0.9179004130344891
60,1,106,393,0.9996666666666667,0.9179004130344891
61,1,104,395,0.9996666666666667,0.9179004130344891
62,1,103,396,0.9996666666666667,0.9179004130344891
63,1,94,405,0.9996666666666667,0.9179004130344891
64,0,93,407,1.0,
65,0,86,414,1.0,
66,0,86,414,1.0,
67,0,81,419,1.0,
68,0,80,420,1.0,
69,0,80,420,1.0,
70,0,75,425,1.0,
71,0,75,425,1.0,
72,0,75,425,1.0,
73,0,72,428,1.0,
74,0,65,435,1.0,
75,0,59,441,1.0,
76,0,56,444,1.0,
77,0,55,445,1.0,
78,0,54,446,1.0,
79,0,54,446,1.0,
80,0,51,449,1.0,
81,0,50,450,1.0,
82,0,47,453,1.0,
83,0,47,453,1.0,
84,0,43,457,1.0,
85,0,42,458,1.0,
86,0,41,459,1.0,
87,0,40,460,1.0,
88,0,40,460,1.0,
89,0,40,460,1.0,
90,0,36,464,1.0,
91,0,33,467,1.0,
92,0,32,468,1.0,
93,0,31,469,1.0,
94,0,31,469,1.0,
95,0,29,471,1.0,
96,0,29,471,1.0,
97,0,29,471,1.0,
98,0,28,472,1.0,
99,0,27,473,1.0,
100,0,25,475,1.0,
101,0,24,476,1.0,
102,0,23,477,1.0,
103,0,21,479,1.0,
104,0,20,480,1.0,
105,0,19,481,1.0,
106,0,19,481,1.0,
107,0,18,482,1.0,
108,0,18,482,1.0,
109,0,18,482,1.0,
110,0,17,483,1.0,
111,0,17,483,1.0,
112,0,15,485,1.0,
113,0,14,486,1.0,
114,0,12,488,1.0,
115,0,11,489,1.0,
116,0,11,489,1.0,
117,0,10,490,1.0,
118,0,8,492,1.0,
119,0,8,492,1.0,
120,0,7,493,1.0,
121,0,7,493,1.0,
122,0,7,493,1.0,
123,0,6,494,1.0,
124,0,5,495,1.0,
125,0,5,495,1.0,
126,0,4,496,1.0,
127,0,4,496,1.0,
128,0,4,496,1.0,
129,0,3,497,1.0,
130,0,3,497,1.0,
131,0,3,497,1.0,
132,0,2,498,1.0,
133,0,2,498,1.0,
134,0,2,498,1.0,
135,0,2,498,1.0,
136,0,2,498,1.0,
137,0,2,498,1.0,
138,0,2,498,1.0,
139,0,2,498,1.0,
140,0,2,498,1.0,
141,0,2,498,1.0,
142,0,2,498,1.0,
143,0,2,498,1.0,
144,0,2,498,1.0,
145,0,2,498,1.0,
146,0,2,498,1.0,
147,0,2,498,1.0,
148,0,2,498,1.0,
149,0,2,498,1.0,
150,0,2,498,1.0,
151,0,2,498,1.0,
152,0,2,498,1.0,
153,0,2,498,1.0,
154,0,2,498,1.0,
155,0,2,498,1.0,
156,0,2,498,1.0,
157,0,2,498,1.0,
158,0,2,498,1.0,
159,0,2,498,1.0,
160,0,2,498,1.0,
161,0,2,498,1.0,
162,0,2,498,1.0,
163,0,2,498,1.0,
164,0,2,498,1.0,
165,0,2,498,1.0,
166,0,2,498,1.0,
167,0,2,498,1.0,
168,0,2,498,1.0,
169,0,2,498,1.0,
170,0,2,498,1.0,
171,0,2,498,1.0,
172,0,2,498,1.0,
173,0,2,498,1.0,
174,0,2,498,1.0,
175,0,2,498,1.0,
176,0,2,498,1.0,
177,0,2,498,1.0,
178,0,2,498,1.0,
179,0,2,498,1.0,
180,0,2,498,1.0,
181,0,2,498,1.0,
182,0,2,498,1.0,
183,0,2,498,1.0,
184,0,2,498,1.0,
185,0,2,498,1.0,
186,0,2,498,1.0,
187,0,2,498,1.0,
188,0,2,498,1.0,
189,0,2,498,1.0,
190,0,1,499,1.0,
191,0,1,499,1.0,
192,0,1,499,1.0,
193,0,1,499,1.0,
194,0,1,499,1.0,
195,0,1,499,1.0,
196,0,1,499,1.0,
197,0,1,499,1.0,
198,0,1,499,1.0,
199,0,1,499,1.0,
200,0,1,499,1.0,
1,498,2,0,0.9971666666666666,1.0
2,494,6,0,0.9906666666666667,0.9966699665642071
3,489,11,0,0.9806666666666667,0.9915201592271843
4,484,15,1,0.9768333333333333,0.9894216299699146
5,479,20,1,0.9728333333333333,0.9871933031741302
6,469,30,1,0.9541666666666667,0.9769119542780236
7,454,43,3,0.9318333333333333,0.963823754178865
8,432,65,3,0.9061666666666667,0.9469293928101722
9,416,78,6,0.8928333333333334,0.9366624080087675
10,395,94,11,0.8641666666666666,0.9150778997164316
11,367,118,15,0.8355,0.8892325815662232
12,345,133,22,0.8186666666666667,0.8696918952849297
13,312,156,32,0.7963333333333333,0.8379675742830779
14,272,189,39,0.7736666666666666,0.7926478142375054
15,236,219,45,0.7496666666666667,0.7353008656187816
16,203,246,51,0.7538333333333334,0.6960792677636348
17,165,273,62,0.7806666666666666,0.6670480082103418
18,141,283,76,0.8075,0.6579669016865388
19,123,287,90,0.8206666666666667,0.6340981622800701
20,107,287,106,0.8428333333333333,0.6320777256691522
21,87,293,120,0.867,0.616233335673084
22,75,295,130,0.882,0.6049905457024112
23,59,294,147,0.9075,0.6057989889449957
24,48,294,158,0.923,0.5915511207580118
25,38,287,175,0.94,0.5988999861548553
26,33,280,187,0.9491666666666667,0.6066104153601004
27,25,276,199,0.9623333333333334,0.612218194436738
28,22,273,205,0.9678333333333333,0.6244464089882334
29,18,272,210,0.9723333333333334,0.6039474941479999
30,16,260,224,0.9766666666666667,0.6256900089254438
31,12,257,231,0.982,0.6144327595101129
32,10,244,246,0.9851666666666666,0.6179449410630831
33,9,236,255,0.9868333333333333,0.623511640155784
34,7,229,264,0.9905,0.6495241812969205
35,5,222,273,0.9933333333333333,0.6531358061502868
36,4,220,276,0.9943333333333333,0.6261464451922869
37,3,214,283,0.996,0.6527822020469041
38,3,208,289,0.996,0.6527822020469041
39,2,205,293,0.997,0.6150138533180659
40,2,195,303,0.9971666666666666,0.635877155126791
41,1,191,308,0.9981666666666666,0.522489645296764
42,1,183,316,0.9981666666666666,0.522489645296764
43,1,178,321,0.9981666666666666,0.522489645296764
44,1,169,330,0.9981666666666666,0.522489645296764
45,1,159,340,0.9983333333333333,0.5660304490714944
46,0,150,350,1.0,
47,0,140,360,1.0,
48,0,138,362,1.0,
49,0,131,369,1.0,
50,0,123,377,1.0,
51,0,117,383,1.0,
52,0,112,388,1.0,
53,0,101,399,1.0,
54,0,98,402,1.0,
55,0,89,411,1.0,
56,0,88,412,1.0,
57,0,82,418,1.0,
58,0,79,421,1.0,
59,0,76,424,1.0,
60,0,75,425,1.0,
61,0,71,429,1.0,
62,0,68,432,1.0,
63,0,62,438,1.0,
64,0,59,441,1.0,
65,0,56,444,1.0,
66,0,54,446,1.0,
67,0,51,449,1.0,
68,0,50,450,1.0,
69,0,45,455,1.0,
70,0,39,461,1.0,
71,0,36,464,1.0,
72,0,34,466,1.0,
73,0,33,467,1.0,
74,0,33,467,1.0,
75,0,33,467,1.0,
76,0,32,468,1.0,
77,0,30,470,1.0,
78,0,29,471,1.0,
79,0,28,472,1.0,
80,0,26,474,1.0,
81,0,25,475,1.0,
82,0,25,475,1.0,
83,0,23,477,1.0,
84,0,22,478,1.0,
85,0,21,479,1.0,
86,0,21,479,1.0,
87,0,20,480,1.0,
88,0,19,481,1.0,
89,0,19,481,1.0,
90,0,19,481,1.0,
91,0,17,483,1.0,
92,0,16,484,1.0,
93,0,14,486,1.0,
94,0,13,487,1.0,
95,0,12,488,1.0,
96,0,12,488,1.0,
97,0,11,489,1.0,
98,0,11,489,1.0,
99,0,11,489,1.0,
100,0,11,489,1.0,
101,0,11,489,1.0,
102,0,11,489,1.0,
103,0,10,490,1.0,
104,0,10,490,1.0,
105,0,9,491,1.0,
106,0,8,492,1.0,
107,0,8,492,1.0,
108,0,8,492,1.0,
109,0,8,492,1.0,
110,0,8,492,1.0,
111,0,8,492,1.0,
112,0,8,492,1.0,
113,0,8,492,1.0,
114,0,7,493,1.0,
115,0,7,493,1.0,
116,0,7,493,1.0,
117,0,7,493,1.0,
118,0,7,493,1.0,
119,0,7,493,1.0,
120,0,6,494,1.0,
121,0,6,494,1.0,
122,0,5,495,1.0,
123,0,5,495,1.0,
124,0,5,495,1.0,
125,0,4,496,1.0,
126,0,4,496,1.0,
127,0,4,496,1.0,
128,0,4,496,1.0,
129,0,4,496,1.0,
130,0,3,497,1.0,
131,0,2,498,1.0,
132,0,2,498,1.0,
133,0,2,498,1.0,
134,0,2,498,1.0,
135,0,2,498,1.0,
136,0,2,498,1.0,
137,0,2,498,1.0,
138,0,2,498,1.0,
139,0,2,498,1.0,
140,0,2,498,1.0,
141,0,2,498,1.0,
142,0,2,498,1.0,
143,0,2,498,1.0,
144,0,2,498,1.0,
145,0,2,498,1.0,
146,0,2,498,1.0,
147,0,2,498,1.0,
148,0,2,498,1.0,
149,0,2,498,1.0,
150,0,2,498,1.0,
151,0,2,498,1.0,
152,0,2,498,1.0,
153,0,2,498,1.0,
154,0,2,498,1.0,
155,0,2,498,1.0,
156,0,2,498,1.0,
157,0,1,499,1.0,
158,0,1,499,1.0,
159,0,1,499,1.0,
160,0,1,499,1.0,
161,0,1,499,1.0,
162,0,1,499,1.0,
163,0,1,499,1.0,
164,0,1,499,1.0,
165,0,1,499,1.0,
166,0,1,499,1.0,
167,0,0,500,1.0,
168,0,0,500,1.0,
169,0,0,500,1.0,
170,0,0,500,1.0,
171,0,0,500,1.0,
172,0,0,500,1.0,
173,0,0,500,1.0,
174,0,0,500,1.0,
175,0,0,500,1.0,
176,0,0,500,1.0,
177,0,0,500,1.0,
178,0,0,500,1.0,
179,0,0,500,1.0,
180,0,0,500,1.0,
181,0,0,500,1.0,
182,0,0,500,1.0,
183,0,0,500,1.0,
184,0,0,500,1.0,
185,0,0,500,1.0,
186,0,0,500,1.0,
187,0,0,500,1.0,
188,0,0,500,1.0,
189,0,0,500,1.0,
190,0,0,500,1.0,
191,0,0,500,1.0,
192,0,0,500,1.0,
193,0,0,500,1.0,
194,0,0,500,1.0,
195,0,0,500,1.0,
196,0,0,500,1.0,
197,0,0,500,1.0,
198,0,0,500,1.0,
199,0,0,500,1.0,
200,0,0,500,1.0,
1,499,1,0,1.0,1.0
2,499,1,0,1.0,1.0
3,499,1,0,1.0,1.0
4,498,2,0,0.9973333333333333,0.9986663952684557
5,496,4,0,0.9936666666666667,0.9968546366495175
6,495,4,1,0.9941666666666666,0.9971060804710344
7,494,5,1,0.992,0.9959918093895387
8,492,7,1,0.9888333333333333,0.9944015431533105
9,490,9,1,0.9848333333333333,0.9923020339120605
10,484,14,2,0.9813333333333333,0.9904151125620763
11,480,16,4,0.9755,0.9872989843456329
12,475,20,5,0.969,0.9837590057709051
13,472,23,5,0.9648333333333333,0.9814588492582228
14,462,32,6,0.9501666666666667,0.9732048630312322
15,448,43,9,0.9278333333333333,0.9599571624566773
16,429,60,11,0.895,0.9389320450428182
17,403,83,14,0.857,0.9113165328895182
18,379,103,18,0.8245,0.8840949729091224
19,351,127,22,0.7966666666666666,0.854429210093516
20,314,157,29,0.7683333333333333,0.8148704690301037
21,288,175,37,0.7655,0.7954846453335903
22,251,207,42,0.7361666666666666,0.7356879516153418
23,218,227,55,0.7486666666666667,0.7088111534771475
24,189,250,61,0.7538333333333334,0.6708399694811554
25,164,261,75,0.7715,0.6489706976128596
26,142,270,88,0.791,0.6292306498746288
27,123,277,100,0.8135,0.6191541477649642
28,110,283,107,0.8293333333333334,0.6107719054477948
29,92,286,122,0.856,0.6086078652146706
30,78,289,133,0.8758333333333334,0.6031596662142928
31,67,286,147,0.892,0.5959052518851352
32,55,286,159,0.9086666666666666,0.5824792073685355
33,48,283,169,0.9206666666666666,0.585456590678511
34,35,288,177,0.9413333333333334,0.5808987474453313
35,32,281,187,0.948,0.5942366535437187
36,23,283,194,0.963,0.5959697926522124
37,18,276,206,0.9713333333333334,0.6021374881157491
38,15,272,213,0.9771666666666666,0.6153806145545277
39,14,265,221,0.9796666666666667,0.6344213395300352
40,13,250,237,0.9835,0.6806125479871299
41,10,244,246,0.9875,0.6846290883030013
42,9,234,257,0.989,0.6950679594157855
43,9,228,263,0.9891666666666666,0.6996975890454151
44,8,223,269,0.9903333333333333,0.6986181210094253
45,8,214,278,0.9905,0.7036181210094253
46,7,211,282,0.9916666666666667,0.7059531772575252
47,6,203,291,0.9938333333333333,0.7430434782608694
48,4,199,297,0.9953333333333333,0.7081159420289855
49,4,189,307,0.9953333333333333,0.7081159420289855
50,4,182,314,0.9953333333333333,0.7081159420289855
51,3,177,320,0.9966666666666667,0.7185990338164251
52,3,172,325,0.9966666666666667,0.7185990338164251
53,3,166,331,0.9966666666666667,0.7185990338164251
54,2,162,336,0.9976666666666667,0.7028985507246377
55,1,157,342,0.9986666666666667,0.6666666666666666
56,1,152,347,0.9986666666666667,0.6666666666666666
57,0,148,352,1.0,
58,0,142,358,1.0,
59,0,134,366,1.0,
60,0,130,370,1.0,
61,0,124,376,1.0,
62,0,118,382,1.0,
63,0,114,386,1.0,
64,0,109,391,1.0,
65,0,105,395,1.0,
66,0,102,398,1.0,
67,0,99,401,1.0,
68,0,97,403,1.0,
69,0,91,409,1.0,
70,0,85,415,1.0,
71,0,82,418,1.0,
72,0,80,420,1.0,
73,0,74,426,1.0,
74,0,74,426,1.0,
75,0,70,430,1.0,
76,0,66,434,1.0,
77,0,66,434,1.0,
78,0,60,440,1.0,
79,0,57,443,1.0,
80,0,53,447,1.0,
81,0,53,447,1.0,
82,0,52,448,1.0,
83,0,49,451,1.0,
84,0,47,453,1.0,
85,0,45,455,1.0,
86,0,44,456,1.0,
87,0,44,456,1.0,
88,0,42,458,1.0,
89,0,38,462,1.0,
90,0,36,464,1.0,
91,0,36,464,1.0,
92,0,36,464,1.0,
93,0,35,465,1.0,
94,0,34,466,1.0,
95,0,32,468,1.0,
96,0,31,469,1.0,
97,0,29,471,1.0,
98,0,29,471,1.0,
99,0,29,471,1.0,
100,0,29,471,1.0,
101,0,28,472,1.0,
102,0,27,473,1.0,
103,0,25,475,1.0,
104,0,23,477,1.0,
105,0,23,477,1.0,
106,0,22,478,1.0,
107,0,22,478,1.0,
108,0,22,478,1.0,
109,0,22,478,1.0,
110,0,21,479,1.0,
111,0,19,481,1.0,
112,0,19,481,1.0,
113,0,18,482,1.0,
114,0,17,483,1.0,
115,0,15,485,1.0,
116,0,13,487,1.0,
117,0,12,488,1.0,
118,0,11,489,1.0,
119,0,11,489,1.0,
120,0,10,490,1.0,
121,0,9,491,1.0,
122,0,9,491,1.0,
123,0,8,492,1.0,
124,0,8,492,1.0,
125,0,8,492,1.0,
126,0,7,493,1.0,
127,0,7,493,1.0,
128,0,7,493,1.0,
129,0,7,493,1.0,
130,0,7,493,1.0,
131,0,7,493,1.0,
132,0,7,493,1.0,
133,0,7,493,1.0,
134,0,7,493,1.0,
135,0,6,494,1.0,
136,0,5,495,1.0,
137,0,5,495,1.0,
138,0,4,496,1.0,
139,0,3,497,1.0,
140,0,3,497,1.0,
141,0,3,497,1.0,
142,0,3,497,1.0,
143,0,3,497,1.0,
144,0,3,497,1.0,
145,0,3,497,1.0,
146,0,3,497,1.0,
147,0,2,498,1.0,
148,0,2,498,1.0,
149,0,2,498,1.0,
150,0,2,498,1.0,
151,0,2,498,1.0,
152,0,2,498,1.0,
153,0,2,498,1.0,
154,0,2,498,1.0,
155,0,2,498,1.0,
156,0,2,498,1.0,
157,0,2,498,1.0,
158,0,2,498,1.0,
159,0,2,498,1.0,
160,0,2,498,1.0,
161,0,2,498,1.0,
162,0,2,498,1.0,
163,0,2,498,1.0,
164,0,2,498,1.0,
165,0,1,499,1.0,
166,0,1,499,1.0,
167,0,1,499,1.0,
168,0,1,499,1.0,
169,0,1,499,1.0,
170,0,1,499,1.0,
171,0,1,499,1.0,
172,0,1,499,1.0,
173,0,1,499,1.0,
174,0,1,499,1.0,
175,0,1,499,1.0,
176,0,1,499,1.0,
177,0,1,499,1.0,
178,0,1,499,1.0,
179,0,1,499,1.0,
180,0,1,499,1.0,
181,0,1,499,1.0,
182,0,1,499,1.0,
183,0,1,499,1.0,
184,0,1,499,1.0,
185,0,1,499,1.0,
186,0,1,499,1.0,
187,0,1,499,1.0,
188,0,1,499,1.0,
189,0,1,499,1.0,
190,0,1,499,1.0,
191,0,1,499,1.0,
192,0,1,499,1.0,
193,0,1,499,1.0,
194,0,1,499,1.0,
195,0,1,499,1.0,
196,0,1,499,1.0,
197,0,1,499,1.0,
198,0,1,499,1.0,
199,0,1,499,1.0,
200,0,1,499,1.0,
1,499,1,0,1.0,1.0
2,496,4,0,0.9938333333333333,0.9968848677035914
3,494,5,1,0.9918333333333333,0.9958478949906516
4,492,6,2,0.9908333333333333,0.9953101587937219
5,489,9,2,0.9855,0.9925431938915535
6,482,15,3,0.9811666666666666,0.9902408550884105
7,475,22,3,0.9736666666666667,0.9862005547634839
8,466,30,4,0.9561666666666667,0.9765207806610121
9,449,46,5,0.9265,0.9591750411809481
10,428,67,5,0.8981666666666667,0.9406161937262101
11,404,85,11,0.878,0.9247369939852721
12,390,93,17,0.875,0.9203500870697081
13,365,109,26,0.8553333333333333,0.9012185337606983
14,345,128,27,0.8303333333333334,0.8771344741226872
15,315,155,30,0.7931666666666667,0.8359133452118878
16,282,179,39,0.775,0.8001373475637954
17,257,191,52,0.7835,0.7886341483766524
18,227,212,61,0.7875,0.765179792045335
19,197,232,71,0.7798333333333334,0.7197137325265772
20,179,239,82,0.7908333333333334,0.7074323675586731
21,142,272,86,0.8051666666666667,0.6544704297766147
22,126,275,99,0.8226666666666667,0.646020991188348
23,111,279,110,0.8443333333333334,0.6478991107976617
24,97,282,121,0.8611666666666666,0.6415626576720256
25,84,284,132,0.8755,0.6295600537603643
26,72,283,145,0.8925,0.6262223272790906
27,52,290,158,0.915,0.5892358287383371
28,45,288,167,0.9231666666666667,0.5718339105875337
29,35,290,175,0.9403333333333334,0.5750236306136927
30,29,288,183,0.9495,0.5648833999583625
31,25,277,198,0.9593333333333334,0.5922021804282673
32,21,265,214,0.967,0.605899318073231
33,19,261,220,0.9698333333333333,0.6040717863372326
34,16,253,231,0.9753333333333334,0.6152992614269788
35,14,242,244,0.9795,0.6331991559165473
36,12,238,250,0.9808333333333333,0.6008760683760684
37,10,235,255,0.9843333333333333,0.6072051282051282
38,9,223,268,0.9866666666666667,0.6291168091168091
39,7,213,280,0.9898333333333333,0.63507326007326
40,6,208,286,0.9916666666666667,0.6472222222222221
41,4,201,295,0.995,0.6791666666666667
42,4,193,303,0.9951666666666666,0.6891666666666667
43,3,185,312,0.9961666666666666,0.6855555555555556
44,2,183,315,0.9976666666666667,0.7083333333333333
45,2,175,323,0.9976666666666667,0.7083333333333333
46,2,167,331,0.9981666666666666,0.7708333333333334
47,2,161,337,0.9981666666666666,0.7708333333333334
48,2,153,345,0.9983333333333333,0.7916666666666667
49,2,144,354,0.9985,0.8125
50,2,137,361,0.9985,0.8125
51,2,131,367,0.9985,0.8125
52,2,123,375,0.9988333333333334,0.8541666666666667
53,2,118,380,0.9988333333333334,0.8541666666666667
54,2,118,380,0.9988333333333334,0.8541666666666667
55,2,115,383,0.9988333333333334,0.8541666666666667
56,2,110,388,0.9988333333333334,0.8541666666666667
57,2,101,397,0.999,0.875
58,2,96,402,0.9991666666666666,0.8958333333333333
59,2,91,407,0.9991666666666666,0.8958333333333333
60,2,88,410,0.9991666666666666,0.8958333333333333
61,2,85,413,0.9991666666666666,0.8958333333333333
62,2,85,413,0.9991666666666666,0.8958333333333333
63,2,82,416,0.9991666666666666,0.8958333333333333
64,2,81,417,0.9991666666666666,0.8958333333333333
65,2,77,421,0.9991666666666666,0.8958333333333333
66,2,74,424,0.9991666666666666,0.8958333333333333
67,2,70,428,0.9991666666666666,0.8958333333333333
68,2,68,430,0.9993333333333333,0.9166666666666667
69,2,62,436,0.9993333333333333,0.9166666666666667
70,2,56,442,0.9995,0.9375
71,2,52,446,0.9995,0.9375
72,2,51,447,0.9995,0.9375
73,2,48,450,0.9996666666666667,0.9583333333333333
74,2,48,450,0.9996666666666667,0.9583333333333333
75,2,47,451,0.9996666666666667,0.9583333333333333
76,2,44,454,0.9996666666666667,0.9583333333333333
77,1,42,457,1.0,1.0
78,1,41,458,1.0,1.0
79,1,39,460,1.0,1.0
80,1,36,463,1.0,1.0
81,1,35,464,1.0,1.0
82,1,34,465,1.0,1.0
83,1,33,466,1.0,1.0
84,1,33,466,1.0,1.0
85,1,33,466,1.0,1.0
86,1,32,467,1.0,1.0
87,1,31,468,1.0,1.0
88,1,30,469,1.0,1.0
89,1,30,469,1.0,1.0
90,1,30,469,1.0,1.0
91,1,28,471,1.0,1.0
92,1,27,472,1.0,1.0
93,1,26,473,1.0,1.0
94,1,25,474,1.0,1.0
95,1,24,475,1.0,1.0
96,1,24,475,1.0,1.0
97,1,23,476,1.0,1.0
98,1,23,476,1.0,1.0
99,1,20,479,1.0,1.0
100,1,19,480,1.0,1.0
101,1,19,480,1.0,1.0
102,1,17,482,1.0,1.0
103,1,17,482,1.0,1.0
104,1,15,484,1.0,1.0
105,1,15,484,1.0,1.0
106,1,15,484,1.0,1.0
107,1,15,484,1.0,1.0
108,1,15,484,1.0,1.0
109,1,15,484,1.0,1.0
110,1,15,484,1.0,1.0
111,1,13,486,1.0,1.0
112,1,13,486,1.0,1.0
113,1,13,486,1.0,1.0
114,1,13,486,1.0,1.0
115,1,12,487,1.0,1.0
116,1,12,487,1.0,1.0
117,1,12,487,1.0,1.0
118,1,12,487,1.0,1.0
119,1,12,487,1.0,1.0
120,1,11,488,1.0,1.0
121,1,11,488,1.0,1.0
122,1,10,489,1.0,1.0
123,1,10,489,1.0,1.0
124,1,10,489,1.0,1.0
125,1,10,489,1.0,1.0
126,1,10,489,1.0,1.0
127,1,10,489,1.0,1.0
128,1,10,489,1.0,1.0
129,1,10,489,1.0,1.0
130,1,10,489,1.0,1.0
131,1,10,489,1.0,1.0
132,1,9,490,1.0,1.0
133,1,9,490,1.0,1.0
134,1,9,490,1.0,1.0
135,1,9,490,1.0,1.0
136,1,9,490,1.0,1.0
137,1,8,491,1.0,1.0
138,1,8,491,1.0,1.0
139,1,5,494,1.0,1.0
140,1,5,494,1.0,1.0
141,1,5,494,1.0,1.0
142,1,5,494,1.0,1.0
143,1,5,494,1.0,1.0
144,1,3,496,1.0,1.0
145,1,3,496,1.0,1.0
146,1,2,497,1.0,1.0
147,1,2,497,1.0,1.0
148,1,2,497,1.0,1.0
149,1,2,497,1.0,1.0
150,1,2,497,1.0,1.0
151,1,2,497,1.0,1.0
152,1,2,497,1.0,1.0
153,1,2,497,1.0,1.0
154,1,2,497,1.0,1.0
155,1,2,497,1.0,1.0
156,1,2,497,1.0,1.0
157,1,2,497,1.0,1.0
158,1,2,497,1.0,1.0
159,1,2,497,1.0,1.0
160,1,2,497,1.0,1.0
161,1,2,497,1.0,1.0
162,1,2,497,1.0,1.0
163,1,2,497,1.0,1.0
164,1,2,497,1.0,1.0
165,1,2,497,1.0,1.0
166,1,2,497,1.0,1.0
167,1,2,497,1.0,1.0
168,1,2,497,1.0,1.0
169,1,2,497,1.0,1.0
170,1,1,498,1.0,1.0
171,1,0,499,1.0,1.0
172,1,0,499,1.0,1.0
173,1,0,499,1.0,1.0
174,1,0,499,1.0,1.0
175,1,0,499,1.0,1.0
176,1,0,499,1.0,1.0
177,1,0,499,1.0,1.0
178,1,0,499,1.0,1.0
179,1,0,499,1.0,1.0
180,1,0,499,1.0,1.0
181,1,0,499,1.0,1.0
182,1,0,499,1.0,1.0
183,1,0,499,1.0,1.0
184,1,0,499,1.0,1.0
185,1,0,499,1.0,1.0
186,1,0,499,1.0,1.0
187,1,0,499,1.0,1.0
188,1,0,499,1.0,1.0
189,1,0,499,1.0,1.0
190,1,0,499,1.0,1.0
191,1,0,499,1.0,1.0
192,1,0,499,1.0,1.0
193,1,0,499,1.0,1.0
194,1,0,499,1.0,1.0
195,1,0,499,1.0,1.0
196,1,0,499,1.0,1.0
197,1,0,499,1.0,1.0
198,1,0,499,1.0,1.0
199,1,0,499,1.0,1.0
200,1,0,499,1.0,1.0
1,499,1,0,1.0,1.0
2,498,2,0,0.9983333333333333,0.9991705731521516
3,496,4,0,0.9935,0.9967190226433739
4,489,11,0,0.9838333333333333,0.9917104330027776
5,484,14,2,0.9758333333333333,0.9874477456574116
6,479,19,2,0.9685,0.9834451915449465
7,474,24,2,0.9591666666666666,0.9783268879214578
8,463,33,4,0.9473333333333334,0.9714412556590226
9,457,38,5,0.9431666666666667,0.968659220144331
10,445,48,7,0.93,0.9603892084864241
11,428,61,11,0.9176666666666666,0.9516248865812051
12,413,70,17,0.8993333333333333,0.9389242357070551
13,383,93,24,0.859,0.9076415282392125
14,366,108,26,0.8385,0.8893509116869773
15,345,124,31,0.8238333333333333,0.8717961253375835
16,312,147,41,0.814,0.8506830719799603
17,292,158,50,0.7961666666666667,0.8246404056295272
18,271,173,56,0.7848333333333334,0.80038067619239
19,241,197,62,0.7685,0.7580118396345009
20,210,223,67,0.7603333333333333,0.7125427741516525
21,177,244,79,0.772,0.6752984195943723
22,148,263,89,0.7971666666666667,0.6556024279713537
23,120,277,103,0.8255,0.6326904481289605
24,100,285,115,0.8541666666666666,0.631879327322294
25,87,287,126,0.8711666666666666,0.6251715730720346
26,68,300,132,0.8941666666666667,0.6085700186651744
27,54,307,139,0.9138333333333334,0.5973806474119063
28,43,301,156,0.9323333333333333,0.6035662280999223
29,35,298,167,0.9445,0.5974147700362534
30,28,293,179,0.9546666666666667,0.5902300713873603
31,22,282,196,0.9661666666666666,0.6098885163120225
32,20,281,199,0.9701666666666666,0.6187940346098914
33,18,273,209,0.9731666666666666,0.6205005449698544
34,16,271,213,0.9761666666666666,0.6213291586397405
35,15,266,219,0.9781666666666666,0.6316581784228842
36,12,258,230,0.9828333333333333,0.6326878023936847
37,7,258,235,0.9901666666666666,0.6349539815926369
38,6,247,247,0.9923333333333333,0.664390756302521
39,5,240,255,0.9938333333333333,0.6713429816370993
40,3,233,264,0.9961666666666666,0.6686507936507936
41,3,223,274,0.9965,0.6984126984126985
42,3,213,284,0.9965,0.6984126984126985
43,2,207,291,0.9976666666666667,0.6934523809523809
44,2,202,296,0.9976666666666667,0.6934523809523809
45,2,194,304,0.998,0.7410714285714286
46,2,184,314,0.9981666666666666,0.7619047619047619
47,2,178,320,0.9983333333333333,0.7827380952380952
48,2,174,324,0.9983333333333333,0.7827380952380952
49,1,174,325,0.9996666666666667,0.9047619047619048
50,1,163,336,0.9996666666666667,0.9047619047619048
51,1,156,343,0.9996666666666667,0.9047619047619048
52,1,150,349,0.9996666666666667,0.9047619047619048
53,1,141,358,0.9996666666666667,0.9047619047619048
54,1,135,364,0.9996666666666667,0.9047619047619048
55,1,130,369,0.9996666666666667,0.9047619047619048
56,1,124,375,0.9996666666666667,0.9047619047619048
57,1,119,380,0.9996666666666667,0.9047619047619048
58,1,114,385,0.9996666666666667,0.9047619047619048
59,1,111,388,0.9996666666666667,0.9047619047619048
60,1,108,391,0.9996666666666667,0.9047619047619048
61,1,104,395,0.9996666666666667,0.9047619047619048
62,1,99,400,0.9996666666666667,0.9047619047619048
63,1,95,404,0.9996666666666667,0.9047619047619048
64,1,89,410,0.9998333333333334,0.9523809523809523
65,1,86,413,0.9998333333333334,0.9523809523809523
66,1,83,416,0.9998333333333334,0.9523809523809523
67,1,79,420,0.9998333333333334,0.9523809523809523
68,0,79,421,1.0,
69,0,79,421,1.0,
70,0,75,425,1.0,
71,0,69,431,1.0,
72,0,66,434,1.0,
73,0,65,435,1.0,
74,0,61,439,1.0,
75,0,59,441,1.0,
76,0,57,443,1.0,
77,0,56,444,1.0,
78,0,54,446,1.0,
79,0,49,451,1.0,
80,0,46,454,1.0,
81,0,44,456,1.0,
82,0,42,458,1.0,
83,0,41,459,1.0,
84,0,40,460,1.0,
85,0,38,462,1.0,
86,0,36,464,1.0,
87,0,32,468,1.0,
88,0,30,470,1.0,
89,0,29,471,1.0,
90,0,28,472,1.0,
91,0,27,473,1.0,
92,0,27,473,1.0,
93,0,27,473,1.0,
94,0,27,473,1.0,
95,0,24,476,1.0,
96,0,24,476,1.0,
97,0,23,477,1.0,
98,0,22,478,1.0,
99,0,22,478,1.0,
100,0,21,479,1.0,
101,0,20,480,1.0,
102,0,19,481,1.0,
103,0,19,481,1.0,
104,0,19,481,1.0,
105,0,16,484,1.0,
106,0,16,484,1.0,
107,0,16,484,1.0,
108,0,16,484,1.0,
109,0,15,485,1.0,
110,0,15,485,1.0,
111,0,13,487,1.0,
112,0,12,488,1.0,
113,0,12,488,1.0,
114,0,11,489,1.0,
115,0,11,489,1.0,
116,0,9,491,1.0,
117,0,8,492,1.0,
118,0,8,492,1.0,
119,0,8,492,1.0,
120,0,8,492,1.0,
121,0,7,493,1.0,
122,0,7,493,1.0,
123,0,7,493,1.0,
124,0,7,493,1.0,
125,0,7,493,1.0,
126,0,7,493,1.0,
127,0,7,493,1.0,
128,0,7,493,1.0,
129,0,7,493,1.0,
130,0,6,494,1.0,
131,0,6,494,1.0,
132,0,6,494,1.0,
133,0,5,495,1.0,
134,0,5,495,1.0,
135,0,4,496,1.0,
136,0,4,496,1.0,
137,0,4,496,1.0,
138,0,4,496,1.0,
139,0,4,496,1.0,
140,0,4,496,1.0,
141,0,4,496,1.0,
142,0,4,496,1.0,
143,0,4,496,1.0,
144,0,4,496,1.0,
145,0,4,496,1.0,
146,0,4,496,1.0,
147,0,4,496,1.0,
148,0,4,496,1.0,
149,0,4,496,1.0,
150,0,4,496,1.0,
151,0,4,496,1.0,
152,0,4,496,1.0,
153,0,3,497,1.0,
154,0,3,497,1.0,
155,0,2,498,1.0,
156,0,2,498,1.0,
157,0,2,498,1.0,
158,0,2,498,1.0,
159,0,2,498,1.0,
160,0,2,498,1.0,
161,0,2,498,1.0,
162,0,2,498,1.0,
163,0,2,498,1.0,
164,0,2,498,1.0,
165,0,2,498,1.0,
166,0,2,498,1.0,
167,0,2,498,1.0,
168,0,2,498,1.0,
169,0,2,498,1.0,
170,0,2,498,1.0,
171,0,1,499,1.0,
172,0,1,499,1.0,
173,0,1,499,1.0,
174,0,1,499,1.0,
175,0,1,499,1.0,
176,0,1,499,1.0,
177,0,1,499,1.0,
178,0,1,499,1.0,
179,0,1,499,1.0,
180,0,1,499,1.0,
181,0,1,499,1.0,
182,0,1,499,1.0,
183,0,1,499,1.0,
184,0,1,499,1.0,
185,0,0,500,1.0,
186,0,0,500,1.0,
187,0,0,500,1.0,
188,0,0,500,1.0,
189,0,0,500,1.0,
190,0,0,500,1.0,
191,0,0,500,1.0,
192,0,0,500,1.0,
193,0,0,500,1.0,
194,0,0,500,1.0,
195,0,0,500,1.0,
196,0,0,500,1.0,
197,0,0,500,1.0,
198,0,0,500,1.0,
199,0,0,500,1.0,
200,0,0,500,1.0,
1,497,3,0,0.994,1.0
2,495,5,0,0.992,0.9989945720370401
3,492,8,0,0.9876666666666667,0.9967832628843444
4,490,10,0,0.9848333333333333,0.9953327908506231
5,485,15,0,0.9753333333333334,0.9903307478938004
6,480,19,1,0.97,0.9874043339720677
7,470,25,5,0.964,0.9839202890747358
8,460,34,6,0.9498333333333333,0.9756850763846023
9,442,51,7,0.921,0.9582354261637959
10,426,65,9,0.903,0.9458948422258062
11,411,76,13,0.8965,0.9399426122063923
12,391,91,18,0.8773333333333333,0.9242464703433885
13,375,104,21,0.8658333333333333,0.9131199897945276
14,363,112,25,0.8638333333333333,0.9086937484909735
15,339,130,31,0.8413333333333334,0.8855668966191118
16,317,150,33,0.8216666666666667,0.8614722131149891
17,284,176,40,0.7948333333333333,0.821734706431601
18,246,206,48,0.7783333333333333,0.7763518773031133
19,213,229,58,0.7816666666666666,0.7447008438206261
20,186,238,76,0.7813333333333333,0.7066061043744855
21,156,258,86,0.7951666666666667,0.6710391728933086
22,135,268,97,0.813,0.6517433313410922
23,109,282,109,0.8375,0.6250437404306627
24,93,291,116,0.8543333333333333,0.6049619883117893
25,75,294,131,0.8778333333333334,0.5918907104691833
26,68,288,144,0.889,0.5914110275055178
27,55,286,159,0.9096666666666666,0.5878735478195217
28,47,280,173,0.9256666666666666,0.6026926452241508
29,42,276,182,0.9326666666666666,0.5971419461817277
30,36,269,195,0.9438333333333333,0.6101702650250771
31,29,263,208,0.9553333333333334,0.6173323192624454
32,26,259,215,0.9605,0.6228090053408609
33,18,251,231,0.9743333333333334,0.6443288160122561
34,15,242,243,0.9793333333333333,0.6553245578474817
35,11,233,256,0.9858333333333333,0.675537490454869
36,9,220,271,0.9886666666666667,0.6850788803169233
37,8,212,280,0.9903333333333333,0.6941813611008947
38,6,202,292,0.9928333333333333,0.6972252916688766
39,4,195,301,0.9955,0.7104130878163382
40,3,185,312,0.9975,0.7829817581409294
41,3,174,323,0.9975,0.7829817581409294
42,3,166,331,0.9975,0.7829817581409294
43,1,159,340,0.9988333333333334,0.6838932281898645
44,0,156,344,1.0,
45,0,147,353,1.0,
46,0,141,359,1.0,
47,0,135,365,1.0,
48,0,126,374,1.0,
49,0,123,377,1.0,
50,0,119,381,1.0,
51,0,112,388,1.0,
52,0,110,390,1.0,
53,0,108,392,1.0,
54,0,105,395,1.0,
55,0,100,400,1.0,
56,0,98,402,1.0,
57,0,95,405,1.0,
58,0,91,409,1.0,
59,0,86,414,1.0,
60,0,81,419,1.0,
61,0,79,421,1.0,
62,0,76,424,1.0,
63,0,74,426,1.0,
64,0,72,428,1.0,
65,0,70,430,1.0,
66,0,69,431,1.0,
67,0,65,435,1.0,
68,0,62,438,1.0,
69,0,61,439,1.0,
70,0,58,442,1.0,
71,0,54,446,1.0,
72,0,53,447,1.0,
73,0,51,449,1.0,
74,0,49,451,1.0,
75,0,46,454,1.0,
76,0,44,456,1.0,
77,0,43,457,1.0,
78,0,41,459,1.0,
79,0,40,460,1.0,
80,0,39,461,1.0,
81,0,36,464,1.0,
82,0,35,465,1.0,
83,0,34,466,1.0,
84,0,32,468,1.0,
85,0,32,468,1.0,
86,0,30,470,1.0,
87,0,29,471,1.0,
88,0,27,473,1.0,
89,0,24,476,1.0,
90,0,23,477,1.0,
91,0,23,477,1.0,
92,0,22,478,1.0,
93,0,22,478,1.0,
94,0,22,478,1.0,
95,0,20,480,1.0,
96,0,20,480,1.0,
97,0,19,481,1.0,
98,0,17,483,1.0,
99,0,17,483,1.0,
100,0,16,484,1.0,
101,0,16,484,1.0,
102,0,16,484,1.0,
103,0,16,484,1.0,
104,0,16,484,1.0,
105,0,15,485,1.0,
106,0,14,486,1.0,
107,0,13,487,1.0,
108,0,13,487,1.0,
109,0,11,489,1.0,
110,0,10,490,1.0,
111,0,10,490,1.0,
112,0,10,490,1.0,
113,0,10,490,1.0,
114,0,9,491,1.0,
115,0,9,491,1.0,
116,0,8,492,1.0,
117,0,8,492,1.0,
118,0,7,493,1.0,
119,0,7,493,1.0,
120,0,7,493,1.0,
121,0,7,493,1.0,
122,0,6,494,1.0,
123,0,5,495,1.0,
124,0,5,495,1.0,
125,0,5,495,1.0,
126,0,5,495,1.0,
127,0,4,496,1.0,
128,0,4,496,1.0,
129,0,3,497,1.0,
130,0,3,497,1.0,
131,0,2,498,1.0,
132,0,2,498,1.0,
133,0,2,498,1.0,
134,0,2,498,1.0,
135,0,1,499,1.0,
136,0,1,499,1.0,
137,0,1,499,1.0,
138,0,1,499,1.0,
139,0,1,499,1.0,
140,0,1,499,1.0,
141,0,1,499,1.0,
142,0,1,499,1.0,
143,0,1,499,1.0,
144,0,1,499,1.0,
145,0,1,499,1.0,
146,0,1,499,1.0,
147,0,1,499,1.0,
148,0,1,499,1.0,
149,0,1,499,1.0,
150,0,1,499,1.0,
151,0,1,499,1.0,
152,0,1,499,1.0,
153,0,1,499,1.0,
154,0,1,499,1.0,
155,0,1,499,1.0,
156,0,1,499,1.0,
157,0,1,499,1.0,
158,0,1,499,1.0,
159,0,1,499,1.0,
160,0,1,499,1.0,
161,0,1,499,1.0,
162,0,1,499,1.0,
163,0,1,499,1.0,
164,0,1,499,1.0,
165,0,1,499,1.0,
166,0,1,499,1.0,
167,0,1,499,1.0,
168,0,1,499,1.0,
169,0,1,499,1.0,
170,0,1,499,1.0,
171,0,1,499,1.0,
172,0,0,500,1.0,
173,0,0,500,1.0,
174,0,0,500,1.0,
175,0,0,500,1.0,
176,0,0,500,1.0,
177,0,0,500,1.0,
178,0,0,500,1.0,
179,0,0,500,1.0,
180,0,0,500,1.0,
181,0,0,500,1.0,
182,0,0,500,1.0,
183,0,0,500,1.0,
184,0,0,500,1.0,
185,0,0,500,1.0,
186,0,0,500,1.0,
187,0,0,500,1.0,
188,0,0,500,1.0,
189,0,0,500,1.0,
190,0,0,500,1.0,
191,0,0,500,1.0,
192,0,0,500,1.0,
193,0,0,500,1.0,
194,0,0,500,1.0,
195,0,0,500,1.0,
196,0,0,500,1.0,
197,0,0,500,1.0,
198,0,0,500,1.0,
199,0,0,500,1.0,
200,0,0,500,1.0,
1,497,3,0,0.9971666666666666,1.0
2,491,9,0,0.9866666666666667,0.994574308553117
3,486,14,0,0.9785,0.9902699894131884
4,481,19,0,0.9683333333333334,0.984847427299986
5,472,28,0,0.9548333333333333,0.9774816515144333
6,456,43,1,0.9285,0.9622274769589534
7,438,59,3,0.9033333333333333,0.9462138018563342
8,419,75,6,0.883,0.9315471047474305
9,400,88,12,0.8601666666666666,0.9139639787443058
10,377,107,16,0.8391666666666666,0.8944247352911828
11,353,123,24,0.8286666666666667,0.8795542451154229
12,330,143,27,0.827,0.8702249449480792
13,299,169,32,0.8086666666666666,0.840980557271192
14,268,191,41,0.811,0.824631726807954
15,239,215,46,0.8036666666666666,0.7951666984826337
16,208,233,59,0.8108333333333333,0.773505192426224
17,184,251,65,0.8031666666666667,0.7325949131947614
18,161,261,78,0.8081666666666667,0.7004852280266439
19,133,276,91,0.8181666666666667,0.6560833514725621
20,107,290,103,0.8415,0.6253666166490235
21,83,305,112,0.8673333333333333,0.5934474782367696
22,72,301,127,0.8843333333333333,0.5920181775264046
23,60,306,134,0.9015,0.5816312030324913
24,52,303,145,0.9133333333333333,0.5753931003446058
25,37,304,159,0.9386666666666666,0.5750318820444238
26,30,303,167,0.949,0.565334198978775
27,25,302,173,0.957,0.5574410555121043
28,22,289,189,0.963,0.5692225670557224
29,16,287,197,0.973,0.5668422576417431
30,14,279,207,0.9768333333333333,0.5731836431852733
31,10,273,217,0.9836666666666667,0.573645250391615
32,8,264,228,0.9878333333333333,0.6075812965553457
33,5,254,241,0.9928333333333333,0.6210492381278766
34,3,251,246,0.9958333333333333,0.6293615606267202
35,3,244,253,0.9963333333333333,0.6735620056602529
36,3,235,262,0.9963333333333333,0.6735620056602529
37,2,230,268,0.9973333333333333,0.6461841180648557
38,1,225,274,0.9986666666666667,0.6372780582446663
39,1,217,282,0.9986666666666667,0.6372780582446663
40,1,207,292,0.9986666666666667,0.6372780582446663
41,0,201,299,1.0,
42,0,189,311,1.0,
43,0,181,319,1.0,
44,0,174,326,1.0,
45,0,164,336,1.0,
46,0,158,342,1.0,
47,0,152,348,1.0,
48,0,140,360,1.0,
49,0,135,365,1.0,
50,0,128,372,1.0,
51,0,120,380,1.0,
52,0,115,385,1.0,
53,0,110,390,1.0,
54,0,102,398,1.0,
55,0,93,407,1.0,
56,0,90,410,1.0,
57,0,85,415,1.0,
58,0,83,417,1.0,
59,0,80,420,1.0,
60,0,79,421,1.0,
61,0,76,424,1.0,
62,0,74,426,1.0,
63,0,74,426,1.0,
64,0,72,428,1.0,
65,0,68,432,1.0,
66,0,65,435,1.0,
67,0,64,436,1.0,
68,0,63,437,1.0,
69,0,63,437,1.0,
70,0,61,439,1.0,
71,0,59,441,1.0,
72,0,56,444,1.0,
73,0,52,448,1.0,
74,0,50,450,1.0,
75,0,48,452,1.0,
76,0,47,453,1.0,
77,0,44,456,1.0,
78,0,44,456,1.0,
79,0,42,458,1.0,
80,0,39,461,1.0,
81,0,39,461,1.0,
82,0,37,463,1.0,
83,0,35,465,1.0,
84,0,34,466,1.0,
85,0,33,467,1.0,
86,0,32,468,1.0,
87,0,30,470,1.0,
88,0,29,471,1.0,
89,0,23,477,1.0,
90,0,23,477,1.0,
91,0,23,477,1.0,
92,0,22,478,1.0,
93,0,21,479,1.0,
94,0,20,480,1.0,
95,0,20,480,1.0,
96,0,19,481,1.0,
97,0,19,481,1.0,
98,0,18,482,1.0,
99,0,17,483,1.0,
100,0,17,483,1.0,
101,0,17,483,1.0,
102,0,16,484,1.0,
103,0,15,485,1.0,
104,0,15,485,1.0,
105,0,15,485,1.0,
106,0,15,485,1.0,
107,0,15,485,1.0,
108,0,15,485,1.0,
109,0,15,485,1.0,
110,0,15,485,1.0,
111,0,13,487,1.0,
112,0,13,487,1.0,
113,0,13,487,1.0,
114,0,13,487,1.0,
115,0,13,487,1.0,
116,0,13,487,1.0,
117,0,13,487,1.0,
118,0,13,487,1.0,
119,0,13,487,1.0,
120,0,13,487,1.0,
121,0,11,489,1.0,
122,0,11,489,1.0,
123,0,11,489,1.0,
124,0,10,490,1.0,
125,0,10,490,1.0,
126,0,10,490,1.0,
127,0,8,492,1.0,
128,0,8,492,1.0,
129,0,8,492,1.0,
130,0,7,493,1.0,
131,0,6,494,1.0,
132,0,6,494,1.0,
133,0,6,494,1.0,
134,0,6,494,1.0,
135,0,5,495,1.0,
136,0,5,495,1.0,
137,0,5,495,1.0,
138,0,5,495,1.0,
139,0,5,495,1.0,
140,0,5,495,1.0,
141,0,5,495,1.0,
142,0,5,495,1.0,
143,0,5,495,1.0,
144,0,5,495,1.0,
145,0,5,495,1.0,
146,0,5,495,1.0,
147,0,5,495,1.0,
148,0,5,495,1.0,
149,0,5,495,1.0,
150,0,5,495,1.0,
151,0,5,495,1.0,
152,0,4,496,1.0,
153,0,4,496,1.0,
154,0,4,496,1.0,
155,0,4,496,1.0,
156,0,4,496,1.0,
157,0,3,497,1.0,
158,0,3,497,1.0,
159,0,3,497,1.0,
160,0,3,497,1.0,
161,0,3,497,1.0,
162,0,3,497,1.0,
163,0,3,497,1.0,
164,0,3,497,1.0,
165,0,2,498,1.0,
166,0,2,498,1.0,
167,0,2,498,1.0,
168,0,2,498,1.0,
169,0,2,498,1.0,
170,0,2,498,1.0,
171,0,2,498,1.0,
172,0,2,498,1.0,
173,0,2,498,1.0,
174,0,2,498,1.0,
175,0,2,498,1.0,
176,0,2,498,1.0,
177,0,2,498,1.0,
178,0,2,498,1.0,
179,0,2,498,1.0,
180,0,1,499,1.0,
181,0,1,499,1.0,
182,0,0,500,1.0,
183,0,0,500,1.0,
184,0,0,500,1.0,
185,0,0,500,1.0,
186,0,0,500,1.0,
187,0,0,500,1.0,
188,0,0,500,1.0,
189,0,0,500,1.0,
190,0,0,500,1.0,
191,0,0,500,1.0,
192,0,0,500,1.0,
193,0,0,500,1.0,
194,0,0,500,1.0,
195,0,0,500,1.0,
196,0,0,500,1.0,
197,0,0,500,1.0,
198,0,0,500,1.0,
199,0,0,500,1.0,
200,0,0,500,1.0,
1,498,2,0,0.9975,1.0
2,495,5,0,0.9935,0.9979226862987871
3,491,9,0,0.9863333333333333,0.9941479535384811
4,484,14,2,0.9805,0.990972535047443
5,475,21,4,0.9663333333333334,0.9833077725338327
6,468,27,5,0.9553333333333334,0.9773202788420766
7,453,39,8,0.9348333333333333,0.9653060785859031
8,440,50,10,0.9156666666666666,0.9533075515632159
9,429,60,11,0.9001666666666667,0.9430305226400354
10,405,77,18,0.8685,0.9201373200239888
11,384,93,23,0.8451666666666666,0.9005867062720281
12,361,110,29,0.826,0.8807665035915003
13,335,131,34,0.795,0.8481261054552216
14,308,155,37,0.7646666666666667,0.810263635294574
15,281,173,46,0.7633333333333333,0.7908335592062058
16,255,192,53,0.747,0.7533871512044222
17,225,218,57,0.7426666666666667,0.7155333448086245
18,183,252,65,0.7636666666666667,0.6781444751795348
19,153,266,81,0.7856666666666666,0.649802385311469
20,130,278,92,0.8063333333333333,0.6276204459460494
21,105,295,100,0.833,0.6030565210943334
22,83,309,108,0.8586666666666667,0.5750278171758137
23,70,313,117,0.879,0.5683553155471512
24,48,322,130,0.9158333333333334,0.5613929699773949
25,38,319,143,0.9331666666666667,0.5587080587616063
26,29,322,149,0.9478333333333333,0.5468514577579421
27,25,314,161,0.956,0.5546609324220931
28,18,307,175,0.9695,0.5740861181758152
29,12,303,185,0.9805,0.5893335939081588
30,9,296,195,0.9856666666666667,0.600578867665851
31,7,289,204,0.9886666666666667,0.5947876316418891
32,7,276,217,0.9891666666666666,0.6124286275302657
33,7,263,230,0.9895,0.6251996187621988
34,6,255,239,0.9913333333333333,0.6362280791904856
35,5,243,252,0.993,0.6466616952271697
36,5,232,263,0.9933333333333333,0.6642073343810145
37,4,225,271,0.9953333333333333,0.704686268189749
38,3,219,278,0.9968333333333333,0.730988834131428
39,2,208,290,0.9981666666666666,0.7568940803458909
40,1,205,294,0.9991666666666666,0.7628538762541263
41,1,197,302,0.9991666666666666,0.7628538762541263
42,0,192,308,1.0,
43,0,183,317,1.0,
44,0,171,329,1.0,
45,0,166,334,1.0,
46,0,160,340,1.0,
47,0,155,345,1.0,
48,0,146,354,1.0,
49,0,141,359,1.0,
50,0,135,365,1.0,
51,0,132,368,1.0,
52,0,127,373,1.0,
53,0,124,376,1.0,
54,0,120,380,1.0,
55,0,114,386,1.0,
56,0,112,388,1.0,
57,0,105,395,1.0,
58,0,101,399,1.0,
59,0,97,403,1.0,
60,0,95,405,1.0,
61,0,93,407,1.0,
62,0,90,410,1.0,
63,0,85,415,1.0,
64,0,80,420,1.0,
65,0,77,423,1.0,
66,0,70,430,1.0,
67,0,68,432,1.0,
68,0,63,437,1.0,
69,0,60,440,1.0,
70,0,58,442,1.0,
71,0,55,445,1.0,
72,0,53,447,1.0,
73,0,52,448,1.0,
74,0,51,449,1.0,
75,0,49,451,1.0,
76,0,46,454,1.0,
77,0,46,454,1.0,
78,0,43,457,1.0,
79,0,42,458,1.0,
80,0,39,461,1.0,
81,0,35,465,1.0,
82,0,32,468,1.0,
83,0,31,469,1.0,
84,0,31,469,1.0,
85,0,29,471,1.0,
86,0,27,473,1.0,
87,0,27,473,1.0,
88,0,26,474,1.0,
89,0,24,476,1.0,
90,0,24,476,1.0,
91,0,23,477,1.0,
92,0,22,478,1.0,
93,0,21,479,1.0,
94,0,19,481,1.0,
95,0,19,481,1.0,
96,0,19,481,1.0,
97,0,19,481,1.0,
98,0,19,481,1.0,
99,0,18,482,1.0,
100,0,16,484,1.0,
101,0,15,485,1.0,
102,0,14,486,1.0,
103,0,13,487,1.0,
104,0,12,488,1.0,
105,0,11,489,1.0,
106,0,10,490,1.0,
107,0,10,490,1.0,
108,0,10,490,1.0,
109,0,10,490,1.0,
110,0,9,491,1.0,
111,0,9,491,1.0,
112,0,9,491,1.0,
113,0,9,491,1.0,
114,0,7,493,1.0,
115,0,7,493,1.0,
116,0,7,493,1.0,
117,0,7,493,1.0,
118,0,7,493,1.0,
119,0,7,493,1.0,
120,0,7,493,1.0,
121,0,7,493,1.0,
122,0,7,493,1.0,
123,0,7,493,1.0,
124,0,6,494,1.0,
125,0,6,494,1.0,
126,0,6,494,1.0,
127,0,6,494,1.0,
128,0,6,494,1.0,
129,0,6,494,1.0,
130,0,6,494,1.0,
131,0,6,494,1.0,
132,0,4,496,1.0,
133,0,4,496,1.0,
134,0,4,496,1.0,
135,0,4,496,1.0,
136,0,4,496,1.0,
137,0,4,496,1.0,
138,0,4,496,1.0,
139,0,3,497,1.0,
140,0,3,497,1.0,
141,0,3,497,1.0,
142,0,3,497,1.0,
143,0,2,498,1.0,
144,0,1,499,1.0,
145,0,1,499,1.0,
146,0,1,499,1.0,
147,0,1,499,1.0,
148,0,1,499,1.0,
149,0,1,499,1.0,
150,0,1,499,1.0,
151,0,1,499,1.0,
152,0,1,499,1.0,
153,0,1,499,1.0,
154,0,1,499,1.0,
155,0,1,499,1.0,
156,0,1,499,1.0,
157,0,1,499,1.0,
158,0,1,499,1.0,
159,0,1,499,1.0,
160,0,0,500,1.0,
161,0,0,500,1.0,
162,0,0,500,1.0,
163,0,0,500,1.0,
164,0,0,500,1.0,
165,0,0,500,1.0,
166,0,0,500,1.0,
167,0,0,500,1.0,
168,0,0,500,1.0,
169,0,0,500,1.0,
170,0,0,500,1.0,
171,0,0,500,1.0,
172,0,0,500,1.0,
173,0,0,500,1.0,
174,0,0,500,1.0,
175,0,0,500,1.0,
176,0,0,500,1.0,
177,0,0,500,1.0,
178,0,0,500,1.0,
179,0,0,500,1.0,
180,0,0,500,1.0,
181,0,0,500,1.0,
182,0,0,500,1.0,
183,0,0,500,1.0,
184,0,0,500,1.0,
185,0,0,500,1.0,
186,0,0,500,1.0,
187,0,0,500,1.0,
188,0,0,500,1.0,
189,0,0,500,1.0,
190,0,0,500,1.0,
191,0,0,500,1.0,
192,0,0,500,1.0,
193,0,0,500,1.0,
194,0,0,500,1.0,
195,0,0,500,1.0,
196,0,0,500,1.0,
197,0,0,500,1.0,
198,0,0,500,1.0,
199,0,0,500,1.0,
200,0,0,500,1.0,
1,499,1,0,1.0,1.0
2,498,2,0,0.9975,0.9987486640302251
3,496,4,0,0.9935,0.9967299998615743
4,493,6,1,0.9935,0.9967199832174697
5,486,13,1,0.9803333333333333,0.9900168321039675
6,474,22,4,0.9668333333333333,0.9827388346279375
7,464,31,5,0.9505,0.9736573051129834
8,448,42,10,0.9356666666666666,0.9645452834597827
9,432,57,11,0.9096666666666666,0.9480416120975703
10,414,74,12,0.8785,0.9268157015100935
11,397,87,16,0.8558333333333333,0.9094161837667477
12,371,109,20,0.825,0.8822232461948858
13,337,139,24,0.7831666666666667,0.8396287504073595
14,301,168,31,0.762,0.8027440026176123
15,269,197,34,0.7505,0.7680569066369939
16,233,224,43,0.744,0.725177678265008
17,206,238,56,0.7518333333333334,0.6983933168905732
18,177,254,69,0.769,0.6733008234248716
19,145,279,76,0.7898333333333334,0.6360937599243446
20,116,299,85,0.818,0.6080278435956846
21,94,308,98,0.8448333333333333,0.5871091301202309
22,78,305,117,0.8703333333333333,0.5840338635517007
23,67,300,133,0.8895,0.5893839872003402
24,50,301,149,0.9183333333333333,0.5898324215237258
25,42,303,155,0.9315,0.5892404871028059
26,32,303,165,0.9478333333333333,0.5897521726461944
27,22,297,181,0.9628333333333333,0.5789181569418724
28,17,287,196,0.973,0.6072584193300307
29,16,278,206,0.9755,0.6205139606770042
30,14,266,220,0.9811666666666666,0.6639068178198614
31,14,249,237,0.9821666666666666,0.6813164371860024
32,12,236,252,0.986,0.7036094642072902
33,12,228,260,0.986,0.7036094642072902
34,11,219,270,0.9873333333333333,0.707119415498862
35,10,207,283,0.9888333333333333,0.7172542819499341
36,10,197,293,0.99,0.7466310935441369
37,8,190,302,0.9913333333333333,0.7243848814229249
38,8,185,307,0.9915,0.7295932147562583
39,8,180,312,0.9916666666666667,0.7348015480895915
40,7,172,321,0.9931666666666666,0.7507462827028044
41,5,166,329,0.9948333333333333,0.7316205533596838
42,2,158,340,0.9983333333333333,0.7871376811594203
43,2,153,345,0.9983333333333333,0.7871376811594203
44,2,150,348,0.9983333333333333,0.7871376811594203
45,2,142,356,0.9983333333333333,0.7871376811594203
46,2,138,360,0.9985,0.8079710144927537
47,1,132,367,0.9995,0.875
48,1,130,369,0.9995,0.875
49,1,124,375,0.9995,0.875
50,1,117,382,0.9995,0.875
51,1,114,385,0.9995,0.875
52,0,112,388,1.0,
53,0,111,389,1.0,
54,0,105,395,1.0,
55,0,99,401,1.0,
56,0,89,411,1.0,
57,0,86,414,1.0,
58,0,83,417,1.0,
59,0,82,418,1.0,
60,0,80,420,1.0,
61,0,76,424,1.0,
62,0,68,432,1.0,
63,0,63,437,1.0,
64,0,59,441,1.0,
65,0,57,443,1.0,
66,0,57,443,1.0,
67,0,55,445,1.0,
68,0,49,451,1.0,
69,0,48,452,1.0,
70,0,44,456,1.0,
71,0,40,460,1.0,
72,0,38,462,1.0,
73,0,38,462,1.0,
74,0,37,463,1.0,
75,0,37,463,1.0,
76,0,34,466,1.0,
77,0,33,467,1.0,
78,0,32,468,1.0,
79,0,32,468,1.0,
80,0,31,469,1.0,
81,0,30,470,1.0,
82,0,30,470,1.0,
83,0,27,473,1.0,
84,0,25,475,1.0,
85,0,25,475,1.0,
86,0,24,476,1.0,
87,0,24,476,1.0,
88,0,23,477,1.0,
89,0,23,477,1.0,
90,0,23,477,1.0,
91,0,22,478,1.0,
92,0,20,480,1.0,
93,0,19,481,1.0,
94,0,17,483,1.0,
95,0,17,483,1.0,
96,0,17,483,1.0,
97,0,17,483,1.0,
98,0,15,485,1.0,
99,0,14,486,1.0,
100,0,14,486,1.0,
101,0,14,486,1.0,
102,0,14,486,1.0,
103,0,13,487,1.0,
104,0,13,487,1.0,
105,0,12,488,1.0,
106,0,11,489,1.0,
107,0,11,489,1.0,
108,0,10,490,1.0,
109,0,10,490,1.0,
110,0,10,490,1.0,
111,0,9,491,1.0,
112,0,9,491,1.0,
113,0,9,491,1.0,
114,0,9,491,1.0,
115,0,9,491,1.0,
116,0,9,491,1.0,
117,0,9,491,1.0,
118,0,9,491,1.0,
119,0,9,491,1.0,
120,0,9,491,1.0,
121,0,9,491,1.0,
122,0,8,492,1.0,
123,0,8,492,1.0,
124,0,8,492,1.0,
125,0,7,493,1.0,
126,0,6,494,1.0,
127,0,6,494,1.0,
128,0,6,494,1.0,
129,0,6,494,1.0,
130,0,6,494,1.0,
131,0,6,494,1.0,
132,0,6,494,1.0,
133,0,6,494,1.0,
134,0,6,494,1.0,
135,0,5,495,1.0,
136,0,5,495,1.0,
137,0,5,495,1.0,
138,0,5,495,1.0,
139,0,5,495,1.0,
140,0,5,495,1.0,
141,0,5,495,1.0,
142,0,5,495,1.0,
143,0,5,495,1.0,
144,0,5,495,1.0,
145,0,2,498,1.0,
146,0,2,498,1.0,
147,0,2,498,1.0,
148,0,2,498,1.0,
149,0,1,499,1.0,
150,0,1,499,1.0,
151,0,1,499,1.0,
152,0,1,499,1.0,
153,0,1,499,1.0,
154,0,1,499,1.0,
155,0,1,499,1.0,
156,0,1,499,1.0,
157,0,1,499,1.0,
158,0,1,499,1.0,
159,0,1,499,1.0,
160,0,1,499,1.0,
161,0,1,499,1.0,
162,0,1,499,1.0,
163,0,1,499,1.0,
164,0,1,499,1.0,
165,0,1,499,1.0,
166,0,1,499,1.0,
167,0,1,499,1.0,
168,0,1,499,1.0,
169,0,1,499,1.0,
170,0,0,500,1.0,
171,0,0,500,1.0,
172,0,0,500,1.0,
173,0,0,500,1.0,
174,0,0,500,1.0,
175,0,0,500,1.0,
176,0,0,500,1.0,
177,0,0,500,1.0,
178,0,0,500,1.0,
179,0,0,500,1.0,
180,0,0,500,1.0,
181,0,0,500,1.0,
182,0,0,500,1.0,
183,0,0,500,1.0,
184,0,0,500,1.0,
185,0,0,500,1.0,
186,0,0,500,1.0,
187,0,0,500,1.0,
188,0,0,500,1.0,
189,0,0,500,1.0,
190,0,0,500,1.0,
191,0,0,500,1.0,
192,0,0,500,1.0,
193,0,0,500,1.0,
194,0,0,500,1.0,
195,0,0,500,1.0,
196,0,0,500,1.0,
197,0,0,500,1.0,
198,0,0,500,1.0,
199,0,0,500,1.0,
200,0,0,500,1.0,
1,499,1,0,1.0,1.0
2,497,3,0,0.9946666666666667,0.9973044919388196
3,493,7,0,0.9891666666666666,0.9945083290757513
4,491,9,0,0.9863333333333333,0.9930165732906369
5,489,10,1,0.9861666666666666,0.9929175679771395
6,481,18,1,0.9703333333333334,0.9845813416214755
7,472,25,3,0.959,0.9782840382651546
8,463,34,3,0.9431666666666667,0.9692868355963483
9,445,50,5,0.9171666666666667,0.9533282888563787
10,419,76,5,0.8731666666666666,0.9241775009835609
11,396,98,6,0.8376666666666667,0.897404670895558
12,364,123,13,0.8036666666666666,0.8646923599838078
13,338,143,19,0.7788333333333334,0.8355236283169137
14,311,161,28,0.7586666666666667,0.8050862028642638
15,272,193,35,0.7388333333333333,0.7590335364930108
16,232,224,44,0.7365,0.7148933055810868
17,201,251,48,0.7446666666666667,0.6806226309881945
18,171,271,58,0.7558333333333334,0.6412352858882225
19,146,279,75,0.7891666666666667,0.6375978601395516
20,117,301,82,0.816,0.6043389054481586
21,88,309,103,0.8575,0.5926151263280709
22,73,316,111,0.8805,0.5876535747798405
23,64,312,124,0.8973333333333333,0.5946393779579922
24,54,308,138,0.9131666666666667,0.592819319852331
25,44,312,144,0.9298333333333333,0.5969967751835341
26,33,313,154,0.9465,0.5898758017466845
27,23,311,166,0.9638333333333333,0.6027048093683255
28,17,306,177,0.9735,0.5997951196288792
29,15,292,193,0.9788333333333333,0.6354957651044607
30,13,283,204,0.9813333333333333,0.632719671632715
31,7,282,211,0.9903333333333333,0.6477545642763035
32,7,272,221,0.9908333333333333,0.6656766421983812
33,5,265,230,0.994,0.6963702239789197
34,3,262,235,0.9965,0.7028282828282828
35,2,255,243,0.9976666666666667,0.7133333333333334
36,2,250,248,0.9976666666666667,0.7133333333333334
37,2,240,258,0.9976666666666667,0.7133333333333334
38,2,229,269,0.9978333333333333,0.7341666666666666
39,2,222,276,0.9978333333333333,0.7341666666666666
40,2,213,285,0.9978333333333333,0.7341666666666666
41,2,208,290,0.998,0.755
42,2,203,295,0.998,0.755
43,2,196,302,0.998,0.755
44,2,183,315,0.998,0.755
45,2,175,323,0.9981666666666666,0.7758333333333334
46,2,166,332,0.9981666666666666,0.7758333333333334
47,2,154,344,0.9981666666666666,0.7758333333333334
48,2,147,351,0.9981666666666666,0.7758333333333334
49,2,142,356,0.9985,0.8166666666666667
50,2,139,359,0.9985,0.8166666666666667
51,2,133,365,0.9985,0.8166666666666667
52,2,126,372,0.9986666666666667,0.8375
53,2,122,376,0.9986666666666667,0.8375
54,2,118,380,0.9986666666666667,0.8375
55,2,115,383,0.9986666666666667,0.8375
56,2,112,386,0.9986666666666667,0.8375
57,2,106,392,0.9986666666666667,0.8375
58,2,100,398,0.9986666666666667,0.8375
59,2,96,402,0.999,0.8783333333333333
60,2,94,404,0.9991666666666666,0.8983333333333333
61,2,92,406,0.9991666666666666,0.8983333333333333
62,2,87,411,0.9991666666666666,0.8983333333333333
63,2,85,413,0.9991666666666666,0.8983333333333333
64,2,82,416,0.9991666666666666,0.8983333333333333
65,1,82,417,0.9996666666666667,0.9166666666666666
66,1,81,418,0.9996666666666667,0.9166666666666666
67,1,81,418,0.9996666666666667,0.9166666666666666
68,1,78,421,0.9996666666666667,0.9166666666666666
69,1,76,423,0.9996666666666667,0.9166666666666666
70,1,74,425,0.9996666666666667,0.9166666666666666
71,1,72,427,0.9996666666666667,0.9166666666666666
72,1,69,430,0.9996666666666667,0.9166666666666666
73,1,68,431,0.9996666666666667,0.9166666666666666
74,1,67,432,0.9996666666666667,0.9166666666666666
75,1,65,434,0.9996666666666667,0.9166666666666666
76,1,61,438,0.9996666666666667,0.9166666666666666
77,1,60,439,0.9996666666666667,0.9166666666666666
78,1,57,442,0.9996666666666667,0.9166666666666666
79,1,54,445,0.9996666666666667,0.9166666666666666
80,1,52,447,0.9996666666666667,0.9166666666666666
81,1,49,450,0.9996666666666667,0.9166666666666666
82,1,46,453,0.9996666666666667,0.9166666666666666
83,1,43,456,0.9996666666666667,0.9166666666666666
84,1,42,457,0.9996666666666667,0.9166666666666666
85,1,41,458,0.9996666666666667,0.9166666666666666
86,1,38,461,0.9998333333333334,0.9583333333333334
87,1,37,462,0.9998333333333334,0.9583333333333334
88,0,38,462,1.0,
89,0,38,462,1.0,
90,0,35,465,1.0,
91,0,34,466,1.0,
92,0,33,467,1.0,
93,0,32,468,1.0,
94,0,32,468,1.0,
95,0,28,472,1.0,
96,0,26,474,1.0,
97,0,25,475,1.0,
98,0,24,476,1.0,
99,0,24,476,1.0,
100,0,24,476,1.0,
101,0,24,476,1.0,
102,0,22,478,1.0,
103,0,22,478,1.0,
104,0,22,478,1.0,
105,0,22,478,1.0,
106,0,20,480,1.0,
107,0,19,481,1.0,
108,0,17,483,1.0,
109,0,16,484,1.0,
110,0,16,484,1.0,
111,0,15,485,1.0,
112,0,15,485,1.0,
113,0,14,486,1.0,
114,0,11,489,1.0,
115,0,10,490,1.0,
116,0,10,490,1.0,
117,0,10,490,1.0,
118,0,9,491,1.0,
119,0,9,491,1.0,
120,0,8,492,1.0,
121,0,8,492,1.0,
122,0,8,492,1.0,
123,0,7,493,1.0,
124,0,7,493,1.0,
125,0,7,493,1.0,
126,0,6,494,1.0,
127,0,6,494,1.0,
128,0,5,495,1.0,
129,0,5,495,1.0,
130,0,5,495,1.0,
131,0,4,496,1.0,
132,0,4,496,1.0,
133,0,4,496,1.0,
134,0,4,496,1.0,
135,0,4,496,1.0,
136,0,4,496,1.0,
137,0,3,497,1.0,
138,0,3,497,1.0,
139,0,3,497,1.0,
140,0,2,498,1.0,
141,0,2,498,1.0,
142,0,2,498,1.0,
143,0,2,498,1.0,
144,0,2,498,1.0,
145,0,2,498,1.0,
146,0,1,499,1.0,
147,0,1,499,1.0,
148,0,1,499,1.0,
149,0,1,499,1.0,
150,0,1,499,1.0,
151,0,1,499,1.0,
152,0,1,499,1.0,
153,0,1,499,1.0,
154,0,1,499,1.0,
155,0,1,499,1.0,
156,0,1,499,1.0,
157,0,1,499,1.0,
158,0,1,499,1.0,
159,0,1,499,1.0,
160,0,1,499,1.0,
161,0,1,499,1.0,
162,0,1,499,1.0,
163,0,0,500,1.0,
164,0,0,500,1.0,
165,0,0,500,1.0,
166,0,0,500,1.0,
167,0,0,500,1.0,
168,0,0,500,1.0,
169,0,0,500,1.0,
170,0,0,500,1.0,
171,0,0,500,1.0,
172,0,0,500,1.0,
173,0,0,500,1.0,
174,0,0,500,1.0,
175,0,0,500,1.0,
176,0,0,500,1.0,
177,0,0,500,1.0,
178,0,0,500,1.0,
179,0,0,500,1.0,
180,0,0,500,1.0,
181,0,0,500,1.0,
182,0,0,500,1.0,
183,0,0,500,1.0,
184,0,0,500,1.0,
185,0,0,500,1.0,
186,0,0,500,1.0,
187,0,0,500,1.0,
188,0,0,500,1.0,
189,0,0,500,1.0,
190,0,0,500,1.0,
191,0,0,500,1.0,
192,0,0,500,1.0,
193,0,0,500,1.0,
194,0,0,500,1.0,
195,0,0,500,1.0,
196,0,0,500,1.0,
197,0,0,500,1.0,
198,0,0,500,1.0,
199,0,0,500,1.0,
200,0,0,500,1.0,
1,498,2,0,0.997,0.9984857943697651
2,498,2,0,0.997,0.9984857943697651
3,498,2,0,0.997,0.9984857943697651
4,497,2,1,0.9971666666666666,0.9985562320629243
5,496,3,1,0.9956666666666667,0.9977954262894655
6,494,4,2,0.9948333333333333,0.997354877710449
7,491,7,2,0.9901666666666666,0.994972183248992
8,488,9,3,0.9883333333333333,0.9939767809373119
9,482,13,5,0.9825,0.9908594624984668
10,475,20,5,0.9703333333333334,0.9843607852271467
11,471,24,5,0.9621666666666666,0.9798908269558135
12,456,38,6,0.941,0.9676749476263207
13,444,47,9,0.9275,0.9590602487160458
14,427,64,9,0.8976666666666666,0.9399780360268091
15,408,79,13,0.8736666666666667,0.9227005161686535
16,379,107,14,0.8318333333333333,0.8889774862139208
17,355,125,20,0.8098333333333333,0.8658689405217267
18,321,154,25,0.7728333333333334,0.8225653399579987
19,295,174,31,0.7615,0.7971470934425983
20,269,191,40,0.7581666666666667,0.7743868748507508
21,238,211,51,0.7615,0.7480640622520417
22,206,232,62,0.7633333333333333,0.7103904035710705
23,183,244,73,0.7723333333333333,0.6856564034242817
24,151,265,84,0.7866666666666666,0.6434983126417044
25,126,281,93,0.8133333333333334,0.6255841975165646
26,105,293,102,0.8388333333333333,0.6109089950766969
27,84,296,120,0.8671666666666666,0.6006224208656922
28,68,301,131,0.8926666666666667,0.6033496216296728
29,54,301,145,0.9151666666666667,0.6038655536924458
30,44,295,161,0.9313333333333333,0.6064208851461815
31,36,294,170,0.9458333333333333,0.6184782452294528
32,27,285,188,0.9596666666666667,0.6190991214904258
33,22,275,203,0.9673333333333334,0.6216515617306132
34,19,264,217,0.9716666666666667,0.6220415828768232
35,15,258,227,0.979,0.64681383887181
36,14,249,237,0.9816666666666667,0.6684251416860112
37,11,240,249,0.9866666666666667,0.6942305133016595
38,9,232,259,0.9891666666666666,0.6976528570731468
39,8,225,267,0.9905,0.7055404589371981
40,7,218,275,0.992,0.7191166321601103
41,5,209,286,0.9945,0.7344605475040258
42,4,203,293,0.9961666666666666,0.7710849436392915
43,4,199,297,0.9961666666666666,0.7710849436392915
44,4,194,302,0.9961666666666666,0.7710849436392915
45,3,191,306,0.9978333333333333,0.8182367149758454
46,2,182,316,0.999,0.8731884057971014
47,2,175,323,0.999,0.8731884057971014
48,2,167,331,0.999,0.8731884057971014
49,2,156,342,0.9991666666666666,0.894927536231884
50,2,151,347,0.9993333333333333,0.9157608695652174
51,2,146,352,0.9995,0.9365942028985508
52,2,139,359,0.9995,0.9365942028985508
53,2,133,365,0.9995,0.9365942028985508
54,2,131,367,0.9995,0.9365942028985508
55,1,129,370,0.9998333333333334,0.9565217391304348
56,1,125,374,0.9998333333333334,0.9565217391304348
57,1,122,377,0.9998333333333334,0.9565217391304348
58,1,115,384,0.9998333333333334,0.9565217391304348
59,1,106,393,0.9998333333333334,0.9565217391304348
60,1,101,398,0.9998333333333334,0.9565217391304348
61,1,94,405,0.9998333333333334,0.9565217391304348
62,1,91,408,1.0,1.0
63,1,84,415,1.0,1.0
64,1,80,419,1.0,1.0
65,1,74,425,1.0,1.0
66,1,70,429,1.0,1.0
67,1,70,429,1.0,1.0
68,1,66,433,1.0,1.0
69,1,64,435,1.0,1.0
70,1,63,436,1.0,1.0
71,1,61,438,1.0,1.0
72,1,58,441,1.0,1.0
73,1,55,444,1.0,1.0
74,1,53,446,1.0,1.0
75,1,51,448,1.0,1.0
76,1,50,449,1.0,1.0
77,1,48,451,1.0,1.0
78,1,43,456,1.0,1.0
79,1,42,457,1.0,1.0
80,1,41,458,1.0,1.0
81,1,40,459,1.0,1.0
82,1,39,460,1.0,1.0
83,1,39,460,1.0,1.0
84,1,37,462,1.0,1.0
85,1,36,463,1.0,1.0
86,1,34,465,1.0,1.0
87,1,32,467,1.0,1.0
88,1,31,468,1.0,1.0
89,1,31,468,1.0,1.0
90,1,30,469,1.0,1.0
91,1,27,472,1.0,1.0
92,1,25,474,1.0,1.0
93,1,25,474,1.0,1.0
94,1,25,474,1.0,1.0
95,1,24,475,1.0,1.0
96,1,23,476,1.0,1.0
97,1,23,476,1.0,1.0
98,1,22,477,1.0,1.0
99,1,22,477,1.0,1.0
100,1,21,478,1.0,1.0
101,1,21,478,1.0,1.0
102,1,21,478,1.0,1.0
103,1,21,478,1.0,1.0
104,1,21,478,1.0,1.0
105,1,19,480,1.0,1.0
106,1,18,481,1.0,1.0
107,1,18,481,1.0,1.0
108,1,14,485,1.0,1.0
109,1,13,486,1.0,1.0
110,1,13,486,1.0,1.0
111,1,13,486,1.0,1.0
112,1,12,487,1.0,1.0
113,1,12,487,1.0,1.0
114,1,11,488,1.0,1.0
115,1,11,488,1.0,1.0
116,1,11,488,1.0,1.0
117,1,11,488,1.0,1.0
118,1,11,488,1.0,1.0
119,1,10,489,1.0,1.0
120,1,10,489,1.0,1.0
121,1,10,489,1.0,1.0
122,1,9,490,1.0,1.0
123,1,9,490,1.0,1.0
124,1,8,491,1.0,1.0
125,1,7,492,1.0,1.0
126,1,7,492,1.0,1.0
127,1,7,492,1.0,1.0
128,1,7,492,1.0,1.0
129,1,7,492,1.0,1.0
130,1,7,492,1.0,1.0
131,1,7,492,1.0,1.0
132,1,7,492,1.0,1.0
133,1,6,493,1.0,1.0
134,1,6,493,1.0,1.0
135,1,6,493,1.0,1.0
136,1,6,493,1.0,1.0
137,1,5,494,1.0,1.0
138,1,4,495,1.0,1.0
139,1,4,495,1.0,1.0
140,1,4,495,1.0,1.0
141,1,4,495,1.0,1.0
142,1,4,495,1.0,1.0
143,1,4,495,1.0,1.0
144,1,4,495,1.0,1.0
145,1,4,495,1.0,1.0
146,1,4,495,1.0,1.0
147,1,4,495,1.0,1.0
148,1,4,495,1.0,1.0
149,1,4,495,1.0,1.0
150,1,4,495,1.0,1.0
151,1,4,495,1.0,1.0
152,1,2,497,1.0,1.0
153,1,2,497,1.0,1.0
154,1,2,497,1.0,1.0
155,1,2,497,1.0,1.0
156,1,2,497,1.0,1.0
157,1,2,497,1.0,1.0
158,1,1,498,1.0,1.0
159,1,1,498,1.0,1.0
160,1,1,498,1.0,1.0
161,1,1,498,1.0,1.0
162,1,1,498,1.0,1.0
163,1,1,498,1.0,1.0
164,1,1,498,1.0,1.0
165,1,1,498,1.0,1.0
166,1,1,498,1.0,1.0
167,1,1,498,1.0,1.0
168,1,1,498,1.0,1.0
169,1,1,498,1.0,1.0
170,1,1,498,1.0,1.0
171,1,1,498,1.0,1.0
172,1,1,498,1.0,1.0
173,1,1,498,1.0,1.0
174,1,1,498,1.0,1.0
175,1,1,498,1.0,1.0
176,1,1,498,1.0,1.0
177,1,1,498,1.0,1.0
178,1,1,498,1.0,1.0
179,1,1,498,1.0,1.0
180,1,1,498,1.0,1.0
181,1,1,498,1.0,1.0
182,1,1,498,1.0,1.0
183,1,1,498,1.0,1.0
184,1,1,498,1.0,1.0
185,1,0,499,1.0,1.0
186,1,0,499,1.0,1.0
187,1,0,499,1.0,1.0
188,1,0,499,1.0,1.0
189,1,0,499,1.0,1.0
190,1,0,499,1.0,1.0
191,1,0,499,1.0,1.0
192,1,0,499,1.0,1.0
193,1,0,499,1.0,1.0
194,1,0,499,1.0,1.0
195,1,0,499,1.0,1.0
196,1,0,499,1.0,1.0
197,1,0,499,1.0,1.0
198,1,0,499,1.0,1.0
199,1,0,499,1.0,1.0
200,1,0,499,1.0,1.0
1,499,1,0,1.0,1.0
2,496,3,1,0.9975,0.998732826394555
3,492,7,1,0.9876666666666667,0.9937110303551625
4,489,10,1,0.9831666666666666,0.9913213665600968
5,484,14,2,0.9805,0.9898407567200237
6,475,23,2,0.9646666666666667,0.9813351818111543
7,462,35,3,0.943,0.9691556850445426
8,445,48,7,0.9226666666666666,0.9566863736419184
9,431,58,11,0.9055,0.9452469260156136
10,402,86,12,0.8661666666666666,0.9166027018975829
11,381,104,15,0.8561666666666666,0.9050069556634591
12,350,133,17,0.8235,0.8733923939198326
13,320,159,21,0.7996666666666666,0.8430785379339568
14,292,181,27,0.7768333333333334,0.8082497569541679
15,257,205,38,0.7533333333333333,0.7586119447257704
16,224,228,48,0.7548333333333334,0.7243702723458728
17,193,250,57,0.7601666666666667,0.6867960202777266
18,170,260,70,0.78,0.6734699964517927
19,146,272,82,0.7988333333333333,0.6530874948267128
20,121,287,92,0.8221666666666667,0.6293381039285796
21,102,294,104,0.848,0.6246761718900778
22,83,304,113,0.8708333333333333,0.60717399663645
23,73,294,133,0.8908333333333334,0.6223076870836391
24,65,290,145,0.9026666666666666,0.6217762034309349
25,55,282,163,0.9213333333333333,0.6385387801465459
26,44,282,174,0.94,0.6538373315288567
27,37,278,185,0.9491666666666667,0.6523470116053236
28,31,274,195,0.956,0.641678466552652
29,24,273,203,0.9663333333333334,0.6425346669528255
30,20,268,212,0.9721666666666666,0.6427321597839502
31,19,258,223,0.973,0.6341270711609922
32,12,251,237,0.984,0.6539831523974746
33,12,243,245,0.9841666666666666,0.6577710311853534
34,9,236,255,0.9885,0.668294327629366
35,9,225,266,0.9888333333333333,0.6777548751333917
36,8,216,276,0.9898333333333333,0.6679090171337614
37,8,203,289,0.9905,0.6907127665599533
38,5,201,294,0.9948333333333333,0.7216170657986515
39,4,195,301,0.996,0.7281082887700535
40,4,188,308,0.9961666666666666,0.7428141711229946
41,3,184,313,0.9973333333333333,0.7543077837195483
42,3,172,325,0.9973333333333333,0.7543077837195483
43,2,166,332,0.9988333333333334,0.8141711229946524
44,2,159,339,0.9988333333333334,0.8141711229946524
45,2,147,351,0.9988333333333334,0.8141711229946524
46,2,141,357,0.9988333333333334,0.8141711229946524
47,2,135,363,0.9988333333333334,0.8141711229946524
48,2,130,368,0.9988333333333334,0.8141711229946524
49,2,125,373,0.999,0.8368983957219251
50,2,122,376,0.999,0.8368983957219251
51,2,121,377,0.999,0.8368983957219251
52,2,116,382,0.999,0.8368983957219251
53,2,114,384,0.999,0.8368983957219251
54,2,107,391,0.999,0.8368983957219251
55,2,104,394,0.999,0.8368983957219251
56,2,100,398,0.999,0.8368983957219251
57,2,97,401,0.9991666666666666,0.8663101604278074
58,2,93,405,0.9993333333333333,0.8957219251336899
59,2,90,408,0.9993333333333333,0.8957219251336899
60,2,86,412,0.9993333333333333,0.8957219251336899
61,2,84,414,0.9993333333333333,0.8957219251336899
62,1,79,420,0.9996666666666667,0.9090909090909091
63,1,75,424,0.9996666666666667,0.9090909090909091
64,1,71,428,0.9996666666666667,0.9090909090909091
65,1,68,431,0.9996666666666667,0.9090909090909091
66,1,64,435,0.9996666666666667,0.9090909090909091
67,1,58,441,0.9996666666666667,0.9090909090909091
68,1,54,445,0.9996666666666667,0.9090909090909091
69,1,52,447,0.9996666666666667,0.9090909090909091
70,1,49,450,0.9996666666666667,0.9090909090909091
71,1,49,450,0.9996666666666667,0.9090909090909091
72,1,47,452,0.9996666666666667,0.9090909090909091
73,1,46,453,0.9996666666666667,0.9090909090909091
74,1,44,455,0.9996666666666667,0.9090909090909091
75,1,42,457,0.9996666666666667,0.9090909090909091
76,1,40,459,0.9996666666666667,0.9090909090909091
77,1,39,460,0.9996666666666667,0.9090909090909091
78,1,38,461,0.9996666666666667,0.9090909090909091
79,1,37,462,0.9996666666666667,0.9090909090909091
80,1,37,462,0.9996666666666667,0.9090909090909091
81,1,37,462,0.9996666666666667,0.9090909090909091
82,1,35,464,0.9996666666666667,0.9090909090909091
83,1,34,465,0.9996666666666667,0.9090909090909091
84,1,30,469,0.9996666666666667,0.9090909090909091
85,1,27,472,0.9996666666666667,0.9090909090909091
86,0,26,474,1.0,
87,0,26,474,1.0,
88,0,25,475,1.0,
89,0,25,475,1.0,
90,0,24,476,1.0,
91,0,23,477,1.0,
92,0,20,480,1.0,
93,0,20,480,1.0,
94,0,20,480,1.0,
95,0,18,482,1.0,
96,0,18,482,1.0,
97,0,17,483,1.0,
98,0,17,483,1.0,
99,0,17,483,1.0,
100,0,16,484,1.0,
101,0,14,486,1.0,
102,0,12,488,1.0,
103,0,11,489,1.0,
104,0,11,489,1.0,
105,0,11,489,1.0,
106,0,10,490,1.0,
107,0,10,490,1.0,
108,0,10,490,1.0,
109,0,9,491,1.0,
110,0,9,491,1.0,
111,0,9,491,1.0,
112,0,9,491,1.0,
113,0,8,492,1.0,
114,0,8,492,1.0,
115,0,8,492,1.0,
116,0,8,492,1.0,
117,0,8,492,1.0,
118,0,7,493,1.0,
119,0,7,493,1.0,
120,0,7,493,1.0,
121,0,7,493,1.0,
122,0,7,493,1.0,
123,0,7,493,1.0,
124,0,7,493,1.0,
125,0,7,493,1.0,
126,0,7,493,1.0,
127,0,7,493,1.0,
128,0,7,493,1.0,
129,0,7,493,1.0,
130,0,7,493,1.0,
131,0,7,493,1.0,
132,0,7,493,1.0,
133,0,7,493,1.0,
134,0,7,493,1.0,
135,0,7,493,1.0,
136,0,7,493,1.0,
137,0,7,493,1.0,
138,0,7,493,1.0,
139,0,7,493,1.0,
140,0,7,493,1.0,
141,0,7,493,1.0,
142,0,7,493,1.0,
143,0,6,494,1.0,
144,0,6,494,1.0,
145,0,6,494,1.0,
146,0,5,495,1.0,
147,0,4,496,1.0,
148,0,4,496,1.0,
149,0,2,498,1.0,
150,0,2,498,1.0,
151,0,2,498,1.0,
152,0,2,498,1.0,
153,0,2,498,1.0,
154,0,2,498,1.0,
155,0,1,499,1.0,
156,0,1,499,1.0,
157,0,1,499,1.0,
158,0,1,499,1.0,
159,0,1,499,1.0,
160,0,1,499,1.0,
161,0,1,499,1.0,
162,0,1,499,1.0,
163,0,1,499,1.0,
164,0,1,499,1.0,
165,0,1,499,1.0,
166,0,0,500,1.0,
167,0,0,500,1.0,
168,0,0,500,1.0,
169,0,0,500,1.0,
170,0,0,500,1.0,
171,0,0,500,1.0,
172,0,0,500,1.0,
173,0,0,500,1.0,
174,0,0,500,1.0,
175,0,0,500,1.0,
176,0,0,500,1.0,
177,0,0,500,1.0,
178,0,0,500,1.0,
179,0,0,500,1.0,
180,0,0,500,1.0,
181,0,0,500,1.0,
182,0,0,500,1.0,
183,0,0,500,1.0,
184,0,0,500,1.0,
185,0,0,500,1.0,
186,0,0,500,1.0,
187,0,0,500,1.0,
188,0,0,500,1.0,
189,0,0,500,1.0,
190,0,0,500,1.0,
191,0,0,500,1.0,
192,0,0,500,1.0,
193,0,0,500,1.0,
194,0,0,500,1.0,
195,0,0,500,1.0,
196,0,0,500,1.0,
197,0,0,500,1.0,
198,0,0,500,1.0,
199,0,0,500,1.0,
200,0,0,500,1.0,
1,497,3,0,0.995,0.9985696854801969
2,496,3,1,0.9978333333333333,1.0
3,492,7,1,0.9923333333333333,0.997186196129404
4,491,8,1,0.9898333333333333,0.9958846728955829
5,485,12,3,0.9831666666666666,0.992391811023548
6,479,18,3,0.9711666666666666,0.9860198752464432
7,471,25,4,0.9586666666666667,0.979109996248923
8,453,40,7,0.9343333333333333,0.9647177467746773
9,432,57,11,0.908,0.9477265468389141
10,417,71,12,0.8828333333333334,0.9304905683313748
11,387,99,14,0.8358333333333333,0.8949432338191325
12,364,115,21,0.8131666666666667,0.8728566448060597
13,335,139,26,0.786,0.8411624196819404
14,307,159,34,0.7708333333333334,0.8139117816162089
15,271,189,40,0.7453333333333333,0.7654788656184639
16,234,220,46,0.73,0.711295974793644
17,198,246,56,0.7383333333333333,0.6689991494467104
18,171,262,67,0.7638333333333334,0.65379982872348
19,143,275,82,0.7898333333333334,0.6317067018554635
20,123,282,95,0.8138333333333333,0.6195552546501977
21,105,284,111,0.8406666666666667,0.6172654653478457
22,86,296,118,0.865,0.6029987075191737
23,66,308,126,0.8926666666666667,0.5880985807976912
24,56,305,139,0.9061666666666667,0.5756424254691296
25,41,310,149,0.9296666666666666,0.565115964176477
26,39,299,162,0.9356666666666666,0.5822600592084487
27,33,295,172,0.9445,0.576914404974455
28,28,285,187,0.9531666666666667,0.5764047975530405
29,24,281,195,0.9605,0.5856389790954138
30,18,276,206,0.9701666666666666,0.5840475023140302
31,14,269,217,0.9775,0.5934977324956576
32,12,265,223,0.9805,0.5894956058323555
33,11,259,230,0.9825,0.6011948319382558
34,9,248,243,0.9856666666666667,0.5993388180713466
35,9,238,253,0.9863333333333333,0.6182802396059182
36,9,227,264,0.9868333333333333,0.632200169388984
37,8,218,274,0.988,0.622588405482611
38,7,212,281,0.9895,0.6242205918063348
39,5,204,291,0.9926666666666667,0.6371184908444715
40,4,201,295,0.9936666666666667,0.6049063869756042
41,3,195,302,0.9953333333333333,0.6118885173604223
42,1,186,313,0.9983333333333333,0.6006445671303255
43,1,184,315,0.9983333333333333,0.6006445671303255
44,0,178,322,1.0,
45,0,169,331,1.0,
46,0,165,335,1.0,
47,0,161,339,1.0,
48,0,152,348,1.0,
49,0,146,354,1.0,
50,0,136,364,1.0,
51,0,130,370,1.0,
52,0,123,377,1.0,
53,0,117,383,1.0,
54,0,115,385,1.0,
55,0,109,391,1.0,
56,0,102,398,1.0,
57,0,99,401,1.0,
58,0,96,404,1.0,
59,0,94,406,1.0,
60,0,91,409,1.0,
61,0,89,411,1.0,
62,0,86,414,1.0,
63,0,82,418,1.0,
64,0,80,420,1.0,
65,0,79,421,1.0,
66,0,77,423,1.0,
67,0,74,426,1.0,
68,0,69,431,1.0,
69,0,67,433,1.0,
70,0,63,437,1.0,
71,0,57,443,1.0,
72,0,54,446,1.0,
73,0,53,447,1.0,
74,0,52,448,1.0,
75,0,51,449,1.0,
76,0,49,451,1.0,
77,0,47,453,1.0,
78,0,46,454,1.0,
79,0,45,455,1.0,
80,0,44,456,1.0,
81,0,42,458,1.0,
82,0,41,459,1.0,
83,0,41,459,1.0,
84,0,39,461,1.0,
85,0,38,462,1.0,
86,0,36,464,1.0,
87,0,35,465,1.0,
88,0,35,465,1.0,
89,0,34,466,1.0,
90,0,31,469,1.0,
91,0,31,469,1.0,
92,0,31,469,1.0,
93,0,31,469,1.0,
94,0,30,470,1.0,
95,0,28,472,1.0,
96,0,26,474,1.0,
97,0,24,476,1.0,
98,0,24,476,1.0,
99,0,23,477,1.0,
100,0,23,477,1.0,
101,0,21,479,1.0,
102,0,17,483,1.0,
103,0,16,484,1.0,
104,0,16,484,1.0,
105,0,15,485,1.0,
106,0,15,485,1.0,
107,0,15,485,1.0,
108,0,14,486,1.0,
109,0,14,486,1.0,
110,0,14,486,1.0,
111,0,14,486,1.0,
112,0,11,489,1.0,
113,0,11,489,1.0,
114,0,7,493,1.0,
115,0,7,493,1.0,
116,0,7,493,1.0,
117,0,6,494,1.0,
118,0,6,494,1.0,
119,0,6,494,1.0,
120,0,6,494,1.0,
121,0,6,494,1.0,
122,0,6,494,1.0,
123,0,6,494,1.0,
124,0,6,494,1.0,
125,0,5,495,1.0,
126,0,4,496,1.0,
127,0,4,496,1.0,
128,0,3,497,1.0,
129,0,2,498,1.0,
130,0,2,498,1.0,
131,0,2,498,1.0,
132,0,2,498,1.0,
133,0,2,498,1.0,
134,0,2,498,1.0,
135,0,2,498,1.0,
136,0,2,498,1.0,
137,0,1,499,1.0,
138,0,0,500,1.0,
139,0,0,500,1.0,
140,0,0,500,1.0,
141,0,0,500,1.0,
142,0,0,500,1.0,
143,0,0,500,1.0,
144,0,0,500,1.0,
145,0,0,500,1.0,
146,0,0,500,1.0,
147,0,0,500,1.0,
148,0,0,500,1.0,
149,0,0,500,1.0,
150,0,0,500,1.0,
151,0,0,500,1.0,
152,0,0,500,1.0,
153,0,0,500,1.0,
154,0,0,500,1.0,
155,0,0,500,1.0,
156,0,0,500,1.0,
157,0,0,500,1.0,
158,0,0,500,1.0,
159,0,0,500,1.0,
160,0,0,500,1.0,
161,0,0,500,1.0,
162,0,0,500,1.0,
163,0,0,500,1.0,
164,0,0,500,1.0,
165,0,0,500,1.0,
166,0,0,500,1.0,
167,0,0,500,1.0,
168,0,0,500,1.0,
169,0,0,500,1.0,
170,0,0,500,1.0,
171,0,0,500,1.0,
172,0,0,500,1.0,
173,0,0,500,1.0,
174,0,0,500,1.0,
175,0,0,500,1.0,
176,0,0,500,1.0,
177,0,0,500,1.0,
178,0,0,500,1.0,
179,0,0,500,1.0,
180,0,0,500,1.0,
181,0,0,500,1.0,
182,0,0,500,1.0,
183,0,0,500,1.0,
184,0,0,500,1.0,
185,0,0,500,1.0,
186,0,0,500,1.0,
187,0,0,500,1.0,
188,0,0,500,1.0,
189,0,0,500,1.0,
190,0,0,500,1.0,
191,0,0,500,1.0,
192,0,0,500,1.0,
193,0,0,500,1.0,
194,0,0,500,1.0,
195,0,0,500,1.0,
196,0,0,500,1.0,
197,0,0,500,1.0,
198,0,0,500,1.0,
199,0,0,500,1.0,
200,0,0,500,1.0,
1,499,1,0,1.0,1.0
2,498,2,0,0.9981666666666666,0.9991013536547848
3,495,5,0,0.9911666666666666,0.9955895472636799
4,492,7,1,0.9901666666666666,0.9950502529395248
5,488,10,2,0.9843333333333333,0.9920495159785966
6,485,13,2,0.979,0.9891945275662416
7,479,17,4,0.9765,0.9878336632993074
8,472,21,7,0.9718333333333333,0.9852614626734929
9,461,31,8,0.9571666666666667,0.9769706367490014
10,450,42,8,0.9385,0.9660357608396256
11,434,56,10,0.9045,0.9452076184128878
12,411,75,14,0.8776666666666667,0.9260087774358376
13,394,90,16,0.853,0.9069288962425135
14,368,111,21,0.8246666666666667,0.8812680175841802
15,344,129,27,0.8043333333333333,0.8578834605130107
16,317,149,34,0.7976666666666666,0.8400565947308506
17,283,177,40,0.7745,0.8007707718216245
18,256,197,47,0.7708333333333334,0.7760069635163045
19,231,216,53,0.767,0.7476070549550692
20,197,236,67,0.7748333333333334,0.7130248281925615
21,173,250,77,0.788,0.6920768664284623
22,141,271,88,0.7995,0.642874669784938
23,118,284,98,0.8238333333333333,0.6245892070892072
24,104,285,111,0.8425,0.6209972890512188
25,82,297,121,0.8703333333333333,0.6021147881222112
26,61,308,131,0.8936666666666667,0.5608354066408237
27,50,305,145,0.9126666666666666,0.5611954224519442
28,37,305,158,0.9351666666666667,0.5619003612481874
29,32,297,171,0.9466666666666667,0.5816594184800706
30,25,295,180,0.9581666666666667,0.5791683742988092
31,19,289,192,0.9688333333333333,0.5838410872964649
32,17,282,201,0.9728333333333333,0.5951958025871069
33,13,279,208,0.9791666666666666,0.5883081330907418
34,11,274,215,0.9821666666666666,0.580948179327626
35,10,260,230,0.9843333333333333,0.5941836899010812
36,6,256,238,0.9913333333333333,0.6207864357864358
37,6,243,251,0.992,0.6499098124098124
38,5,236,259,0.993,0.627891774891775
39,4,232,264,0.9943333333333333,0.6257738095238096
40,3,219,278,0.9966666666666667,0.7187301587301587
41,2,213,285,0.9976666666666667,0.700952380952381
42,2,205,293,0.998,0.7447619047619047
43,1,200,299,0.9985,0.64
44,1,190,309,0.9988333333333334,0.72
45,1,183,316,0.999,0.76
46,0,178,322,1.0,
47,0,169,331,1.0,
48,0,161,339,1.0,
49,0,158,342,1.0,
50,0,152,348,1.0,
51,0,145,355,1.0,
52,0,137,363,1.0,
53,0,130,370,1.0,
54,0,123,377,1.0,
55,0,120,380,1.0,
56,0,114,386,1.0,
57,0,106,394,1.0,
58,0,95,405,1.0,
59,0,88,412,1.0,
60,0,86,414,1.0,
61,0,85,415,1.0,
62,0,80,420,1.0,
63,0,80,420,1.0,
64,0,76,424,1.0,
65,0,71,429,1.0,
66,0,68,432,1.0,
67,0,65,435,1.0,
68,0,63,437,1.0,
69,0,62,438,1.0,
70,0,61,439,1.0,
71,0,57,443,1.0,
72,0,53,447,1.0,
73,0,53,447,1.0,
74,0,52,448,1.0,
75,0,47,453,1.0,
76,0,41,459,1.0,
77,0,38,462,1.0,
78,0,37,463,1.0,
79,0,34,466,1.0,
80,0,33,467,1.0,
81,0,32,468,1.0,
82,0,30,470,1.0,
83,0,30,470,1.0,
84,0,28,472,1.0,
85,0,27,473,1.0,
86,0,25,475,1.0,
87,0,23,477,1.0,
88,0,22,478,1.0,
89,0,20,480,1.0,
90,0,18,482,1.0,
91,0,18,482,1.0,
92,0,17,483,1.0,
93,0,15,485,1.0,
94,0,15,485,1.0,
95,0,15,485,1.0,
96,0,14,486,1.0,
97,0,14,486,1.0,
98,0,14,486,1.0,
99,0,14,486,1.0,
100,0,13,487,1.0,
101,0,13,487,1.0,
102,0,12,488,1.0,
103,0,12,488,1.0,
104,0,12,488,1.0,
105,0,10,490,1.0,
106,0,10,490,1.0,
107,0,10,490,1.0,
108,0,10,490,1.0,
109,0,10,490,1.0,
110,0,10,490,1.0,
111,0,9,491,1.0,
112,0,8,492,1.0,
113,0,7,493,1.0,
114,0,7,493,1.0,
115,0,7,493,1.0,
116,0,6,494,1.0,
117,0,6,494,1.0,
118,0,6,494,1.0,
119,0,6,494,1.0,
120,0,6,494,1.0,
121,0,6,494,1.0,
122,0,6,494,1.0,
123,0,6,494,1.0,
124,0,6,494,1.0,
125,0,6,494,1.0,
126,0,6,494,1.0,
127,0,6,494,1.0,
128,0,6,494,1.0,
129,0,6,494,1.0,
130,0,6,494,1.0,
131,0,6,494,1.0,
132,0,6,494,1.0,
133,0,6,494,1.0,
134,0,6,494,1.0,
135,0,6,494,1.0,
136,0,6,494,1.0,
137,0,6,494,1.0,
138,0,6,494,1.0,
139,0,5,495,1.0,
140,0,4,496,1.0,
141,0,4,496,1.0,
142,0,4,496,1.0,
143,0,4,496,1.0,
144,0,4,496,1.0,
145,0,4,496,1.0,
146,0,4,496,1.0,
147,0,4,496,1.0,
148,0,4,496,1.0,
149,0,4,496,1.0,
150,0,4,496,1.0,
151,0,4,496,1.0,
152,0,4,496,1.0,
153,0,4,496,1.0,
154,0,3,497,1.0,
155,0,3,497,1.0,
156,0,3,497,1.0,
157,0,3,497,1.0,
158,0,3,497,1.0,
159,0,3,497,1.0,
160,0,3,497,1.0,
161,0,3,497,1.0,
162,0,3,497,1.0,
163,0,3,497,1.0,
164,0,3,497,1.0,
165,0,3,497,1.0,
166,0,3,497,1.0,
167,0,3,497,1.0,
168,0,3,497,1.0,
169,0,3,497,1.0,
170,0,3,497,1.0,
171,0,3,497,1.0,
172,0,3,497,1.0,
173,0,3,497,1.0,
174,0,3,497,1.0,
175,0,3,497,1.0,
176,0,2,498,1.0,
177,0,1,499,1.0,
178,0,1,499,1.0,
179,0,1,499,1.0,
180,0,1,499,1.0,
181,0,1,499,1.0,
182,0,1,499,1.0,
183,0,1,499,1.0,
184,0,0,500,1.0,
185,0,0,500,1.0,
186,0,0,500,1.0,
187,0,0,500,1.0,
188,0,0,500,1.0,
189,0,0,500,1.0,
190,0,0,500,1.0,
191,0,0,500,1.0,
192,0,0,500,1.0,
193,0,0,500,1.0,
194,0,0,500,1.0,
195,0,0,500,1.0,
196,0,0,500,1.0,
197,0,0,500,1.0,
198,0,0,500,1.0,
199,0,0,500,1.0,
200,0,0,500,1.0,
1,498,2,0,0.9976666666666667,1.0
2,497,3,0,0.9948333333333333,0.9985699427526178
3,495,5,0,0.9921666666666666,0.997150802112441
4,491,9,0,0.9846666666666667,0.9932322941176783
5,486,11,3,0.9843333333333333,0.993036205463723
6,476,20,4,0.9728333333333333,0.9866704466538178
7,462,30,8,0.953,0.9755014589375498
8,453,37,10,0.943,0.9694547285043476
9,431,57,12,0.9176666666666666,0.953225685309988
10,418,66,16,0.9011666666666667,0.9417378608182875
11,396,86,18,0.8723333333333333,0.9204261715320936
12,373,104,23,0.8385,0.8928553790606347
13,344,129,27,0.8083333333333333,0.8617616827191377
14,314,154,32,0.781,0.8267720545671209
15,284,176,40,0.7595,0.7896000078480845
16,259,191,50,0.7508333333333334,0.7609183481673375
17,226,218,56,0.7458333333333333,0.7201267092103095
18,197,236,67,0.7538333333333334,0.6892040970504995
19,168,251,81,0.7783333333333333,0.6715844607240624
20,138,272,90,0.7986666666666666,0.6365403674736262
21,116,287,97,0.8276666666666667,0.629615102102626
22,102,291,107,0.8433333333333334,0.6153884048270502
23,83,301,116,0.8661666666666666,0.5964802248299006
24,65,309,126,0.8946666666666667,0.5899313215613458
25,57,291,152,0.9153333333333333,0.6260270669533439
26,52,293,155,0.9226666666666666,0.6254603198232687
27,45,293,162,0.9313333333333333,0.6156695077448276
28,41,282,177,0.9391666666666667,0.6259696619111589
29,35,274,191,0.9515,0.6487221674622285
30,29,266,205,0.9598333333333333,0.649229171388418
31,22,260,218,0.9693333333333334,0.6484468478571187
32,16,258,226,0.9773333333333334,0.6416739268060877
33,10,254,236,0.987,0.6818113052255342
34,6,247,247,0.9915,0.6540529716267136
35,5,241,254,0.9923333333333333,0.6287554140557579
36,4,231,265,0.9933333333333333,0.6009427066191769
37,3,224,273,0.995,0.6010199585418686
38,1,219,280,0.9985,0.6257405738032309
39,1,211,288,0.9985,0.6257405738032309
40,1,207,292,0.9985,0.6257405738032309
41,1,200,299,0.9985,0.6257405738032309
42,0,196,304,1.0,
43,0,186,314,1.0,
44,0,178,322,1.0,
45,0,168,332,1.0,
46,0,158,342,1.0,
47,0,154,346,1.0,
48,0,150,350,1.0,
49,0,148,352,1.0,
50,0,142,358,1.0,
51,0,141,359,1.0,
52,0,134,366,1.0,
53,0,131,369,1.0,
54,0,128,372,1.0,
55,0,125,375,1.0,
56,0,122,378,1.0,
57,0,116,384,1.0,
58,0,112,388,1.0,
59,0,107,393,1.0,
60,0,106,394,1.0,
61,0,104,396,1.0,
62,0,102,398,1.0,
63,0,97,403,1.0,
64,0,95,405,1.0,
65,0,89,411,1.0,
66,0,86,414,1.0,
67,0,81,419,1.0,
68,0,79,421,1.0,
69,0,77,423,1.0,
70,0,75,425,1.0,
71,0,68,432,1.0,
72,0,65,435,1.0,
73,0,63,437,1.0,
74,0,58,442,1.0,
75,0,55,445,1.0,
76,0,53,447,1.0,
77,0,51,449,1.0,
78,0,50,450,1.0,
79,0,50,450,1.0,
80,0,48,452,1.0,
81,0,47,453,1.0,
82,0,45,455,1.0,
83,0,44,456,1.0,
84,0,44,456,1.0,
85,0,42,458,1.0,
86,0,41,459,1.0,
87,0,39,461,1.0,
88,0,38,462,1.0,
89,0,36,464,1.0,
90,0,34,466,1.0,
91,0,34,466,1.0,
92,0,33,467,1.0,
93,0,32,468,1.0,
94,0,31,469,1.0,
95,0,27,473,1.0,
96,0,26,474,1.0,
97,0,26,474,1.0,
98,0,25,475,1.0,
99,0,25,475,1.0,
100,0,25,475,1.0,
101,0,25,475,1.0,
102,0,22,478,1.0,
103,0,20,480,1.0,
104,0,20,480,1.0,
105,0,20,480,1.0,
106,0,19,481,1.0,
107,0,18,482,1.0,
108,0,17,483,1.0,
109,0,17,483,1.0,
110,0,17,483,1.0,
111,0,17,483,1.0,
112,0,15,485,1.0,
113,0,14,486,1.0,
114,0,14,486,1.0,
115,0,14,486,1.0,
116,0,14,486,1.0,
117,0,14,486,1.0,
118,0,13,487,1.0,
119,0,13,487,1.0,
120,0,13,487,1.0,
121,0,13,487,1.0,
122,0,12,488,1.0,
123,0,12,488,1.0,
124,0,11,489,1.0,
125,0,10,490,1.0,
126,0,10,490,1.0,
127,0,10,490,1.0,
128,0,10,490,1.0,
129,0,9,491,1.0,
130,0,9,491,1.0,
131,0,9,491,1.0,
132,0,9,491,1.0,
133,0,8,492,1.0,
134,0,7,493,1.0,
135,0,7,493,1.0,
136,0,7,493,1.0,
137,0,7,493,1.0,
138,0,7,493,1.0,
139,0,7,493,1.0,
140,0,7,493,1.0,
141,0,7,493,1.0,
142,0,7,493,1.0,
143,0,7,493,1.0,
144,0,7,493,1.0,
145,0,7,493,1.0,
146,0,6,494,1.0,
147,0,5,495,1.0,
148,0,5,495,1.0,
149,0,5,495,1.0,
150,0,5,495,1.0,
151,0,4,496,1.0,
152,0,4,496,1.0,
153,0,4,496,1.0,
154,0,4,496,1.0,
155,0,4,496,1.0,
156,0,4,496,1.0,
157,0,4,496,1.0,
158,0,3,497,1.0,
159,0,3,497,1.0,
160,0,3,497,1.0,
161,0,3,497,1.0,
162,0,3,497,1.0,
163,0,3,497,1.0,
164,0,3,497,1.0,
165,0,3,497,1.0,
166,0,2,498,1.0,
167,0,2,498,1.0,
168,0,2,498,1.0,
169,0,2,498,1.0,
170,0,2,498,1.0,
171,0,2,498,1.0,
172,0,2,498,1.0,
173,0,2,498,1.0,
174,0,2,498,1.0,
175,0,2,498,1.0,
176,0,2,498,1.0,
177,0,2,498,1.0,
178,0,2,498,1.0,
179,0,2,498,1.0,
180,0,2,498,1.0,
181,0,2,498,1.0,
182,0,1,499,1.0,
183,0,1,499,1.0,
184,0,1,499,1.0,
185,0,1,499,1.0,
186,0,1,499,1.0,
187,0,1,499,1.0,
188,0,1,499,1.0,
189,0,1,499,1.0,
190,0,1,499,1.0,
191,0,1,499,1.0,
192,0,0,500,1.0,
193,0,0,500,1.0,
194,0,0,500,1.0,
195,0,0,500,1.0,
196,0,0,500,1.0,
197,0,0,500,1.0,
198,0,0,500,1.0,
199,0,0,500,1.0,
200,0,0,500,1.0,
1,499,0,1,1.0,1.0
2,499,0,1,1.0,1.0
3,499,0,1,1.0,1.0
4,499,0,1,1.0,1.0
5,499,0,1,1.0,1.0
6,499,0,1,1.0,1.0
7,499,0,1,1.0,1.0
8,499,0,1,1.0,1.0
9,499,0,1,1.0,1.0
10,499,0,1,1.0,1.0
11,499,0,1,1.0,1.0
12,499,0,1,1.0,1.0
13,499,0,1,1.0,1.0
14,499,0,1,1.0,1.0
15,499,0,1,1.0,1.0
16,499,0,1,1.0,1.0
17,499,0,1,1.0,1.0
18,499,0,1,1.0,1.0
19,499,0,1,1.0,1.0
20,499,0,1,1.0,1.0
21,499,0,1,1.0,1.0
22,499,0,1,1.0,1.0
23,499,0,1,1.0,1.0
24,499,0,1,1.0,1.0
25,499,0,1,1.0,1.0
26,499,0,1,1.0,1.0
27,499,0,1,1.0,1.0
28,499,0,1,1.0,1.0
29,499,0,1,1.0,1.0
30,499,0,1,1.0,1.0
31,499,0,1,1.0,1.0
32,499,0,1,1.0,1.0
33,499,0,1,1.0,1.0
34,499,0,1,1.0,1.0
35,499,0,1,1.0,1.0
36,499,0,1,1.0,1.0
37,499,0,1,1.0,1.0
38,499,0,1,1.0,1.0
39,499,0,1,1.0,1.0
40,499,0,1,1.0,1.0
41,499,0,1,1.0,1.0
42,499,0,1,1.0,1.0
43,499,0,1,1.0,1.0
44,499,0,1,1.0,1.0
45,499,0,1,1.0,1.0
46,499,0,1,1.0,1.0
47,499,0,1,1.0,1.0
48,499,0,1,1.0,1.0
49,499,0,1,1.0,1.0
50,499,0,1,1.0,1.0
51,499,0,1,1.0,1.0
52,499,0,1,1.0,1.0
53,499,0,1,1.0,1.0
54,499,0,1,1.0,1.0
55,499,0,1,1.0,1.0
56,499,0,1,1.0,1.0
57,499,0,1,1.0,1.0
58,499,0,1,1.0,1.0
59,499,0,1,1.0,1.0
60,499,0,1,1.0,1.0
61,499,0,1,1.0,1.0
62,499,0,1,1.0,1.0
63,499,0,1,1.0,1.0
64,499,0,1,1.0,1.0
65,499,0,1,1.0,1.0
66,499,0,1,1.0,1.0
67,499,0,1,1.0,1.0
68,499,0,1,1.0,1.0
69,499,0,1,1.0,1.0
70,499,0,1,1.0,1.0
71,499,0,1,1.0,1.0
72,499,0,1,1.0,1.0
73,499,0,1,1.0,1.0
74,499,0,1,1.0,1.0
75,499,0,1,1.0,1.0
76,499,0,1,1.0,1.0
77,499,0,1,1.0,1.0
78,499,0,1,1.0,1.0
79,499,0,1,1.0,1.0
80,499,0,1,1.0,1.0
81,499,0,1,1.0,1.0
82,499,0,1,1.0,1.0
83,499,0,1,1.0,1.0
84,499,0,1,1.0,1.0
85,499,0,1,1.0,1.0
86,499,0,1,1.0,1.0
87,499,0,1,1.0,1.0
88,499,0,1,1.0,1.0
89,499,0,1,1.0,1.0
90,499,0,1,1.0,1.0
91,499,0,1,1.0,1.0
92,499,0,1,1.0,1.0
93,499,0,1,1.0,1.0
94,499,0,1,1.0,1.0
95,499,0,1,1.0,1.0
96,499,0,1,1.0,1.0
97,499,0,1,1.0,1.0
98,499,0,1,1.0,1.0
99,499,0,1,1.0,1.0
100,499,0,1,1.0,1.0
101,499,0,1,1.0,1.0
102,499,0,1,1.0,1.0
103,499,0,1,1.0,1.0
104,499,0,1,1.0,1.0
105,499,0,1,1.0,1.0
106,499,0,1,1.0,1.0
107,499,0,1,1.0,1.0
108,499,0,1,1.0,1.0
109,499,0,1,1.0,1.0
110,499,0,1,1.0,1.0
111,499,0,1,1.0,1.0
112,499,0,1,1.0,1.0
113,499,0,1,1.0,1.0
114,499,0,1,1.0,1.0
115,499,0,1,1.0,1.0
116,499,0,1,1.0,1.0
117,499,0,1,1.0,1.0
118,499,0,1,1.0,1.0
119,499,0,1,1.0,1.0
120,499,0,1,1.0,1.0
121,499,0,1,1.0,1.0
122,499,0,1,1.0,1.0
123,499,0,1,1.0,1.0
124,499,0,1,1.0,1.0
125,499,0,1,1.0,1.0
126,499,0,1,1.0,1.0
127,499,0,1,1.0,1.0
128,499,0,1,1.0,1.0
129,499,0,1,1.0,1.0
130,499,0,1,1.0,1.0
131,499,0,1,1.0,1.0
132,499,0,1,1.0,1.0
133,499,0,1,1.0,1.0
134,499,0,1,1.0,1.0
135,499,0,1,1.0,1.0
136,499,0,1,1.0,1.0
137,499,0,1,1.0,1.0
138,499,0,1,1.0,1.0
139,499,0,1,1.0,1.0
140,499,0,1,1.0,1.0
141,499,0,1,1.0,1.0
142,499,0,1,1.0,1.0
143,499,0,1,1.0,1.0
144,499,0,1,1.0,1.0
145,499,0,1,1.0,1.0
146,499,0,1,1.0,1.0
147,499,0,1,1.0,1.0
148,499,0,1,1.0,1.0
149,499,0,1,1.0,1.0
150,499,0,1,1.0,1.0
151,499,0,1,1.0,1.0
152,499,0,1,1.0,1.0
153,499,0,1,1.0,1.0
154,499,0,1,1.0,1.0
155,499,0,1,1.0,1.0
156,499,0,1,1.0,1.0
157,499,0,1,1.0,1.0
158,499,0,1,1.0,1.0
159,499,0,1,1.0,1.0
160,499,0,1,1.0,1.0
161,499,0,1,1.0,1.0
162,499,0,1,1.0,1.0
163,499,0,1,1.0,1.0
164,499,0,1,1.0,1.0
165,499,0,1,1.0,1.0
166,499,0,1,1.0,1.0
167,499,0,1,1.0,1.0
168,499,0,1,1.0,1.0
169,499,0,1,1.0,1.0
170,499,0,1,1.0,1.0
171,499,0,1,1.0,1.0
172,499,0,1,1.0,1.0
173,499,0,1,1.0,1.0
174,499,0,1,1.0,1.0
175,499,0,1,1.0,1.0
176,499,0,1,1.0,1.0
177,499,0,1,1.0,1.0
178,499,0,1,1.0,1.0
179,499,0,1,1.0,1.0
180,499,0,1,1.0,1.0
181,499,0,1,1.0,1.0
182,499,0,1,1.0,1.0
183,499,0,1,1.0,1.0
184,499,0,1,1.0,1.0
185,499,0,1,1.0,1.0
186,499,0,1,1.0,1.0
187,499,0,1,1.0,1.0
188,499,0,1,1.0,1.0
189,499,0,1,1.0,1.0
190,499,0,1,1.0,1.0
191,499,0,1,1.0,1.0
192,499,0,1,1.0,1.0
193,499,0,1,1.0,1.0
194,499,0,1,1.0,1.0
195,499,0,1,1.0,1.0
196,499,0,1,1.0,1.0
197,499,0,1,1.0,1.0
198,499,0,1,1.0,1.0
199,499,0,1,1.0,1.0
200,499,0,1,1.0,1.0
1,497,3,0,0.9946666666666667,1.0
2,495,5,0,0.9933333333333333,0.99930405843404
3,491,8,1,0.9863333333333333,0.9957237316286924
4,486,12,2,0.9821666666666666,0.9934571298433924
5,477,21,2,0.9716666666666667,0.9876927837139035
6,466,30,4,0.9595,0.9809211368073516
7,447,47,6,0.9276666666666666,0.9620804753633779
8,429,63,8,0.8973333333333333,0.9426470779837408
9,410,80,10,0.8678333333333333,0.9218212548405268
10,383,104,13,0.8238333333333333,0.8873567244532823
11,353,128,19,0.7871666666666667,0.8511844024488339
12,322,151,27,0.7661666666666667,0.8198288239901526
13,282,184,34,0.7435,0.7734513558059188
14,245,209,46,0.7328333333333333,0.7273021570317236
15,206,241,53,0.7338333333333333,0.6774507906098944
16,175,263,62,0.7585,0.6540565200322876
17,140,286,74,0.7888333333333334,0.6213949944231184
18,118,297,85,0.8098333333333333,0.5931361828145477
19,102,301,97,0.8346666666666667,0.5901058205117303
20,85,311,104,0.855,0.5671287828842665
21,65,317,118,0.887,0.5575908602233998
22,51,313,136,0.9125,0.5612895095429086
23,40,315,145,0.9306666666666666,0.555969473067215
24,36,312,152,0.9395,0.5693791902407322
25,31,304,165,0.9478333333333333,0.5684847687938337
26,27,297,176,0.957,0.5904801190995567
27,22,296,182,0.9638333333333333,0.5795697678148188
28,17,287,196,0.9735,0.5981879573989448
29,14,277,209,0.9783333333333334,0.603947256725498
30,8,274,218,0.9883333333333333,0.6256997367780613
31,7,263,230,0.991,0.6689628029749238
32,7,252,241,0.9911666666666666,0.6751907425224859
33,5,245,250,0.9935,0.6682699918816177
34,4,231,265,0.9953333333333333,0.700541287362676
35,4,227,269,0.9955,0.7119355858531018
36,4,219,277,0.9956666666666667,0.7228344800613353
37,4,208,288,0.9958333333333333,0.7328614627329102
38,4,198,298,0.9958333333333333,0.7328614627329102
39,4,193,303,0.996,0.7442557612233361
40,3,189,308,0.9971666666666666,0.7516934308466517
41,3,180,317,0.9971666666666666,0.7516934308466517
42,2,177,321,0.9978333333333333,0.7133821663571037
43,2,167,331,0.9978333333333333,0.7133821663571037
44,2,160,338,0.9981666666666666,0.7579685517544226
45,2,155,343,0.9981666666666666,0.7579685517544226
46,0,150,350,1.0,
47,0,144,356,1.0,
48,0,140,360,1.0,
49,0,133,367,1.0,
50,0,129,371,1.0,
51,0,125,375,1.0,
52,0,119,381,1.0,
53,0,116,384,1.0,
54,0,111,389,1.0,
55,0,108,392,1.0,
56,0,104,396,1.0,
57,0,99,401,1.0,
58,0,97,403,1.0,
59,0,94,406,1.0,
60,0,93,407,1.0,
61,0,91,409,1.0,
62,0,90,410,1.0,
63,0,87,413,1.0,
64,0,84,416,1.0,
65,0,82,418,1.0,
66,0,78,422,1.0,
67,0,71,429,1.0,
68,0,70,430,1.0,
69,0,68,432,1.0,
70,0,66,434,1.0,
71,0,63,437,1.0,
72,0,62,438,1.0,
73,0,59,441,1.0,
74,0,56,444,1.0,
75,0,51,449,1.0,
76,0,49,451,1.0,
77,0,47,453,1.0,
78,0,46,454,1.0,
79,0,43,457,1.0,
80,0,40,460,1.0,
81,0,40,460,1.0,
82,0,37,463,1.0,
83,0,35,465,1.0,
84,0,35,465,1.0,
85,0,35,465,1.0,
86,0,34,466,1.0,
87,0,32,468,1.0,
88,0,30,470,1.0,
89,0,27,473,1.0,
90,0,25,475,1.0,
91,0,23,477,1.0,
92,0,23,477,1.0,
93,0,23,477,1.0,
94,0,23,477,1.0,
95,0,23,477,1.0,
96,0,21,479,1.0,
97,0,20,480,1.0,
98,0,19,481,1.0,
99,0,19,481,1.0,
100,0,17,483,1.0,
101,0,17,483,1.0,
102,0,16,484,1.0,
103,0,16,484,1.0,
104,0,14,486,1.0,
105,0,14,486,1.0,
106,0,14,486,1.0,
107,0,13,487,1.0,
108,0,13,487,1.0,
109,0,12,488,1.0,
110,0,12,488,1.0,
111,0,12,488,1.0,
112,0,11,489,1.0,
113,0,9,491,1.0,
114,0,9,491,1.0,
115,0,9,491,1.0,
116,0,9,491,1.0,
117,0,9,491,1.0,
118,0,9,491,1.0,
119,0,8,492,1.0,
120,0,7,493,1.0,
121,0,7,493,1.0,
122,0,6,494,1.0,
123,0,6,494,1.0,
124,0,6,494,1.0,
125,0,6,494,1.0,
126,0,6,494,1.0,
127,0,6,494,1.0,
128,0,5,495,1.0,
129,0,4,496,1.0,
130,0,4,496,1.0,
131,0,4,496,1.0,
132,0,4,496,1.0,
133,0,4,496,1.0,
134,0,4,496,1.0,
135,0,4,496,1.0,
136,0,3,497,1.0,
137,0,3,497,1.0,
138,0,3,497,1.0,
139,0,3,497,1.0,
140,0,3,497,1.0,
141,0,3,497,1.0,
142,0,3,497,1.0,
143,0,3,497,1.0,
144,0,3,497,1.0,
145,0,3,497,1.0,
146,0,3,497,1.0,
147,0,3,497,1.0,
148,0,3,497,1.0,
149,0,3,497,1.0,
150,0,3,497,1.0,
151,0,3,497,1.0,
152,0,2,498,1.0,
153,0,1,499,1.0,
154,0,1,499,1.0,
155,0,1,499,1.0,
156,0,1,499,1.0,
157,0,1,499,1.0,
158,0,1,499,1.0,
159,0,1,499,1.0,
160,0,1,499,1.0,
161,0,1,499,1.0,
162,0,0,500,1.0,
163,0,0,500,1.0,
164,0,0,500,1.0,
165,0,0,500,1.0,
166,0,0,500,1.0,
167,0,0,500,1.0,
168,0,0,500,1.0,
169,0,0,500,1.0,
170,0,0,500,1.0,
171,0,0,500,1.0,
172,0,0,500,1.0,
173,0,0,500,1.0,
174,0,0,500,1.0,
175,0,0,500,1.0,
176,0,0,500,1.0,
177,0,0,500,1.0,
178,0,0,500,1.0,
179,0,0,500,1.0,
180,0,0,500,1.0,
181,0,0,500,1.0,
182,0,0,500,1.0,
183,0,0,500,1.0,
184,0,0,500,1.0,
185,0,0,500,1.0,
186,0,0,500,1.0,
187,0,0,500,1.0,
188,0,0,500,1.0,
189,0,0,500,1.0,
190,0,0,500,1.0,
191,0,0,500,1.0,
192,0,0,500,1.0,
193,0,0,500,1.0,
194,0,0,500,1.0,
195,0,0,500,1.0,
196,0,0,500,1.0,
197,0,0,500,1.0,
198,0,0,500,1.0,
199,0,0,500,1.0,
200,0,0,500,1.0,
1,497,1,2,1.0,1.0
2,495,3,2,0.9956666666666667,0.9978024361818827
3,491,7,2,0.9911666666666666,0.9955023232881197
4,489,9,2,0.9871666666666666,0.9934368298749912
5,484,13,3,0.9808333333333333,0.9901129757673954
6,477,18,5,0.9705,0.9844773035828064
7,468,24,8,0.9625,0.9798297280490649
8,462,29,9,0.9543333333333334,0.9751725034502572
9,452,36,12,0.9478333333333333,0.9710411038147101
10,432,55,13,0.9151666666666667,0.9508748278884503
11,414,70,16,0.8906666666666667,0.934058903006325
12,394,86,20,0.8641666666666666,0.914230675607855
13,368,105,27,0.8411666666666666,0.8927589692216347
14,340,125,35,0.8158333333333333,0.8651461966327695
15,323,133,44,0.8151666666666667,0.8572088615930318
16,293,153,54,0.7971666666666667,0.8269233507859417
17,263,179,58,0.7773333333333333,0.7879743934910078
18,237,193,70,0.7781666666666667,0.7657737606774481
19,198,223,79,0.7815,0.7240420515738916
20,171,241,88,0.7948333333333333,0.6988019733277806
21,142,256,102,0.8135,0.6701119822659933
22,118,268,114,0.836,0.6513188095373063
23,102,274,124,0.8536666666666667,0.6412606972453518
24,81,282,137,0.8731666666666666,0.6083858609730859
25,67,282,151,0.8926666666666667,0.597966457197476
26,54,281,165,0.9133333333333333,0.5954731977034714
27,42,283,175,0.9318333333333333,0.591717127477997
28,29,284,187,0.9533333333333334,0.5941084877141849
29,20,287,193,0.9688333333333333,0.6024146650450998
30,16,277,207,0.9758333333333333,0.613970241714807
31,15,261,224,0.9796666666666667,0.6564154251545556
32,14,251,235,0.982,0.6726307750220794
33,13,242,245,0.9845,0.6948583078014516
34,11,233,256,0.9888333333333333,0.7433488119258871
35,10,226,264,0.9905,0.7629406101145231
36,10,223,267,0.9906666666666667,0.7672884362014798
37,8,215,277,0.9921666666666666,0.7618756967670011
38,8,206,286,0.9925,0.7725188127090301
39,7,204,289,0.9936666666666667,0.7824852683548337
40,7,199,294,0.9938333333333333,0.7877762736458388
41,6,195,299,0.9943333333333333,0.7715481646641068
42,6,186,308,0.9948333333333333,0.7903041000867087
43,5,181,314,0.9958333333333333,0.7928093645484949
44,4,178,318,0.9971666666666666,0.8179347826086957
45,4,172,324,0.9971666666666666,0.8179347826086957
46,4,164,332,0.9973333333333333,0.8288043478260869
47,4,160,336,0.9975,0.8396739130434783
48,3,152,345,0.9983333333333333,0.8568840579710145
49,3,146,351,0.9983333333333333,0.8568840579710145
50,3,142,355,0.9983333333333333,0.8568840579710145
51,3,132,365,0.9985,0.8713768115942028
52,3,127,370,0.9988333333333334,0.8997584541062801
53,2,119,379,0.9991666666666666,0.8913043478260869
54,2,115,383,0.9991666666666666,0.8913043478260869
55,2,110,388,0.9991666666666666,0.8913043478260869
56,2,104,394,0.9995,0.9347826086956521
57,1,103,396,0.9996666666666667,0.9130434782608695
58,1,97,402,0.9996666666666667,0.9130434782608695
59,1,91,408,0.9996666666666667,0.9130434782608695
60,1,88,411,0.9996666666666667,0.9130434782608695
61,1,85,414,0.9996666666666667,0.9130434782608695
62,1,78,421,0.9996666666666667,0.9130434782608695
63,0,75,425,1.0,
64,0,73,427,1.0,
65,0,73,427,1.0,
66,0,70,430,1.0,
67,0,68,432,1.0,
68,0,63,437,1.0,
69,0,61,439,1.0,
70,0,60,440,1.0,
71,0,58,442,1.0,
72,0,56,444,1.0,
73,0,53,447,1.0,
74,0,52,448,1.0,
75,0,49,451,1.0,
76,0,47,453,1.0,
77,0,43,457,1.0,
78,0,42,458,1.0,
79,0,39,461,1.0,
80,0,37,463,1.0,
81,0,35,465,1.0,
82,0,34,466,1.0,
83,0,34,466,1.0,
84,0,33,467,1.0,
85,0,33,467,1.0,
86,0,30,470,1.0,
87,0,28,472,1.0,
88,0,27,473,1.0,
89,0,26,474,1.0,
90,0,25,475,1.0,
91,0,25,475,1.0,
92,0,24,476,1.0,
93,0,24,476,1.0,
94,0,24,476,1.0,
95,0,22,478,1.0,
96,0,21,479,1.0,
97,0,21,479,1.0,
98,0,19,481,1.0,
99,0,19,481,1.0,
100,0,19,481,1.0,
101,0,17,483,1.0,
102,0,16,484,1.0,
103,0,16,484,1.0,
104,0,16,484,1.0,
105,0,15,485,1.0,
106,0,15,485,1.0,
107,0,15,485,1.0,
108,0,15,485,1.0,
109,0,15,485,1.0,
110,0,14,486,1.0,
111,0,13,487,1.0,
112,0,13,487,1.0,
113,0,13,487,1.0,
114,0,13,487,1.0,
115,0,13,487,1.0,
116,0,13,487,1.0,
117,0,11,489,1.0,
118,0,11,489,1.0,
119,0,11,489,1.0,
120,0,11,489,1.0,
121,0,10,490,1.0,
122,0,10,490,1.0,
123,0,10,490,1.0,
124,0,10,490,1.0,
125,0,10,490,1.0,
126,0,9,491,1.0,
127,0,9,491,1.0,
128,0,9,491,1.0,
129,0,9,491,1.0,
130,0,8,492,1.0,
131,0,7,493,1.0,
132,0,7,493,1.0,
133,0,7,493,1.0,
134,0,6,494,1.0,
135,0,6,494,1.0,
136,0,6,494,1.0,
137,0,6,494,1.0,
138,0,6,494,1.0,
139,0,6,494,1.0,
140,0,6,494,1.0,
141,0,6,494,1.0,
142,0,6,494,1.0,
143,0,6,494,1.0,
144,0,6,494,1.0,
145,0,6,494,1.0,
146,0,6,494,1.0,
147,0,6,494,1.0,
148,0,5,495,1.0,
149,0,5,495,1.0,
150,0,4,496,1.0,
151,0,4,496,1.0,
152,0,4,496,1.0,
153,0,4,496,1.0,
154,0,4,496,1.0,
155,0,4,496,1.0,
156,0,4,496,1.0,
157,0,4,496,1.0,
158,0,4,496,1.0,
159,0,4,496,1.0,
160,0,4,496,1.0,
161,0,4,496,1.0,
162,0,4,496,1.0,
163,0,4,496,1.0,
164,0,3,497,1.0,
165,0,3,497,1.0,
166,0,3,497,1.0,
167,0,3,497,1.0,
168,0,3,497,1.0,
169,0,3,497,1.0,
170,0,3,497,1.0,
171,0,2,498,1.0,
172,0,2,498,1.0,
173,0,2,498,1.0,
174,0,2,498,1.0,
175,0,2,498,1.0,
176,0,2,498,1.0,
177,0,2,498,1.0,
178,0,2,498,1.0,
179,0,2,498,1.0,
180,0,2,498,1.0,
181,0,1,499,1.0,
182,0,1,499,1.0,
183,0,1,499,1.0,
184,0,1,499,1.0,
185,0,1,499,1.0,
186,0,1,499,1.0,
187,0,1,499,1.0,
188,0,1,499,1.0,
189,0,1,499,1.0,
190,0,1,499,1.0,
191,0,1,499,1.0,
192,0,1,499,1.0,
193,0,1,499,1.0,
194,0,1,499,1.0,
195,0,1,499,1.0,
196,0,1,499,1.0,
197,0,1,499,1.0,
198,0,1,499,1.0,
199,0,1,499,1.0,
200,0,1,499,1.0,
1,499,1,0,1.0,1.0
2,498,2,0,0.9965,0.9982024389672373
3,496,3,1,0.9965,0.9982035390976486
4,493,6,1,0.9906666666666667,0.9952038247165684
5,490,9,1,0.9858333333333333,0.9927354058738265
6,485,10,5,0.9856666666666667,0.9925608583192627
7,479,16,5,0.9768333333333333,0.9878888689531333
8,470,24,6,0.963,0.9802703608277151
9,464,29,7,0.9558333333333333,0.9761436604132444
10,451,38,11,0.9446666666666667,0.969204988787077
11,437,51,12,0.9301666666666667,0.9600571698979818
12,416,69,15,0.904,0.9424409422679699
13,396,86,18,0.8721666666666666,0.9196376423638173
14,378,90,32,0.8731666666666666,0.9166097362750227
15,361,103,36,0.8533333333333334,0.8989449308436421
16,337,122,41,0.8326666666666667,0.8765108348362122
17,308,143,49,0.809,0.8457089767260576
18,288,157,55,0.7985,0.8257600150565126
19,258,183,59,0.7725,0.7798865599379586
20,223,210,67,0.7666666666666667,0.7397716075869711
21,195,226,79,0.7678333333333334,0.7023328939527378
22,168,241,91,0.7835,0.6781362010813355
23,135,261,104,0.8068333333333333,0.6418661871318875
24,110,276,114,0.8363333333333334,0.6257293635949762
25,93,279,128,0.856,0.6105254568298047
26,76,282,142,0.878,0.594466879421113
27,61,288,151,0.8975,0.5761561986757995
28,45,295,160,0.9236666666666666,0.5689256942735204
29,33,294,173,0.9445,0.5747588226441981
30,26,290,184,0.9571666666666667,0.5844832230200123
31,21,276,203,0.9658333333333333,0.5916844990758034
32,17,273,210,0.972,0.5886777672455422
33,15,265,220,0.9758333333333333,0.5981007060572279
34,10,262,228,0.9846666666666667,0.6144096989966554
35,7,254,239,0.9893333333333333,0.6156143856143856
36,6,244,250,0.9913333333333333,0.6349592074592074
37,4,235,261,0.994,0.6247115384615385
38,2,223,275,0.9973333333333333,0.686923076923077
39,2,217,281,0.9975,0.7061538461538461
40,2,206,292,0.9975,0.7061538461538461
41,2,192,306,0.9978333333333333,0.7453846153846153
42,1,186,313,0.999,0.76
43,1,177,322,0.999,0.76
44,1,166,333,0.9991666666666666,0.8
45,1,161,338,0.9991666666666666,0.8
46,1,158,341,0.9991666666666666,0.8
47,1,150,349,0.9993333333333333,0.84
48,1,142,357,0.9993333333333333,0.84
49,1,138,361,0.9993333333333333,0.84
50,1,136,363,0.9993333333333333,0.84
51,1,133,366,0.9993333333333333,0.84
52,1,128,371,0.9993333333333333,0.84
53,1,125,374,0.9995,0.88
54,1,118,381,0.9995,0.88
55,1,115,384,0.9995,0.88
56,1,110,389,0.9996666666666667,0.92
57,1,105,394,0.9996666666666667,0.92
58,1,97,402,0.9996666666666667,0.92
59,1,94,405,0.9996666666666667,0.92
60,1,91,408,0.9996666666666667,0.92
61,1,87,412,0.9996666666666667,0.92
62,1,83,416,0.9996666666666667,0.92
63,1,81,418,0.9996666666666667,0.92
64,1,79,420,0.9996666666666667,0.92
65,1,75,424,0.9996666666666667,0.92
66,1,74,425,0.9996666666666667,0.92
67,0,73,427,1.0,
68,0,68,432,1.0,
69,0,65,435,1.0,
70,0,63,437,1.0,
71,0,59,441,1.0,
72,0,58,442,1.0,
73,0,54,446,1.0,
74,0,52,448,1.0,
75,0,49,451,1.0,
76,0,49,451,1.0,
77,0,44,456,1.0,
78,0,40,460,1.0,
79,0,39,461,1.0,
80,0,38,462,1.0,
81,0,34,466,1.0,
82,0,33,467,1.0,
83,0,33,467,1.0,
84,0,31,469,1.0,
85,0,30,470,1.0,
86,0,29,471,1.0,
87,0,28,472,1.0,
88,0,28,472,1.0,
89,0,28,472,1.0,
90,0,27,473,1.0,
91,0,27,473,1.0,
92,0,23,477,1.0,
93,0,21,479,1.0,
94,0,21,479,1.0,
95,0,18,482,1.0,
96,0,17,483,1.0,
97,0,17,483,1.0,
98,0,16,484,1.0,
99,0,15,485,1.0,
100,0,15,485,1.0,
101,0,15,485,1.0,
102,0,15,485,1.0,
103,0,14,486,1.0,
104,0,13,487,1.0,
105,0,12,488,1.0,
106,0,11,489,1.0,
107,0,11,489,1.0,
108,0,10,490,1.0,
109,0,10,490,1.0,
110,0,10,490,1.0,
111,0,10,490,1.0,
112,0,9,491,1.0,
113,0,9,491,1.0,
114,0,9,491,1.0,
115,0,8,492,1.0,
116,0,7,493,1.0,
117,0,6,494,1.0,
118,0,6,494,1.0,
119,0,6,494,1.0,
120,0,6,494,1.0,
121,0,6,494,1.0,
122,0,6,494,1.0,
123,0,6,494,1.0,
124,0,6,494,1.0,
125,0,5,495,1.0,
126,0,5,495,1.0,
127,0,5,495,1.0,
128,0,5,495,1.0,
129,0,5,495,1.0,
130,0,5,495,1.0,
131,0,5,495,1.0,
132,0,5,495,1.0,
133,0,5,495,1.0,
134,0,5,495,1.0,
135,0,5,495,1.0,
136,0,4,496,1.0,
137,0,4,496,1.0,
138,0,4,496,1.0,
139,0,4,496,1.0,
140,0,4,496,1.0,
141,0,4,496,1.0,
142,0,4,496,1.0,
143,0,4,496,1.0,
144,0,3,497,1.0,
145,0,3,497,1.0,
146,0,3,497,1.0,
147,0,3,497,1.0,
148,0,3,497,1.0,
149,0,3,497,1.0,
150,0,3,497,1.0,
151,0,3,497,1.0,
152,0,3,497,1.0,
153,0,3,497,1.0,
154,0,2,498,1.0,
155,0,2,498,1.0,
156,0,2,498,1.0,
157,0,2,498,1.0,
158,0,2,498,1.0,
159,0,2,498,1.0,
160,0,2,498,1.0,
161,0,2,498,1.0,
162,0,2,498,1.0,
163,0,2,498,1.0,
164,0,2,498,1.0,
165,0,2,498,1.0,
166,0,2,498,1.0,
167,0,2,498,1.0,
168,0,2,498,1.0,
169,0,1,499,1.0,
170,0,1,499,1.0,
171,0,1,499,1.0,
172,0,1,499,1.0,
173,0,1,499,1.0,
174,0,1,499,1.0,
175,0,1,499,1.0,
176,0,1,499,1.0,
177,0,1,499,1.0,
178,0,1,499,1.0,
179,0,1,499,1.0,
180,0,1,499,1.0,
181,0,1,499,1.0,
182,0,0,500,1.0,
183,0,0,500,1.0,
184,0,0,500,1.0,
185,0,0,500,1.0,
186,0,0,500,1.0,
187,0,0,500,1.0,
188,0,0,500,1.0,
189,0,0,500,1.0,
190,0,0,500,1.0,
191,0,0,500,1.0,
192,0,0,500,1.0,
193,0,0,500,1.0,
194,0,0,500,1.0,
195,0,0,500,1.0,
196,0,0,500,1.0,
197,0,0,500,1.0,
198,0,0,500,1.0,
199,0,0,500,1.0,
200,0,0,500,1.0,
1,499,1,0,1.0,1.0
2,499,1,0,1.0,1.0
3,498,2,0,0.997,0.9984758808213496
4,498,2,0,0.997,0.9984758808213496
5,495,4,1,0.9948333333333333,0.9973765280247493
6,489,10,1,0.985,0.9923124261707885
7,477,21,2,0.9663333333333334,0.9822942985033952
8,469,26,5,0.957,0.9770879053992988
9,452,42,6,0.9308333333333333,0.9618006233502578
10,435,56,9,0.9041666666666667,0.9447639203856095
11,414,72,14,0.8755,0.9246333114869136
12,387,98,15,0.835,0.8931485263998465
13,355,124,21,0.8075,0.8638977905705328
14,322,145,33,0.7933333333333333,0.8390022749309735
15,291,167,42,0.7738333333333334,0.8048221225099175
16,263,187,50,0.77,0.7798730739714179
17,235,204,61,0.7531666666666667,0.7357377213126248
18,194,238,68,0.7613333333333333,0.691367416594893
19,162,266,72,0.768,0.6396133993141508
20,137,286,77,0.7951666666666667,0.6235467543845837
21,118,297,85,0.8205,0.6182206008053468
22,97,312,91,0.8395,0.5838327669143446
23,85,313,102,0.8566666666666667,0.5775165881764347
24,69,314,117,0.8806666666666667,0.5660147375553802
25,55,319,126,0.9036666666666666,0.5610143073147027
26,41,322,137,0.9278333333333333,0.5575303666130814
27,34,308,158,0.9418333333333333,0.568444330605456
28,29,302,169,0.951,0.5740344238470175
29,20,296,184,0.9673333333333334,0.5925368146346407
30,18,285,197,0.9716666666666667,0.6089901805119197
31,16,269,215,0.976,0.629373638137225
32,12,263,225,0.9823333333333333,0.6380356237964934
33,12,255,233,0.9825,0.6415078460187157
34,11,244,245,0.9845,0.657333029289551
35,9,229,262,0.9885,0.6866833890746934
36,8,225,267,0.9895,0.6787688127090301
37,4,219,277,0.995,0.6939130434782609
38,3,209,288,0.9963333333333333,0.6997101449275362
39,3,197,300,0.9965,0.7142028985507246
40,3,188,309,0.9966666666666667,0.7275362318840579
41,3,182,315,0.997,0.7553623188405797
42,2,177,321,0.9981666666666666,0.7730434782608695
43,2,167,331,0.9985,0.8130434782608695
44,2,164,334,0.9988333333333334,0.8565217391304347
45,2,157,341,0.9988333333333334,0.8565217391304347
46,2,154,344,0.9988333333333334,0.8565217391304347
47,2,148,350,0.9988333333333334,0.8565217391304347
48,2,144,354,0.9988333333333334,0.8565217391304347
49,1,134,365,0.9996666666666667,0.9130434782608695
50,1,130,369,0.9996666666666667,0.9130434782608695
51,1,122,377,0.9996666666666667,0.9130434782608695
52,1,114,385,0.9996666666666667,0.9130434782608695
53,1,113,386,0.9996666666666667,0.9130434782608695
54,1,110,389,0.9996666666666667,0.9130434782608695
55,1,109,390,0.9996666666666667,0.9130434782608695
56,1,100,399,0.9996666666666667,0.9130434782608695
57,1,95,404,0.9996666666666667,0.9130434782608695
58,1,91,408,0.9996666666666667,0.9130434782608695
59,1,91,408,0.9996666666666667,0.9130434782608695
60,1,89,410,0.9998333333333334,0.9565217391304348
61,1,84,415,0.9998333333333334,0.9565217391304348
62,1,82,417,0.9998333333333334,0.9565217391304348
63,1,80,419,0.9998333333333334,0.9565217391304348
64,1,76,423,0.9998333333333334,0.9565217391304348
65,1,75,424,0.9998333333333334,0.9565217391304348
66,1,71,428,0.9998333333333334,0.9565217391304348
67,1,66,433,0.9998333333333334,0.9565217391304348
68,1,63,436,1.0,1.0
69,1,58,441,1.0,1.0
70,1,58,441,1.0,1.0
71,1,55,444,1.0,1.0
72,1,55,444,1.0,1.0
73,1,51,448,1.0,1.0
74,1,49,450,1.0,1.0
75,1,43,456,1.0,1.0
76,1,41,458,1.0,1.0
77,1,40,459,1.0,1.0
78,1,38,461,1.0,1.0
79,1,36,463,1.0,1.0
80,1,35,464,1.0,1.0
81,1,35,464,1.0,1.0
82,1,34,465,1.0,1.0
83,1,32,467,1.0,1.0
84,1,31,468,1.0,1.0
85,1,31,468,1.0,1.0
86,1,30,469,1.0,1.0
87,1,27,472,1.0,1.0
88,1,26,473,1.0,1.0
89,1,24,475,1.0,1.0
90,1,21,478,1.0,1.0
91,1,20,479,1.0,1.0
92,1,20,479,1.0,1.0
93,1,19,480,1.0,1.0
94,1,19,480,1.0,1.0
95,1,18,481,1.0,1.0
96,1,16,483,1.0,1.0
97,1,16,483,1.0,1.0
98,1,16,483,1.0,1.0
99,1,15,484,1.0,1.0
100,1,14,485,1.0,1.0
101,1,14,485,1.0,1.0
102,1,14,485,1.0,1.0
103,1,14,485,1.0,1.0
104,1,14,485,1.0,1.0
105,1,13,486,1.0,1.0
106,1,13,486,1.0,1.0
107,1,13,486,1.0,1.0
108,1,12,487,1.0,1.0
109,1,11,488,1.0,1.0
110,1,11,488,1.0,1.0
111,1,11,488,1.0,1.0
112,1,11,488,1.0,1.0
113,1,9,490,1.0,1.0
114,1,8,491,1.0,1.0
115,1,8,491,1.0,1.0
116,1,7,492,1.0,1.0
117,1,6,493,1.0,1.0
118,1,6,493,1.0,1.0
119,1,6,493,1.0,1.0
120,1,6,493,1.0,1.0
121,1,6,493,1.0,1.0
122,1,6,493,1.0,1.0
123,1,6,493,1.0,1.0
124,1,5,494,1.0,1.0
125,1,5,494,1.0,1.0
126,1,5,494,1.0,1.0
127,1,4,495,1.0,1.0
128,1,4,495,1.0,1.0
129,1,4,495,1.0,1.0
130,1,4,495,1.0,1.0
131,1,3,496,1.0,1.0
132,1,3,496,1.0,1.0
133,1,3,496,1.0,1.0
134,1,3,496,1.0,1.0
135,1,3,496,1.0,1.0
136,1,3,496,1.0,1.0
137,1,3,496,1.0,1.0
138,1,3,496,1.0,1.0
139,1,1,498,1.0,1.0
140,1,1,498,1.0,1.0
141,1,1,498,1.0,1.0
142,1,1,498,1.0,1.0
143,1,1,498,1.0,1.0
144,1,1,498,1.0,1.0
145,1,1,498,1.0,1.0
146,1,1,498,1.0,1.0
147,1,1,498,1.0,1.0
148,1,1,498,1.0,1.0
149,1,1,498,1.0,1.0
150,1,1,498,1.0,1.0
151,1,1,498,1.0,1.0
152,1,1,498,1.0,1.0
153,1,1,498,1.0,1.0
154,1,1,498,1.0,1.0
155,1,0,499,1.0,1.0
156,1,0,499,1.0,1.0
157,1,0,499,1.0,1.0
158,1,0,499,1.0,1.0
159,1,0,499,1.0,1.0
160,1,0,499,1.0,1.0
161,1,0,499,1.0,1.0
162,1,0,499,1.0,1.0
163,1,0,499,1.0,1.0
164,1,0,499,1.0,1.0
165,1,0,499,1.0,1.0
166,1,0,499,1.0,1.0
167,1,0,499,1.0,1.0
168,1,0,499,1.0,1.0
169,1,0,499,1.0,1.0
170,1,0,499,1.0,1.0
171,1,0,499,1.0,1.0
172,1,0,499,1.0,1.0
173,1,0,499,1.0,1.0
174,1,0,499,1.0,1.0
175,1,0,499,1.0,1.0
176,1,0,499,1.0,1.0
177,1,0,499,1.0,1.0
178,1,0,499,1.0,1.0
179,1,0,499,1.0,1.0
180,1,0,499,1.0,1.0
181,1,0,499,1.0,1.0
182,1,0,499,1.0,1.0
183,1,0,499,1.0,1.0
184,1,0,499,1.0,1.0
185,1,0,499,1.0,1.0
186,1,0,499,1.0,1.0
187,1,0,499,1.0,1.0
188,1,0,499,1.0,1.0
189,1,0,499,1.0,1.0
190,1,0,499,1.0,1.0
191,1,0,499,1.0,1.0
192,1,0,499,1.0,1.0
193,1,0,499,1.0,1.0
194,1,0,499,1.0,1.0
195,1,0,499,1.0,1.0
196,1,0,499,1.0,1.0
197,1,0,499,1.0,1.0
198,1,0,499,1.0,1.0
199,1,0,499,1.0,1.0
200,1,0,499,1.0,1.0
1,497,3,0,0.995,1.0
2,496,4,0,0.9938333333333333,0.9993902558795796
3,494,5,1,0.9925,0.9986805604092788
4,492,6,2,0.9913333333333333,0.9980973555625906
5,486,11,3,0.9825,0.9933907625560043
6,482,15,3,0.9768333333333333,0.9903436193483306
7,474,23,3,0.9616666666666667,0.9821295806203849
8,470,27,3,0.9548333333333333,0.9782978770717169
9,461,32,7,0.9476666666666667,0.973904058621677
10,449,43,8,0.9288333333333333,0.9624891817186549
11,430,62,8,0.9018333333333334,0.9449651307972038
12,416,73,11,0.8953333333333333,0.9390343854934582
13,397,89,14,0.8861666666666667,0.9302744993190674
14,373,108,19,0.8645,0.9106713599355709
15,348,128,24,0.8383333333333334,0.885140137892333
16,323,149,28,0.814,0.8570805002469927
17,291,172,37,0.8041666666666667,0.8324654538973445
18,258,195,47,0.7838333333333334,0.7909289105567
19,228,213,59,0.7795,0.7580025744994494
20,203,229,68,0.7811666666666667,0.7296267504433396
21,184,240,76,0.789,0.7122166932206585
22,156,257,87,0.799,0.6774265049959075
23,136,265,99,0.814,0.6569048559836296
24,113,274,113,0.8395,0.6426069605947454
25,91,281,128,0.865,0.6285752071038674
26,83,279,138,0.8776666666666667,0.6310128728857051
27,69,273,158,0.9035,0.6485964429999711
28,56,272,172,0.9245,0.6630596636927023
29,47,270,183,0.9366666666666666,0.6654156014259972
30,39,274,187,0.9466666666666667,0.6584296489808534
31,39,266,195,0.9478333333333333,0.6660360938545608
32,37,261,202,0.9526666666666667,0.6819162174472448
33,32,256,212,0.9588333333333333,0.6799579249335534
34,26,251,223,0.9673333333333334,0.6876136389134959
35,21,249,230,0.9738333333333333,0.693240372926726
36,20,241,239,0.9753333333333334,0.6978509252805437
37,19,226,255,0.9773333333333334,0.7073713412174152
38,18,224,258,0.9788333333333333,0.7118604295242921
39,15,219,266,0.9828333333333333,0.7154215899959285
40,12,216,272,0.9868333333333333,0.7186267872046723
41,10,216,274,0.989,0.7174472672014583
42,7,204,289,0.9938333333333333,0.7733700070993524
43,7,201,292,0.9938333333333333,0.7733700070993524
44,7,188,305,0.9945,0.7975430452079828
45,6,180,314,0.9953333333333333,0.8007036995113228
46,6,173,321,0.9953333333333333,0.8007036995113228
47,6,164,330,0.9956666666666667,0.8143489527704285
48,6,156,338,0.9956666666666667,0.8143489527704285
49,6,145,349,0.996,0.8282726805858425
50,6,139,355,0.9965,0.8495126944715378
51,5,133,362,0.9975,0.8694642795544634
52,5,127,368,0.9975,0.8694642795544634
53,5,121,374,0.9975,0.8694642795544634
54,5,119,376,0.9975,0.8694642795544634
55,5,113,382,0.9976666666666667,0.8778185162437115
56,5,108,387,0.9976666666666667,0.8778185162437115
57,4,104,392,0.9983333333333333,0.8970171776064796
58,4,97,399,0.9985,0.9074599734680401
59,4,93,403,0.999,0.9383706492182591
60,4,90,406,0.999,0.9383706492182591
61,4,86,410,0.999,0.9383706492182591
62,4,83,413,0.999,0.9383706492182591
63,3,78,419,0.9991666666666666,0.9309151258698237
64,2,76,422,0.9995,0.9368896708960741
65,2,75,423,0.9995,0.9368896708960741
66,2,69,429,0.9995,0.9368896708960741
67,1,68,431,0.9996666666666667,0.9113712751907336
68,1,65,434,0.9996666666666667,0.9113712751907336
69,1,61,438,0.9996666666666667,0.9113712751907336
70,1,59,440,0.9996666666666667,0.9113712751907336
71,0,56,444,1.0,
72,0,53,447,1.0,
73,0,52,448,1.0,
74,0,48,452,1.0,
75,0,47,453,1.0,
76,0,45,455,1.0,
77,0,43,457,1.0,
78,0,40,460,1.0,
79,0,39,461,1.0,
80,0,37,463,1.0,
81,0,34,466,1.0,
82,0,32,468,1.0,
83,0,31,469,1.0,
84,0,31,469,1.0,
85,0,30,470,1.0,
86,0,29,471,1.0,
87,0,29,471,1.0,
88,0,29,471,1.0,
89,0,28,472,1.0,
90,0,26,474,1.0,
91,0,26,474,1.0,
92,0,24,476,1.0,
93,0,24,476,1.0,
94,0,22,478,1.0,
95,0,21,479,1.0,
96,0,21,479,1.0,
97,0,20,480,1.0,
98,0,20,480,1.0,
99,0,18,482,1.0,
100,0,15,485,1.0,
101,0,14,486,1.0,
102,0,14,486,1.0,
103,0,13,487,1.0,
104,0,13,487,1.0,
105,0,13,487,1.0,
106,0,12,488,1.0,
107,0,12,488,1.0,
108,0,12,488,1.0,
109,0,11,489,1.0,
110,0,11,489,1.0,
111,0,10,490,1.0,
112,0,10,490,1.0,
113,0,10,490,1.0,
114,0,9,491,1.0,
115,0,8,492,1.0,
116,0,8,492,1.0,
117,0,7,493,1.0,
118,0,7,493,1.0,
119,0,7,493,1.0,
120,0,6,494,1.0,
121,0,5,495,1.0,
122,0,5,495,1.0,
123,0,5,495,1.0,
124,0,5,495,1.0,
125,0,5,495,1.0,
126,0,5,495,1.0,
127,0,5,495,1.0,
128,0,4,496,1.0,
129,0,4,496,1.0,
130,0,4,496,1.0,
131,0,4,496,1.0,
132,0,4,496,1.0,
133,0,4,496,1.0,
134,0,4,496,1.0,
135,0,4,496,1.0,
136,0,4,496,1.0,
137,0,3,497,1.0,
138,0,3,497,1.0,
139,0,2,498,1.0,
140,0,2,498,1.0,
141,0,2,498,1.0,
142,0,2,498,1.0,
143,0,2,498,1.0,
144,0,2,498,1.0,
145,0,1,499,1.0,
146,0,1,499,1.0,
147,0,1,499,1.0,
148,0,1,499,1.0,
149,0,1,499,1.0,
150,0,1,499,1.0,
151,0,1,499,1.0,
152,0,1,499,1.0,
153,0,1,499,1.0,
154,0,1,499,1.0,
155,0,1,499,1.0,
156,0,1,499,1.0,
157,0,1,499,1.0,
158,0,1,499,1.0,
159,0,1,499,1.0,
160,0,1,499,1.0,
161,0,1,499,1.0,
162,0,1,499,1.0,
163,0,1,499,1.0,
164,0,1,499,1.0,
165,0,1,499,1.0,
166,0,1,499,1.0,
167,0,1,499,1.0,
168,0,1,499,1.0,
169,0,1,499,1.0,
170,0,1,499,1.0,
171,0,1,499,1.0,
172,0,1,499,1.0,
173,0,1,499,1.0,
174,0,1,499,1.0,
175,0,1,499,1.0,
176,0,0,500,1.0,
177,0,0,500,1.0,
178,0,0,500,1.0,
179,0,0,500,1.0,
180,0,0,500,1.0,
181,0,0,500,1.0,
182,0,0,500,1.0,
183,0,0,500,1.0,
184,0,0,500,1.0,
185,0,0,500,1.0,
186,0,0,500,1.0,
187,0,0,500,1.0,
188,0,0,500,1.0,
189,0,0,500,1.0,
190,0,0,500,1.0,
191,0,0,500,1.0,
192,0,0,500,1.0,
193,0,0,500,1.0,
194,0,0,500,1.0,
195,0,0,500,1.0,
196,0,0,500,1.0,
197,0,0,500,1.0,
198,0,0,500,1.0,
199,0,0,500,1.0,
200,0,0,500,1.0,
1,499,1,0,1.0,1.0
2,498,2,0,1.0,1.0
3,495,5,0,0.9933333333333333,0.996598928373632
4,492,7,1,0.9891666666666666,0.9944923705930245
5,487,12,1,0.9791666666666666,0.9892322553559469
6,481,17,2,0.9731666666666666,0.9859124753734235
7,477,21,2,0.9658333333333333,0.9818103592544767
8,469,29,2,0.9541666666666667,0.9754216936612413
9,460,37,3,0.9421666666666667,0.9685720326372501
10,445,47,8,0.9238333333333333,0.9572525567757615
11,428,63,9,0.9008333333333334,0.942055160026513
12,407,80,13,0.8746666666666667,0.9230426032995203
13,386,98,16,0.8526666666666667,0.9045421770540041
14,360,117,23,0.8351666666666666,0.885421520508477
15,336,137,27,0.8195,0.8654380953759836
16,305,161,34,0.795,0.8318316081373814
17,280,182,38,0.7776666666666666,0.8010381164441723
18,259,198,43,0.7731666666666667,0.7800542723834649
19,229,219,52,0.7686666666666667,0.745743597618479
20,197,246,57,0.7545,0.6861089488015111
21,175,256,69,0.7731666666666667,0.6730025613677788
22,139,281,80,0.7963333333333333,0.6294895741314258
23,122,286,92,0.819,0.6249121689535091
24,101,295,104,0.8425,0.6058033761649776
25,78,305,117,0.8753333333333333,0.5934924732973784
26,62,309,129,0.8963333333333333,0.573973733528432
27,54,299,147,0.9116666666666666,0.5822815514240636
28,44,299,157,0.9276666666666666,0.5819954984628898
29,36,292,172,0.9411666666666667,0.5857423440756775
30,27,292,181,0.9568333333333333,0.5917767042404724
31,22,285,193,0.9673333333333334,0.6206339082524853
32,19,275,206,0.9721666666666666,0.6255880313431801
33,13,268,219,0.9823333333333333,0.6552583648235821
34,11,263,226,0.9856666666666667,0.6753617199664629
35,10,247,243,0.987,0.6748833992094861
36,7,239,254,0.9901666666666666,0.643146056841709
37,7,226,267,0.991,0.6740109166196123
38,7,220,273,0.991,0.6740109166196123
39,4,214,282,0.995,0.6742424242424242
40,4,203,293,0.9955,0.7064393939393939
41,4,195,301,0.9956666666666667,0.7178030303030303
42,3,185,312,0.9971666666666666,0.75
43,3,176,321,0.9975,0.779040404040404
44,3,166,331,0.9978333333333333,0.8093434343434343
45,2,166,332,0.9988333333333334,0.8503787878787878
46,2,159,339,0.9988333333333334,0.8503787878787878
47,2,152,346,0.9988333333333334,0.8503787878787878
48,1,152,347,0.9996666666666667,0.9090909090909091
49,0,144,356,1.0,
50,0,140,360,1.0,
51,0,135,365,1.0,
52,0,130,370,1.0,
53,0,129,371,1.0,
54,0,123,377,1.0,
55,0,119,381,1.0,
56,0,116,384,1.0,
57,0,110,390,1.0,
58,0,104,396,1.0,
59,0,99,401,1.0,
60,0,95,405,1.0,
61,0,92,408,1.0,
62,0,89,411,1.0,
63,0,85,415,1.0,
64,0,81,419,1.0,
65,0,76,424,1.0,
66,0,74,426,1.0,
67,0,71,429,1.0,
68,0,69,431,1.0,
69,0,63,437,1.0,
70,0,60,440,1.0,
71,0,58,442,1.0,
72,0,56,444,1.0,
73,0,54,446,1.0,
74,0,54,446,1.0,
75,0,48,452,1.0,
76,0,47,453,1.0,
77,0,44,456,1.0,
78,0,42,458,1.0,
79,0,40,460,1.0,
80,0,39,461,1.0,
81,0,39,461,1.0,
82,0,38,462,1.0,
83,0,37,463,1.0,
84,0,35,465,1.0,
85,0,33,467,1.0,
86,0,29,471,1.0,
87,0,27,473,1.0,
88,0,27,473,1.0,
89,0,27,473,1.0,
90,0,26,474,1.0,
91,0,25,475,1.0,
92,0,23,477,1.0,
93,0,21,479,1.0,
94,0,21,479,1.0,
95,0,20,480,1.0,
96,0,20,480,1.0,
97,0,19,481,1.0,
98,0,19,481,1.0,
99,0,19,481,1.0,
100,0,17,483,1.0,
101,0,17,483,1.0,
102,0,15,485,1.0,
103,0,13,487,1.0,
104,0,13,487,1.0,
105,0,12,488,1.0,
106,0,12,488,1.0,
107,0,12,488,1.0,
108,0,12,488,1.0,
109,0,10,490,1.0,
110,0,9,491,1.0,
111,0,9,491,1.0,
112,0,7,493,1.0,
113,0,7,493,1.0,
114,0,6,494,1.0,
115,0,6,494,1.0,
116,0,6,494,1.0,
117,0,6,494,1.0,
118,0,6,494,1.0,
119,0,6,494,1.0,
120,0,6,494,1.0,
121,0,6,494,1.0,
122,0,6,494,1.0,
123,0,6,494,1.0,
124,0,5,495,1.0,
125,0,5,495,1.0,
126,0,5,495,1.0,
127,0,5,495,1.0,
128,0,4,496,1.0,
129,0,4,496,1.0,
130,0,4,496,1.0,
131,0,4,496,1.0,
132,0,4,496,1.0,
133,0,4,496,1.0,
134,0,4,496,1.0,
135,0,4,496,1.0,
136,0,4,496,1.0,
137,0,4,496,1.0,
138,0,3,497,1.0,
139,0,3,497,1.0,
140,0,3,497,1.0,
141,0,3,497,1.0,
142,0,3,497,1.0,
143,0,2,498,1.0,
144,0,2,498,1.0,
145,0,2,498,1.0,
146,0,2,498,1.0,
147,0,2,498,1.0,
148,0,2,498,1.0,
149,0,2,498,1.0,
150,0,2,498,1.0,
151,0,2,498,1.0,
152,0,1,499,1.0,
153,0,1,499,1.0,
154,0,1,499,1.0,
155,0,1,499,1.0,
156,0,1,499,1.0,
157,0,1,499,1.0,
158,0,1,499,1.0,
159,0,1,499,1.0,
160,0,1,499,1.0,
161,0,1,499,1.0,
162,0,1,499,1.0,
163,0,0,500,1.0,
164,0,0,500,1.0,
165,0,0,500,1.0,
166,0,0,500,1.0,
167,0,0,500,1.0,
168,0,0,500,1.0,
169,0,0,500,1.0,
170,0,0,500,1.0,
171,0,0,500,1.0,
172,0,0,500,1.0,
173,0,0,500,1.0,
174,0,0,500,1.0,
175,0,0,500,1.0,
176,0,0,500,1.0,
177,0,0,500,1.0,
178,0,0,500,1.0,
179,0,0,500,1.0,
180,0,0,500,1.0,
181,0,0,500,1.0,
182,0,0,500,1.0,
183,0,0,500,1.0,
184,0,0,500,1.0,
185,0,0,500,1.0,
186,0,0,500,1.0,
187,0,0,500,1.0,
188,0,0,500,1.0,
189,0,0,500,1.0,
190,0,0,500,1.0,
191,0,0,500,1.0,
192,0,0,500,1.0,
193,0,0,500,1.0,
194,0,0,500,1.0,
195,0,0,500,1.0,
196,0,0,500,1.0,
197,0,0,500,1.0,
198,0,0,500,1.0,
199,0,0,500,1.0,
200,0,0,500,1.0,
