day,s,i,r,edgecount,suscedgecount
1,999,1,0,1.0,1.0
2,999,1,0,1.0,1.0
3,999,1,0,1.0,1.0
4,999,1,0,1.0,1.0
5,999,1,0,1.0,1.0
6,999,1,0,1.0,1.0
7,999,1,0,1.0,1.0
8,999,1,0,1.0,1.0
9,998,2,0,0.999,0.999498997995992
10,998,2,0,0.999,0.999498997995992
11,998,2,0,0.999,0.999498997995992
12,998,2,0,0.999,0.999498997995992
13,998,2,0,0.999,0.999498997995992
14,998,2,0,0.999,0.999498997995992
15,998,2,0,0.999,0.999498997995992
16,997,3,0,0.9985,0.9992477432296891
17,997,3,0,0.9985,0.9992477432296891
18,997,3,0,0.9985,0.9992477432296891
19,997,3,0,0.9985,0.9992477432296891
20,997,3,0,0.9985,0.9992477432296891
21,997,3,0,0.9985,0.9992477432296891
22,997,3,0,0.9985,0.9992477432296891
23,996,4,0,0.998,0.998995983935743
24,996,4,0,0.998,0.998995983935743
25,996,3,1,0.999,0.9994979919678715
26,996,3,1,0.999,0.9994979919678715
27,996,3,1,0.999,0.9994979919678715
28,996,3,1,0.999,0.9994979919678715
29,996,3,1,0.999,0.9994979919678715
30,996,3,1,0.999,0.9994979919678715
31,996,3,1,0.999,0.9994979919678715
32,995,4,1,0.9985,0.9992462311557789
33,995,3,2,0.999,0.9994974874371859
34,994,4,2,0.998,0.9989939637826962
35,993,5,2,0.998,0.998992950654582
36,993,5,2,0.998,0.998992950654582
37,993,5,2,0.998,0.998992950654582
38,993,5,2,0.998,0.998992950654582
39,993,5,2,0.998,0.998992950654582
40,992,6,2,0.9985,0.9992439516129032
41,992,5,3,0.9985,0.9992439516129032
42,992,5,3,0.9985,0.9992439516129032
43,992,5,3,0.9985,0.9992439516129032
44,992,5,3,0.9985,0.9992439516129032
45,992,5,3,0.9985,0.9992439516129032
46,992,5,3,0.9985,0.9992439516129032
47,991,6,3,0.9995,0.9997477295660948
48,991,6,3,0.9995,0.9997477295660948
49,991,5,4,1.0,1.0
50,991,5,4,1.0,1.0
51,991,5,4,1.0,1.0
52,991,5,4,1.0,1.0
53,991,5,4,1.0,1.0
54,990,6,4,1.0,1.0
55,989,7,4,0.9995,0.999747219413549
56,989,5,6,1.0,1.0
57,989,5,6,1.0,1.0
58,989,5,6,1.0,1.0
59,989,4,7,1.0,1.0
60,989,4,7,1.0,1.0
61,988,5,7,0.9995,0.999746963562753
62,988,5,7,0.9995,0.999746963562753
63,988,5,7,0.9995,0.999746963562753
64,988,5,7,0.9995,0.999746963562753
65,987,6,7,0.999,0.9994934143870314
66,986,7,7,0.9985,0.9992393509127789
67,985,7,8,0.9985,0.999238578680203
68,984,8,8,0.998,0.9989837398373984
69,984,8,8,0.998,0.9989837398373984
70,983,9,8,0.9975,0.9987283825025433
71,983,9,8,0.9975,0.9987283825025433
72,983,9,8,0.9975,0.9987283825025433
73,982,9,9,0.9975,0.9987270875763747
74,982,9,9,0.9975,0.9987270875763747
75,982,9,9,0.9975,0.9987270875763747
76,982,9,9,0.9975,0.9987270875763747
77,981,10,9,0.9985,0.9992354740061162
78,981,10,9,0.9985,0.9992354740061162
79,981,9,10,0.9985,0.9992354740061162
80,980,10,10,0.998,0.9989795918367347
81,980,8,12,0.999,0.9994897959183674
82,980,8,12,0.999,0.9994897959183674
83,980,8,12,0.999,0.9994897959183674
84,980,8,12,0.999,0.9994897959183674
85,980,8,12,0.999,0.9994897959183674
86,980,8,12,0.999,0.9994897959183674
87,980,8,12,0.999,0.9994897959183674
88,980,8,12,0.999,0.9994897959183674
89,980,8,12,0.999,0.9994897959183674
90,980,8,12,0.999,0.9994897959183674
91,980,8,12,0.999,0.9994897959183674
92,980,8,12,0.999,0.9994897959183674
93,980,8,12,0.999,0.9994897959183674
94,980,8,12,0.999,0.9994897959183674
95,980,8,12,0.999,0.9994897959183674
96,980,8,12,0.999,0.9994897959183674
97,980,8,12,0.999,0.9994897959183674
98,980,8,12,0.999,0.9994897959183674
99,980,6,14,1.0,1.0
100,980,5,15,1.0,1.0
101,980,5,15,1.0,1.0
102,980,5,15,1.0,1.0
103,980,5,15,1.0,1.0
104,980,5,15,1.0,1.0
105,980,4,16,1.0,1.0
106,980,4,16,1.0,1.0
107,980,4,16,1.0,1.0
108,980,4,16,1.0,1.0
109,980,3,17,1.0,1.0
110,980,3,17,1.0,1.0
111,980,3,17,1.0,1.0
112,980,3,17,1.0,1.0
113,980,3,17,1.0,1.0
114,980,3,17,1.0,1.0
115,980,3,17,1.0,1.0
116,980,3,17,1.0,1.0
117,980,3,17,1.0,1.0
118,980,3,17,1.0,1.0
119,980,3,17,1.0,1.0
120,980,3,17,1.0,1.0
121,980,3,17,1.0,1.0
122,980,3,17,1.0,1.0
123,980,3,17,1.0,1.0
124,980,3,17,1.0,1.0
125,980,3,17,1.0,1.0
126,980,3,17,1.0,1.0
127,980,3,17,1.0,1.0
128,980,3,17,1.0,1.0
129,980,3,17,1.0,1.0
130,980,3,17,1.0,1.0
131,980,3,17,1.0,1.0
132,980,3,17,1.0,1.0
133,980,3,17,1.0,1.0
134,980,3,17,1.0,1.0
135,980,3,17,1.0,1.0
136,980,3,17,1.0,1.0
137,980,3,17,1.0,1.0
138,980,3,17,1.0,1.0
139,980,3,17,1.0,1.0
140,980,3,17,1.0,1.0
141,980,2,18,1.0,1.0
142,980,2,18,1.0,1.0
143,980,2,18,1.0,1.0
144,980,2,18,1.0,1.0
145,980,2,18,1.0,1.0
146,980,2,18,1.0,1.0
147,980,2,18,1.0,1.0
148,980,2,18,1.0,1.0
149,980,2,18,1.0,1.0
150,980,2,18,1.0,1.0
151,980,2,18,1.0,1.0
152,980,2,18,1.0,1.0
153,980,2,18,1.0,1.0
154,980,2,18,1.0,1.0
155,980,2,18,1.0,1.0
156,980,2,18,1.0,1.0
157,980,2,18,1.0,1.0
158,980,2,18,1.0,1.0
159,980,2,18,1.0,1.0
160,980,2,18,1.0,1.0
161,980,2,18,1.0,1.0
162,980,2,18,1.0,1.0
163,980,1,19,1.0,1.0
164,980,1,19,1.0,1.0
165,980,1,19,1.0,1.0
166,980,1,19,1.0,1.0
167,980,1,19,1.0,1.0
168,980,1,19,1.0,1.0
169,980,1,19,1.0,1.0
170,980,1,19,1.0,1.0
171,980,1,19,1.0,1.0
172,980,1,19,1.0,1.0
173,980,1,19,1.0,1.0
174,980,1,19,1.0,1.0
175,980,1,19,1.0,1.0
176,980,1,19,1.0,1.0
177,980,1,19,1.0,1.0
178,980,1,19,1.0,1.0
179,980,1,19,1.0,1.0
180,980,1,19,1.0,1.0
181,980,1,19,1.0,1.0
182,980,1,19,1.0,1.0
183,980,1,19,1.0,1.0
184,980,1,19,1.0,1.0
185,980,1,19,1.0,1.0
186,980,1,19,1.0,1.0
187,980,1,19,1.0,1.0
188,980,1,19,1.0,1.0
189,980,1,19,1.0,1.0
190,980,1,19,1.0,1.0
191,980,1,19,1.0,1.0
192,980,1,19,1.0,1.0
193,980,1,19,1.0,1.0
194,980,1,19,1.0,1.0
195,980,1,19,1.0,1.0
196,980,1,19,1.0,1.0
197,980,1,19,1.0,1.0
198,980,1,19,1.0,1.0
199,980,1,19,1.0,1.0
200,980,1,19,1.0,1.0
1,999,1,0,1.0,1.0
2,999,1,0,1.0,1.0
3,999,1,0,1.0,1.0
4,999,1,0,1.0,1.0
5,998,2,0,0.9995,0.999749498997996
6,998,2,0,0.9995,0.999749498997996
7,997,3,0,0.9985,0.9992477432296891
8,997,3,0,0.9985,0.9992477432296891
9,997,3,0,0.9985,0.9992477432296891
10,997,3,0,0.9985,0.9992477432296891
11,997,3,0,0.9985,0.9992477432296891
12,996,4,0,0.999,0.9994979919678715
13,996,4,0,0.999,0.9994979919678715
14,995,5,0,0.9985,0.9992462311557789
15,995,5,0,0.9985,0.9992462311557789
16,995,5,0,0.9985,0.9992462311557789
17,994,6,0,0.998,0.9989939637826962
18,994,6,0,0.998,0.9989939637826962
19,993,7,0,0.9975,0.9987411883182276
20,993,7,0,0.9975,0.9987411883182276
21,993,7,0,0.9975,0.9987411883182276
22,993,7,0,0.9975,0.9987411883182276
23,992,8,0,0.997,0.9984879032258065
24,991,9,0,0.9965,0.998234106962664
25,990,9,1,0.9965,0.9982323232323232
26,990,9,1,0.9965,0.9982323232323232
27,990,8,2,0.9975,0.9987373737373737
28,989,9,2,0.997,0.9984833164812943
29,987,11,2,0.997,0.9984802431610942
30,987,10,3,0.998,0.9989868287740629
31,987,10,3,0.998,0.9989868287740629
32,987,10,3,0.998,0.9989868287740629
33,986,11,3,0.997,0.9984787018255578
34,986,11,3,0.997,0.9984787018255578
35,985,11,4,0.9975,0.998730964467005
36,985,11,4,0.9975,0.998730964467005
37,985,11,4,0.9975,0.998730964467005
38,985,11,4,0.9975,0.998730964467005
39,985,11,4,0.9975,0.998730964467005
40,985,11,4,0.9975,0.998730964467005
41,985,11,4,0.9975,0.998730964467005
42,985,11,4,0.9975,0.998730964467005
43,985,11,4,0.9975,0.998730964467005
44,985,10,5,0.998,0.9989847715736041
45,985,10,5,0.998,0.9989847715736041
46,985,10,5,0.998,0.9989847715736041
47,984,11,5,0.998,0.9989837398373984
48,983,12,5,0.997,0.9984740590030519
49,983,12,5,0.997,0.9984740590030519
50,982,12,6,0.997,0.9984725050916496
51,982,12,6,0.997,0.9984725050916496
52,982,12,6,0.997,0.9984725050916496
53,982,11,7,0.997,0.9984725050916496
54,982,11,7,0.997,0.9984725050916496
55,982,9,9,0.999,0.9994908350305499
56,982,9,9,0.999,0.9994908350305499
57,982,9,9,0.999,0.9994908350305499
58,982,9,9,0.999,0.9994908350305499
59,982,9,9,0.999,0.9994908350305499
60,982,9,9,0.999,0.9994908350305499
61,982,9,9,0.999,0.9994908350305499
62,982,9,9,0.999,0.9994908350305499
63,982,9,9,0.999,0.9994908350305499
64,982,9,9,0.999,0.9994908350305499
65,982,9,9,0.999,0.9994908350305499
66,982,9,9,0.999,0.9994908350305499
67,982,9,9,0.999,0.9994908350305499
68,982,9,9,0.999,0.9994908350305499
69,982,8,10,0.9995,0.9997454175152749
70,981,8,11,1.0,1.0
71,981,8,11,1.0,1.0
72,980,8,12,1.0,1.0
73,979,9,12,0.9995,0.9997446373850868
74,979,8,13,0.9995,0.9997446373850868
75,979,8,13,0.9995,0.9997446373850868
76,978,9,13,0.9995,0.9997443762781186
77,978,9,13,0.9995,0.9997443762781186
78,978,9,13,0.9995,0.9997443762781186
79,978,9,13,0.9995,0.9997443762781186
80,978,9,13,0.9995,0.9997443762781186
81,978,9,13,0.9995,0.9997443762781186
82,978,8,14,0.9995,0.9997443762781186
83,978,8,14,0.9995,0.9997443762781186
84,978,8,14,0.9995,0.9997443762781186
85,978,8,14,0.9995,0.9997443762781186
86,978,8,14,0.9995,0.9997443762781186
87,978,8,14,0.9995,0.9997443762781186
88,977,9,14,0.9995,0.9997441146366428
89,977,8,15,0.9995,0.9997441146366428
90,977,8,15,0.9995,0.9997441146366428
91,977,8,15,0.9995,0.9997441146366428
92,977,8,15,0.9995,0.9997441146366428
93,977,8,15,0.9995,0.9997441146366428
94,976,9,15,0.999,0.9994877049180327
95,976,9,15,0.999,0.9994877049180327
96,976,9,15,0.999,0.9994877049180327
97,976,9,15,0.999,0.9994877049180327
98,976,9,15,0.999,0.9994877049180327
99,976,9,15,0.999,0.9994877049180327
100,976,9,15,0.999,0.9994877049180327
101,975,10,15,0.999,0.9994871794871795
102,975,9,16,0.999,0.9994871794871795
103,975,9,16,0.999,0.9994871794871795
104,975,9,16,0.999,0.9994871794871795
105,975,9,16,0.999,0.9994871794871795
106,975,9,16,0.999,0.9994871794871795
107,975,9,16,0.999,0.9994871794871795
108,975,9,16,0.999,0.9994871794871795
109,975,9,16,0.999,0.9994871794871795
110,975,9,16,0.999,0.9994871794871795
111,975,9,16,0.999,0.9994871794871795
112,974,10,16,0.9985,0.9992299794661191
113,974,10,16,0.9985,0.9992299794661191
114,973,11,16,0.998,0.998972250770812
115,972,12,16,0.998,0.9989711934156379
116,972,11,17,0.9985,0.9992283950617284
117,972,11,17,0.9985,0.9992283950617284
118,972,11,17,0.9985,0.9992283950617284
119,972,11,17,0.9985,0.9992283950617284
120,971,12,17,0.998,0.9989701338825953
121,971,11,18,0.9985,0.9992276004119465
122,970,12,18,0.998,0.9989690721649485
123,968,13,19,0.997,0.9984504132231405
124,967,13,20,0.9975,0.9987073422957601
125,967,13,20,0.9975,0.9987073422957601
126,966,14,20,0.998,0.9989648033126294
127,966,14,20,0.998,0.9989648033126294
128,966,13,21,0.9985,0.9992236024844721
129,966,12,22,0.9985,0.9992236024844721
130,966,12,22,0.9985,0.9992236024844721
131,966,12,22,0.9985,0.9992236024844721
132,966,11,23,0.999,0.9994824016563147
133,966,10,24,0.999,0.9994824016563147
134,965,11,24,0.998,0.9989637305699481
135,965,11,24,0.998,0.9989637305699481
136,965,11,24,0.998,0.9989637305699481
137,964,11,25,0.999,0.9994813278008299
138,964,11,25,0.999,0.9994813278008299
139,964,10,26,0.999,0.9994813278008299
140,964,10,26,0.999,0.9994813278008299
141,963,11,26,0.9985,0.9992211838006231
142,963,10,27,0.9985,0.9992211838006231
143,963,10,27,0.9985,0.9992211838006231
144,962,11,27,0.998,0.998960498960499
145,962,10,28,0.9985,0.9992203742203742
146,962,10,28,0.9985,0.9992203742203742
147,962,9,29,0.999,0.9994802494802495
148,962,8,30,0.999,0.9994802494802495
149,961,9,30,0.9995,0.9997398543184183
150,961,8,31,0.9995,0.9997398543184183
151,961,8,31,0.9995,0.9997398543184183
152,960,9,31,0.9995,0.9997395833333333
153,959,9,32,0.9995,0.9997393117831074
154,959,9,32,0.9995,0.9997393117831074
155,959,9,32,0.9995,0.9997393117831074
156,958,10,32,0.9995,0.9997390396659708
157,957,11,32,0.9995,0.9997387669801463
158,957,10,33,0.9995,0.9997387669801463
159,956,11,33,0.9995,0.9997384937238494
160,955,11,34,0.9995,0.999738219895288
161,955,11,34,0.9995,0.999738219895288
162,954,12,34,0.999,0.999475890985325
163,954,11,35,0.999,0.999475890985325
164,954,11,35,0.999,0.999475890985325
165,954,11,35,0.999,0.999475890985325
166,954,11,35,0.999,0.999475890985325
167,952,12,36,0.9995,0.9997373949579832
168,952,10,38,0.9995,0.9997373949579832
169,952,10,38,0.9995,0.9997373949579832
170,951,10,39,0.999,0.9994742376445847
171,950,10,40,0.9985,0.9992105263157894
172,950,10,40,0.9985,0.9992105263157894
173,949,10,41,0.9995,0.9997365648050579
174,949,9,42,1.0,1.0
175,949,7,44,1.0,1.0
176,949,7,44,1.0,1.0
177,949,6,45,1.0,1.0
178,949,6,45,1.0,1.0
179,949,5,46,1.0,1.0
180,949,5,46,1.0,1.0
181,949,4,47,1.0,1.0
182,949,4,47,1.0,1.0
183,948,5,47,0.9995,0.9997362869198312
184,947,5,48,0.999,0.9994720168954594
185,947,4,49,0.999,0.9994720168954594
186,947,4,49,0.999,0.9994720168954594
187,947,3,50,0.9995,0.9997360084477297
188,947,3,50,0.9995,0.9997360084477297
189,947,3,50,0.9995,0.9997360084477297
190,947,2,51,1.0,1.0
191,947,2,51,1.0,1.0
192,947,2,51,1.0,1.0
193,947,2,51,1.0,1.0
194,946,3,51,1.0,1.0
195,946,3,51,1.0,1.0
196,946,3,51,1.0,1.0
197,946,3,51,1.0,1.0
198,946,3,51,1.0,1.0
199,946,3,51,1.0,1.0
200,945,4,51,1.0,1.0
1,999,1,0,1.0,1.0
2,998,2,0,0.999,0.999498997995992
3,997,3,0,0.999,0.9994984954864594
4,997,3,0,0.999,0.9994984954864594
5,997,3,0,0.999,0.9994984954864594
6,997,3,0,0.999,0.9994984954864594
7,997,3,0,0.999,0.9994984954864594
8,997,3,0,0.999,0.9994984954864594
9,997,3,0,0.999,0.9994984954864594
10,996,3,1,0.9995,0.9997489959839357
11,996,3,1,0.9995,0.9997489959839357
12,996,3,1,0.9995,0.9997489959839357
13,996,3,1,0.9995,0.9997489959839357
14,995,4,1,0.999,0.9994974874371859
15,995,4,1,0.999,0.9994974874371859
16,995,4,1,0.999,0.9994974874371859
17,995,4,1,0.999,0.9994974874371859
18,995,3,2,0.9995,0.999748743718593
19,995,3,2,0.9995,0.999748743718593
20,995,3,2,0.9995,0.999748743718593
21,995,3,2,0.9995,0.999748743718593
22,995,3,2,0.9995,0.999748743718593
23,995,3,2,0.9995,0.999748743718593
24,994,4,2,0.9985,0.9992454728370221
25,994,4,2,0.9985,0.9992454728370221
26,994,3,3,0.999,0.9994969818913481
27,993,4,3,0.999,0.999496475327291
28,991,6,3,0.9995,0.9997477295660948
29,991,6,3,0.9995,0.9997477295660948
30,991,6,3,0.9995,0.9997477295660948
31,991,6,3,0.9995,0.9997477295660948
32,991,6,3,0.9995,0.9997477295660948
33,991,6,3,0.9995,0.9997477295660948
34,991,5,4,1.0,1.0
35,991,4,5,1.0,1.0
36,991,4,5,1.0,1.0
37,991,4,5,1.0,1.0
38,991,4,5,1.0,1.0
39,991,4,5,1.0,1.0
40,991,4,5,1.0,1.0
41,991,3,6,1.0,1.0
42,991,3,6,1.0,1.0
43,991,3,6,1.0,1.0
44,991,3,6,1.0,1.0
45,991,2,7,1.0,1.0
46,991,2,7,1.0,1.0
47,991,2,7,1.0,1.0
48,990,3,7,0.9995,0.9997474747474747
49,990,3,7,0.9995,0.9997474747474747
50,990,3,7,0.9995,0.9997474747474747
51,990,3,7,0.9995,0.9997474747474747
52,990,3,7,0.9995,0.9997474747474747
53,990,3,7,0.9995,0.9997474747474747
54,990,3,7,0.9995,0.9997474747474747
55,990,3,7,0.9995,0.9997474747474747
56,990,3,7,0.9995,0.9997474747474747
57,990,3,7,0.9995,0.9997474747474747
58,990,3,7,0.9995,0.9997474747474747
59,990,3,7,0.9995,0.9997474747474747
60,990,3,7,0.9995,0.9997474747474747
61,990,3,7,0.9995,0.9997474747474747
62,990,3,7,0.9995,0.9997474747474747
63,990,3,7,0.9995,0.9997474747474747
64,990,3,7,0.9995,0.9997474747474747
65,989,4,7,0.9995,0.999747219413549
66,989,4,7,0.9995,0.999747219413549
67,989,4,7,0.9995,0.999747219413549
68,989,4,7,0.9995,0.999747219413549
69,989,4,7,0.9995,0.999747219413549
70,989,4,7,0.9995,0.999747219413549
71,989,4,7,0.9995,0.999747219413549
72,989,4,7,0.9995,0.999747219413549
73,989,4,7,0.9995,0.999747219413549
74,989,4,7,0.9995,0.999747219413549
75,989,4,7,0.9995,0.999747219413549
76,989,4,7,0.9995,0.999747219413549
77,989,4,7,0.9995,0.999747219413549
78,989,3,8,1.0,1.0
79,989,3,8,1.0,1.0
80,989,3,8,1.0,1.0
81,989,3,8,1.0,1.0
82,989,3,8,1.0,1.0
83,989,3,8,1.0,1.0
84,989,3,8,1.0,1.0
85,989,3,8,1.0,1.0
86,989,3,8,1.0,1.0
87,989,3,8,1.0,1.0
88,989,3,8,1.0,1.0
89,989,3,8,1.0,1.0
90,989,3,8,1.0,1.0
91,989,2,9,1.0,1.0
92,989,1,10,1.0,1.0
93,989,1,10,1.0,1.0
94,989,1,10,1.0,1.0
95,989,1,10,1.0,1.0
96,989,1,10,1.0,1.0
97,989,1,10,1.0,1.0
98,989,1,10,1.0,1.0
99,989,1,10,1.0,1.0
100,989,1,10,1.0,1.0
101,989,1,10,1.0,1.0
102,989,1,10,1.0,1.0
103,989,1,10,1.0,1.0
104,989,1,10,1.0,1.0
105,989,1,10,1.0,1.0
106,989,1,10,1.0,1.0
107,989,1,10,1.0,1.0
108,989,1,10,1.0,1.0
109,989,1,10,1.0,1.0
110,989,0,11,1.0,1.0
111,989,0,11,1.0,1.0
112,989,0,11,1.0,1.0
113,989,0,11,1.0,1.0
114,989,0,11,1.0,1.0
115,989,0,11,1.0,1.0
116,989,0,11,1.0,1.0
117,989,0,11,1.0,1.0
118,989,0,11,1.0,1.0
119,989,0,11,1.0,1.0
120,989,0,11,1.0,1.0
121,989,0,11,1.0,1.0
122,989,0,11,1.0,1.0
123,989,0,11,1.0,1.0
124,989,0,11,1.0,1.0
125,989,0,11,1.0,1.0
126,989,0,11,1.0,1.0
127,989,0,11,1.0,1.0
128,989,0,11,1.0,1.0
129,989,0,11,1.0,1.0
130,989,0,11,1.0,1.0
131,989,0,11,1.0,1.0
132,989,0,11,1.0,1.0
133,989,0,11,1.0,1.0
134,989,0,11,1.0,1.0
135,989,0,11,1.0,1.0
136,989,0,11,1.0,1.0
137,989,0,11,1.0,1.0
138,989,0,11,1.0,1.0
139,989,0,11,1.0,1.0
140,989,0,11,1.0,1.0
141,989,0,11,1.0,1.0
142,989,0,11,1.0,1.0
143,989,0,11,1.0,1.0
144,989,0,11,1.0,1.0
145,989,0,11,1.0,1.0
146,989,0,11,1.0,1.0
147,989,0,11,1.0,1.0
148,989,0,11,1.0,1.0
149,989,0,11,1.0,1.0
150,989,0,11,1.0,1.0
151,989,0,11,1.0,1.0
152,989,0,11,1.0,1.0
153,989,0,11,1.0,1.0
154,989,0,11,1.0,1.0
155,989,0,11,1.0,1.0
156,989,0,11,1.0,1.0
157,989,0,11,1.0,1.0
158,989,0,11,1.0,1.0
159,989,0,11,1.0,1.0
160,989,0,11,1.0,1.0
161,989,0,11,1.0,1.0
162,989,0,11,1.0,1.0
163,989,0,11,1.0,1.0
164,989,0,11,1.0,1.0
165,989,0,11,1.0,1.0
166,989,0,11,1.0,1.0
167,989,0,11,1.0,1.0
168,989,0,11,1.0,1.0
169,989,0,11,1.0,1.0
170,989,0,11,1.0,1.0
171,989,0,11,1.0,1.0
172,989,0,11,1.0,1.0
173,989,0,11,1.0,1.0
174,989,0,11,1.0,1.0
175,989,0,11,1.0,1.0
176,989,0,11,1.0,1.0
177,989,0,11,1.0,1.0
178,989,0,11,1.0,1.0
179,989,0,11,1.0,1.0
180,989,0,11,1.0,1.0
181,989,0,11,1.0,1.0
182,989,0,11,1.0,1.0
183,989,0,11,1.0,1.0
184,989,0,11,1.0,1.0
185,989,0,11,1.0,1.0
186,989,0,11,1.0,1.0
187,989,0,11,1.0,1.0
188,989,0,11,1.0,1.0
189,989,0,11,1.0,1.0
190,989,0,11,1.0,1.0
191,989,0,11,1.0,1.0
192,989,0,11,1.0,1.0
193,989,0,11,1.0,1.0
194,989,0,11,1.0,1.0
195,989,0,11,1.0,1.0
196,989,0,11,1.0,1.0
197,989,0,11,1.0,1.0
198,989,0,11,1.0,1.0
199,989,0,11,1.0,1.0
200,989,0,11,1.0,1.0
1,998,2,0,0.999,0.999498997995992
2,998,2,0,0.999,0.999498997995992
3,998,2,0,0.999,0.999498997995992
4,998,2,0,0.999,0.999498997995992
5,998,2,0,0.999,0.999498997995992
6,998,2,0,0.999,0.999498997995992
7,997,2,1,0.9995,0.9997492477432297
8,997,2,1,0.9995,0.9997492477432297
9,997,2,1,0.9995,0.9997492477432297
10,997,2,1,0.9995,0.9997492477432297
11,997,2,1,0.9995,0.9997492477432297
12,997,2,1,0.9995,0.9997492477432297
13,997,2,1,0.9995,0.9997492477432297
14,997,2,1,0.9995,0.9997492477432297
15,997,2,1,0.9995,0.9997492477432297
16,997,2,1,0.9995,0.9997492477432297
17,997,2,1,0.9995,0.9997492477432297
18,996,2,2,0.9995,0.9997489959839357
19,996,2,2,0.9995,0.9997489959839357
20,996,2,2,0.9995,0.9997489959839357
21,996,2,2,0.9995,0.9997489959839357
22,996,2,2,0.9995,0.9997489959839357
23,996,1,3,1.0,1.0
24,996,1,3,1.0,1.0
25,996,1,3,1.0,1.0
26,996,1,3,1.0,1.0
27,996,1,3,1.0,1.0
28,996,1,3,1.0,1.0
29,996,1,3,1.0,1.0
30,996,1,3,1.0,1.0
31,996,1,3,1.0,1.0
32,996,1,3,1.0,1.0
33,996,1,3,1.0,1.0
34,996,1,3,1.0,1.0
35,995,2,3,1.0,1.0
36,994,3,3,0.9995,0.9997484909456741
37,993,4,3,0.9995,0.9997482376636455
38,992,5,3,0.9995,0.9997479838709677
39,992,5,3,0.9995,0.9997479838709677
40,992,5,3,0.9995,0.9997479838709677
41,992,5,3,0.9995,0.9997479838709677
42,991,6,3,0.9995,0.9997477295660948
43,991,6,3,0.9995,0.9997477295660948
44,989,8,3,0.9995,0.999747219413549
45,989,8,3,0.9995,0.999747219413549
46,989,7,4,0.9995,0.999747219413549
47,988,8,4,0.999,0.9994939271255061
48,986,9,5,0.9985,0.9992393509127789
49,984,11,5,0.9975,0.998729674796748
50,984,11,5,0.9975,0.998729674796748
51,984,10,6,0.9975,0.998729674796748
52,984,9,7,0.9985,0.9992378048780488
53,983,9,8,0.9985,0.9992370295015259
54,982,10,8,0.998,0.9989816700610998
55,981,11,8,0.9975,0.9987257900101937
56,981,11,8,0.9975,0.9987257900101937
57,981,11,8,0.9975,0.9987257900101937
58,981,10,9,0.998,0.9989806320081549
59,979,12,9,0.998,0.9989785495403473
60,979,12,9,0.998,0.9989785495403473
61,979,11,10,0.998,0.9989785495403473
62,979,10,11,0.9985,0.9992339121552605
63,978,11,11,0.9985,0.9992331288343558
64,978,11,11,0.9985,0.9992331288343558
65,978,10,12,0.9985,0.9992331288343558
66,977,11,12,0.998,0.9989764585465711
67,976,12,12,0.997,0.9984631147540983
68,976,11,13,0.997,0.9984631147540983
69,975,10,15,0.9985,0.9992307692307693
70,975,9,16,0.9985,0.9992307692307693
71,975,9,16,0.9985,0.9992307692307693
72,975,9,16,0.9985,0.9992307692307693
73,975,9,16,0.9985,0.9992307692307693
74,975,9,16,0.9985,0.9992307692307693
75,975,8,17,0.9985,0.9992307692307693
76,974,9,17,0.9985,0.9992299794661191
77,974,9,17,0.9985,0.9992299794661191
78,974,9,17,0.9985,0.9992299794661191
79,974,8,18,0.999,0.9994866529774127
80,973,8,19,1.0,1.0
81,973,8,19,1.0,1.0
82,973,8,19,1.0,1.0
83,973,8,19,1.0,1.0
84,973,8,19,1.0,1.0
85,973,8,19,1.0,1.0
86,973,8,19,1.0,1.0
87,973,7,20,1.0,1.0
88,973,7,20,1.0,1.0
89,973,7,20,1.0,1.0
90,973,7,20,1.0,1.0
91,973,7,20,1.0,1.0
92,973,7,20,1.0,1.0
93,973,7,20,1.0,1.0
94,973,7,20,1.0,1.0
95,972,8,20,0.9995,0.9997427983539094
96,972,7,21,1.0,1.0
97,972,7,21,1.0,1.0
98,972,7,21,1.0,1.0
99,972,6,22,1.0,1.0
100,972,5,23,1.0,1.0
101,972,5,23,1.0,1.0
102,972,5,23,1.0,1.0
103,972,5,23,1.0,1.0
104,972,4,24,1.0,1.0
105,972,4,24,1.0,1.0
106,971,5,24,1.0,1.0
107,971,4,25,1.0,1.0
108,971,4,25,1.0,1.0
109,971,4,25,1.0,1.0
110,971,4,25,1.0,1.0
111,971,4,25,1.0,1.0
112,971,4,25,1.0,1.0
113,971,4,25,1.0,1.0
114,971,4,25,1.0,1.0
115,971,4,25,1.0,1.0
116,971,4,25,1.0,1.0
117,971,4,25,1.0,1.0
118,971,4,25,1.0,1.0
119,971,4,25,1.0,1.0
120,971,4,25,1.0,1.0
121,971,4,25,1.0,1.0
122,971,4,25,1.0,1.0
123,971,3,26,1.0,1.0
124,971,3,26,1.0,1.0
125,971,3,26,1.0,1.0
126,971,3,26,1.0,1.0
127,971,2,27,1.0,1.0
128,971,2,27,1.0,1.0
129,971,2,27,1.0,1.0
130,971,2,27,1.0,1.0
131,971,2,27,1.0,1.0
132,971,2,27,1.0,1.0
133,971,2,27,1.0,1.0
134,971,2,27,1.0,1.0
135,971,2,27,1.0,1.0
136,971,2,27,1.0,1.0
137,971,2,27,1.0,1.0
138,971,2,27,1.0,1.0
139,971,2,27,1.0,1.0
140,971,2,27,1.0,1.0
141,971,2,27,1.0,1.0
142,971,2,27,1.0,1.0
143,971,1,28,1.0,1.0
144,971,1,28,1.0,1.0
145,971,1,28,1.0,1.0
146,971,1,28,1.0,1.0
147,971,1,28,1.0,1.0
148,971,1,28,1.0,1.0
149,971,1,28,1.0,1.0
150,971,1,28,1.0,1.0
151,971,1,28,1.0,1.0
152,971,1,28,1.0,1.0
153,971,1,28,1.0,1.0
154,971,1,28,1.0,1.0
155,971,1,28,1.0,1.0
156,971,1,28,1.0,1.0
157,971,1,28,1.0,1.0
158,971,1,28,1.0,1.0
159,971,1,28,1.0,1.0
160,971,1,28,1.0,1.0
161,971,1,28,1.0,1.0
162,971,1,28,1.0,1.0
163,971,1,28,1.0,1.0
164,971,0,29,1.0,1.0
165,971,0,29,1.0,1.0
166,971,0,29,1.0,1.0
167,971,0,29,1.0,1.0
168,971,0,29,1.0,1.0
169,971,0,29,1.0,1.0
170,971,0,29,1.0,1.0
171,971,0,29,1.0,1.0
172,971,0,29,1.0,1.0
173,971,0,29,1.0,1.0
174,971,0,29,1.0,1.0
175,971,0,29,1.0,1.0
176,971,0,29,1.0,1.0
177,971,0,29,1.0,1.0
178,971,0,29,1.0,1.0
179,971,0,29,1.0,1.0
180,971,0,29,1.0,1.0
181,971,0,29,1.0,1.0
182,971,0,29,1.0,1.0
183,971,0,29,1.0,1.0
184,971,0,29,1.0,1.0
185,971,0,29,1.0,1.0
186,971,0,29,1.0,1.0
187,971,0,29,1.0,1.0
188,971,0,29,1.0,1.0
189,971,0,29,1.0,1.0
190,971,0,29,1.0,1.0
191,971,0,29,1.0,1.0
192,971,0,29,1.0,1.0
193,971,0,29,1.0,1.0
194,971,0,29,1.0,1.0
195,971,0,29,1.0,1.0
196,971,0,29,1.0,1.0
197,971,0,29,1.0,1.0
198,971,0,29,1.0,1.0
199,971,0,29,1.0,1.0
200,971,0,29,1.0,1.0
1,999,1,0,1.0,1.0
2,999,1,0,1.0,1.0
3,999,1,0,1.0,1.0
4,999,1,0,1.0,1.0
5,999,1,0,1.0,1.0
6,998,2,0,0.999,0.999498997995992
7,997,3,0,0.9985,0.9992477432296891
8,997,3,0,0.9985,0.9992477432296891
9,997,3,0,0.9985,0.9992477432296891
10,997,3,0,0.9985,0.9992477432296891
11,995,4,1,0.9985,0.9992462311557789
12,994,5,1,0.998,0.9989939637826962
13,994,5,1,0.998,0.9989939637826962
14,994,5,1,0.998,0.9989939637826962
15,993,5,2,0.9985,0.9992447129909365
16,993,5,2,0.9985,0.9992447129909365
17,993,5,2,0.9985,0.9992447129909365
18,993,5,2,0.9985,0.9992447129909365
19,992,6,2,0.9995,0.9997479838709677
20,992,6,2,0.9995,0.9997479838709677
21,992,6,2,0.9995,0.9997479838709677
22,992,6,2,0.9995,0.9997479838709677
23,992,5,3,0.9995,0.9997479838709677
24,992,5,3,0.9995,0.9997479838709677
25,991,6,3,0.9995,0.9997477295660948
26,990,7,3,0.9995,0.9997474747474747
27,990,6,4,0.9995,0.9997474747474747
28,990,5,5,0.9995,0.9997474747474747
29,990,4,6,1.0,1.0
30,990,4,6,1.0,1.0
31,990,4,6,1.0,1.0
32,990,4,6,1.0,1.0
33,989,5,6,1.0,1.0
34,989,4,7,1.0,1.0
35,989,4,7,1.0,1.0
36,989,4,7,1.0,1.0
37,989,4,7,1.0,1.0
38,989,4,7,1.0,1.0
39,989,3,8,1.0,1.0
40,989,3,8,1.0,1.0
41,989,3,8,1.0,1.0
42,989,3,8,1.0,1.0
43,989,3,8,1.0,1.0
44,989,3,8,1.0,1.0
45,989,3,8,1.0,1.0
46,989,3,8,1.0,1.0
47,989,3,8,1.0,1.0
48,989,2,9,1.0,1.0
49,989,2,9,1.0,1.0
50,989,2,9,1.0,1.0
51,989,2,9,1.0,1.0
52,989,2,9,1.0,1.0
53,989,2,9,1.0,1.0
54,989,2,9,1.0,1.0
55,989,2,9,1.0,1.0
56,989,2,9,1.0,1.0
57,989,2,9,1.0,1.0
58,989,2,9,1.0,1.0
59,989,2,9,1.0,1.0
60,989,1,10,1.0,1.0
61,989,1,10,1.0,1.0
62,989,1,10,1.0,1.0
63,989,1,10,1.0,1.0
64,989,1,10,1.0,1.0
65,989,1,10,1.0,1.0
66,989,1,10,1.0,1.0
67,989,1,10,1.0,1.0
68,989,1,10,1.0,1.0
69,989,1,10,1.0,1.0
70,989,0,11,1.0,1.0
71,989,0,11,1.0,1.0
72,989,0,11,1.0,1.0
73,989,0,11,1.0,1.0
74,989,0,11,1.0,1.0
75,989,0,11,1.0,1.0
76,989,0,11,1.0,1.0
77,989,0,11,1.0,1.0
78,989,0,11,1.0,1.0
79,989,0,11,1.0,1.0
80,989,0,11,1.0,1.0
81,989,0,11,1.0,1.0
82,989,0,11,1.0,1.0
83,989,0,11,1.0,1.0
84,989,0,11,1.0,1.0
85,989,0,11,1.0,1.0
86,989,0,11,1.0,1.0
87,989,0,11,1.0,1.0
88,989,0,11,1.0,1.0
89,989,0,11,1.0,1.0
90,989,0,11,1.0,1.0
91,989,0,11,1.0,1.0
92,989,0,11,1.0,1.0
93,989,0,11,1.0,1.0
94,989,0,11,1.0,1.0
95,989,0,11,1.0,1.0
96,989,0,11,1.0,1.0
97,989,0,11,1.0,1.0
98,989,0,11,1.0,1.0
99,989,0,11,1.0,1.0
100,989,0,11,1.0,1.0
101,989,0,11,1.0,1.0
102,989,0,11,1.0,1.0
103,989,0,11,1.0,1.0
104,989,0,11,1.0,1.0
105,989,0,11,1.0,1.0
106,989,0,11,1.0,1.0
107,989,0,11,1.0,1.0
108,989,0,11,1.0,1.0
109,989,0,11,1.0,1.0
110,989,0,11,1.0,1.0
111,989,0,11,1.0,1.0
112,989,0,11,1.0,1.0
113,989,0,11,1.0,1.0
114,989,0,11,1.0,1.0
115,989,0,11,1.0,1.0
116,989,0,11,1.0,1.0
117,989,0,11,1.0,1.0
118,989,0,11,1.0,1.0
119,989,0,11,1.0,1.0
120,989,0,11,1.0,1.0
121,989,0,11,1.0,1.0
122,989,0,11,1.0,1.0
123,989,0,11,1.0,1.0
124,989,0,11,1.0,1.0
125,989,0,11,1.0,1.0
126,989,0,11,1.0,1.0
127,989,0,11,1.0,1.0
128,989,0,11,1.0,1.0
129,989,0,11,1.0,1.0
130,989,0,11,1.0,1.0
131,989,0,11,1.0,1.0
132,989,0,11,1.0,1.0
133,989,0,11,1.0,1.0
134,989,0,11,1.0,1.0
135,989,0,11,1.0,1.0
136,989,0,11,1.0,1.0
137,989,0,11,1.0,1.0
138,989,0,11,1.0,1.0
139,989,0,11,1.0,1.0
140,989,0,11,1.0,1.0
141,989,0,11,1.0,1.0
142,989,0,11,1.0,1.0
143,989,0,11,1.0,1.0
144,989,0,11,1.0,1.0
145,989,0,11,1.0,1.0
146,989,0,11,1.0,1.0
147,989,0,11,1.0,1.0
148,989,0,11,1.0,1.0
149,989,0,11,1.0,1.0
150,989,0,11,1.0,1.0
151,989,0,11,1.0,1.0
152,989,0,11,1.0,1.0
153,989,0,11,1.0,1.0
154,989,0,11,1.0,1.0
155,989,0,11,1.0,1.0
156,989,0,11,1.0,1.0
157,989,0,11,1.0,1.0
158,989,0,11,1.0,1.0
159,989,0,11,1.0,1.0
160,989,0,11,1.0,1.0
161,989,0,11,1.0,1.0
162,989,0,11,1.0,1.0
163,989,0,11,1.0,1.0
164,989,0,11,1.0,1.0
165,989,0,11,1.0,1.0
166,989,0,11,1.0,1.0
167,989,0,11,1.0,1.0
168,989,0,11,1.0,1.0
169,989,0,11,1.0,1.0
170,989,0,11,1.0,1.0
171,989,0,11,1.0,1.0
172,989,0,11,1.0,1.0
173,989,0,11,1.0,1.0
174,989,0,11,1.0,1.0
175,989,0,11,1.0,1.0
176,989,0,11,1.0,1.0
177,989,0,11,1.0,1.0
178,989,0,11,1.0,1.0
179,989,0,11,1.0,1.0
180,989,0,11,1.0,1.0
181,989,0,11,1.0,1.0
182,989,0,11,1.0,1.0
183,989,0,11,1.0,1.0
184,989,0,11,1.0,1.0
185,989,0,11,1.0,1.0
186,989,0,11,1.0,1.0
187,989,0,11,1.0,1.0
188,989,0,11,1.0,1.0
189,989,0,11,1.0,1.0
190,989,0,11,1.0,1.0
191,989,0,11,1.0,1.0
192,989,0,11,1.0,1.0
193,989,0,11,1.0,1.0
194,989,0,11,1.0,1.0
195,989,0,11,1.0,1.0
196,989,0,11,1.0,1.0
197,989,0,11,1.0,1.0
198,989,0,11,1.0,1.0
199,989,0,11,1.0,1.0
200,989,0,11,1.0,1.0
1,999,1,0,1.0,1.0
2,999,1,0,1.0,1.0
3,999,0,1,1.0,1.0
4,999,0,1,1.0,1.0
5,999,0,1,1.0,1.0
6,999,0,1,1.0,1.0
7,999,0,1,1.0,1.0
8,999,0,1,1.0,1.0
9,999,0,1,1.0,1.0
10,999,0,1,1.0,1.0
11,999,0,1,1.0,1.0
12,999,0,1,1.0,1.0
13,999,0,1,1.0,1.0
14,999,0,1,1.0,1.0
15,999,0,1,1.0,1.0
16,999,0,1,1.0,1.0
17,999,0,1,1.0,1.0
18,999,0,1,1.0,1.0
19,999,0,1,1.0,1.0
20,999,0,1,1.0,1.0
21,999,0,1,1.0,1.0
22,999,0,1,1.0,1.0
23,999,0,1,1.0,1.0
24,999,0,1,1.0,1.0
25,999,0,1,1.0,1.0
26,999,0,1,1.0,1.0
27,999,0,1,1.0,1.0
28,999,0,1,1.0,1.0
29,999,0,1,1.0,1.0
30,999,0,1,1.0,1.0
31,999,0,1,1.0,1.0
32,999,0,1,1.0,1.0
33,999,0,1,1.0,1.0
34,999,0,1,1.0,1.0
35,999,0,1,1.0,1.0
36,999,0,1,1.0,1.0
37,999,0,1,1.0,1.0
38,999,0,1,1.0,1.0
39,999,0,1,1.0,1.0
40,999,0,1,1.0,1.0
41,999,0,1,1.0,1.0
42,999,0,1,1.0,1.0
43,999,0,1,1.0,1.0
44,999,0,1,1.0,1.0
45,999,0,1,1.0,1.0
46,999,0,1,1.0,1.0
47,999,0,1,1.0,1.0
48,999,0,1,1.0,1.0
49,999,0,1,1.0,1.0
50,999,0,1,1.0,1.0
51,999,0,1,1.0,1.0
52,999,0,1,1.0,1.0
53,999,0,1,1.0,1.0
54,999,0,1,1.0,1.0
55,999,0,1,1.0,1.0
56,999,0,1,1.0,1.0
57,999,0,1,1.0,1.0
58,999,0,1,1.0,1.0
59,999,0,1,1.0,1.0
60,999,0,1,1.0,1.0
61,999,0,1,1.0,1.0
62,999,0,1,1.0,1.0
63,999,0,1,1.0,1.0
64,999,0,1,1.0,1.0
65,999,0,1,1.0,1.0
66,999,0,1,1.0,1.0
67,999,0,1,1.0,1.0
68,999,0,1,1.0,1.0
69,999,0,1,1.0,1.0
70,999,0,1,1.0,1.0
71,999,0,1,1.0,1.0
72,999,0,1,1.0,1.0
73,999,0,1,1.0,1.0
74,999,0,1,1.0,1.0
75,999,0,1,1.0,1.0
76,999,0,1,1.0,1.0
77,999,0,1,1.0,1.0
78,999,0,1,1.0,1.0
79,999,0,1,1.0,1.0
80,999,0,1,1.0,1.0
81,999,0,1,1.0,1.0
82,999,0,1,1.0,1.0
83,999,0,1,1.0,1.0
84,999,0,1,1.0,1.0
85,999,0,1,1.0,1.0
86,999,0,1,1.0,1.0
87,999,0,1,1.0,1.0
88,999,0,1,1.0,1.0
89,999,0,1,1.0,1.0
90,999,0,1,1.0,1.0
91,999,0,1,1.0,1.0
92,999,0,1,1.0,1.0
93,999,0,1,1.0,1.0
94,999,0,1,1.0,1.0
95,999,0,1,1.0,1.0
96,999,0,1,1.0,1.0
97,999,0,1,1.0,1.0
98,999,0,1,1.0,1.0
99,999,0,1,1.0,1.0
100,999,0,1,1.0,1.0
101,999,0,1,1.0,1.0
102,999,0,1,1.0,1.0
103,999,0,1,1.0,1.0
104,999,0,1,1.0,1.0
105,999,0,1,1.0,1.0
106,999,0,1,1.0,1.0
107,999,0,1,1.0,1.0
108,999,0,1,1.0,1.0
109,999,0,1,1.0,1.0
110,999,0,1,1.0,1.0
111,999,0,1,1.0,1.0
112,999,0,1,1.0,1.0
113,999,0,1,1.0,1.0
114,999,0,1,1.0,1.0
115,999,0,1,1.0,1.0
116,999,0,1,1.0,1.0
117,999,0,1,1.0,1.0
118,999,0,1,1.0,1.0
119,999,0,1,1.0,1.0
120,999,0,1,1.0,1.0
121,999,0,1,1.0,1.0
122,999,0,1,1.0,1.0
123,999,0,1,1.0,1.0
124,999,0,1,1.0,1.0
125,999,0,1,1.0,1.0
126,999,0,1,1.0,1.0
127,999,0,1,1.0,1.0
128,999,0,1,1.0,1.0
129,999,0,1,1.0,1.0
130,999,0,1,1.0,1.0
131,999,0,1,1.0,1.0
132,999,0,1,1.0,1.0
133,999,0,1,1.0,1.0
134,999,0,1,1.0,1.0
135,999,0,1,1.0,1.0
136,999,0,1,1.0,1.0
137,999,0,1,1.0,1.0
138,999,0,1,1.0,1.0
139,999,0,1,1.0,1.0
140,999,0,1,1.0,1.0
141,999,0,1,1.0,1.0
142,999,0,1,1.0,1.0
143,999,0,1,1.0,1.0
144,999,0,1,1.0,1.0
145,999,0,1,1.0,1.0
146,999,0,1,1.0,1.0
147,999,0,1,1.0,1.0
148,999,0,1,1.0,1.0
149,999,0,1,1.0,1.0
150,999,0,1,1.0,1.0
151,999,0,1,1.0,1.0
152,999,0,1,1.0,1.0
153,999,0,1,1.0,1.0
154,999,0,1,1.0,1.0
155,999,0,1,1.0,1.0
156,999,0,1,1.0,1.0
157,999,0,1,1.0,1.0
158,999,0,1,1.0,1.0
159,999,0,1,1.0,1.0
160,999,0,1,1.0,1.0
161,999,0,1,1.0,1.0
162,999,0,1,1.0,1.0
163,999,0,1,1.0,1.0
164,999,0,1,1.0,1.0
165,999,0,1,1.0,1.0
166,999,0,1,1.0,1.0
167,999,0,1,1.0,1.0
168,999,0,1,1.0,1.0
169,999,0,1,1.0,1.0
170,999,0,1,1.0,1.0
171,999,0,1,1.0,1.0
172,999,0,1,1.0,1.0
173,999,0,1,1.0,1.0
174,999,0,1,1.0,1.0
175,999,0,1,1.0,1.0
176,999,0,1,1.0,1.0
177,999,0,1,1.0,1.0
178,999,0,1,1.0,1.0
179,999,0,1,1.0,1.0
180,999,0,1,1.0,1.0
181,999,0,1,1.0,1.0
182,999,0,1,1.0,1.0
183,999,0,1,1.0,1.0
184,999,0,1,1.0,1.0
185,999,0,1,1.0,1.0
186,999,0,1,1.0,1.0
187,999,0,1,1.0,1.0
188,999,0,1,1.0,1.0
189,999,0,1,1.0,1.0
190,999,0,1,1.0,1.0
191,999,0,1,1.0,1.0
192,999,0,1,1.0,1.0
193,999,0,1,1.0,1.0
194,999,0,1,1.0,1.0
195,999,0,1,1.0,1.0
196,999,0,1,1.0,1.0
197,999,0,1,1.0,1.0
198,999,0,1,1.0,1.0
199,999,0,1,1.0,1.0
200,999,0,1,1.0,1.0
1,999,1,0,1.0,1.0
2,998,2,0,0.999,0.999498997995992
3,998,2,0,0.999,0.999498997995992
4,998,2,0,0.999,0.999498997995992
5,998,1,1,1.0,1.0
6,997,2,1,1.0,1.0
7,997,2,1,1.0,1.0
8,996,3,1,0.9995,0.9997489959839357
9,996,3,1,0.9995,0.9997489959839357
10,996,3,1,0.9995,0.9997489959839357
11,996,3,1,0.9995,0.9997489959839357
12,995,4,1,0.999,0.9994974874371859
13,995,4,1,0.999,0.9994974874371859
14,995,4,1,0.999,0.9994974874371859
15,995,4,1,0.999,0.9994974874371859
16,994,3,3,1.0,1.0
17,994,3,3,1.0,1.0
18,994,3,3,1.0,1.0
19,993,4,3,1.0,1.0
20,993,4,3,1.0,1.0
21,993,4,3,1.0,1.0
22,993,4,3,1.0,1.0
23,992,4,4,0.9995,0.9997479838709677
24,992,4,4,0.9995,0.9997479838709677
25,992,4,4,0.9995,0.9997479838709677
26,992,3,5,1.0,1.0
27,992,3,5,1.0,1.0
28,992,3,5,1.0,1.0
29,992,3,5,1.0,1.0
30,992,3,5,1.0,1.0
31,992,3,5,1.0,1.0
32,992,3,5,1.0,1.0
33,992,3,5,1.0,1.0
34,991,4,5,0.9995,0.9997477295660948
35,991,4,5,0.9995,0.9997477295660948
36,991,4,5,0.9995,0.9997477295660948
37,991,4,5,0.9995,0.9997477295660948
38,991,4,5,0.9995,0.9997477295660948
39,991,4,5,0.9995,0.9997477295660948
40,990,5,5,0.9995,0.9997474747474747
41,990,5,5,0.9995,0.9997474747474747
42,990,4,6,1.0,1.0
43,989,4,7,0.9995,0.999747219413549
44,988,5,7,0.999,0.9994939271255061
45,988,5,7,0.999,0.9994939271255061
46,988,3,9,1.0,1.0
47,987,4,9,0.999,0.9994934143870314
48,987,4,9,0.999,0.9994934143870314
49,987,4,9,0.999,0.9994934143870314
50,987,4,9,0.999,0.9994934143870314
51,986,5,9,0.9985,0.9992393509127789
52,984,7,9,0.999,0.9994918699186992
53,984,7,9,0.999,0.9994918699186992
54,984,7,9,0.999,0.9994918699186992
55,982,9,9,0.999,0.9994908350305499
56,982,8,10,0.9995,0.9997454175152749
57,982,8,10,0.9995,0.9997454175152749
58,982,7,11,1.0,1.0
59,981,8,11,1.0,1.0
60,981,8,11,1.0,1.0
61,981,8,11,1.0,1.0
62,980,9,11,0.9995,0.9997448979591836
63,980,8,12,0.9995,0.9997448979591836
64,980,8,12,0.9995,0.9997448979591836
65,980,8,12,0.9995,0.9997448979591836
66,980,8,12,0.9995,0.9997448979591836
67,980,8,12,0.9995,0.9997448979591836
68,980,8,12,0.9995,0.9997448979591836
69,979,8,13,0.9995,0.9997446373850868
70,979,7,14,0.9995,0.9997446373850868
71,979,7,14,0.9995,0.9997446373850868
72,979,7,14,0.9995,0.9997446373850868
73,979,7,14,0.9995,0.9997446373850868
74,979,7,14,0.9995,0.9997446373850868
75,979,7,14,0.9995,0.9997446373850868
76,979,7,14,0.9995,0.9997446373850868
77,978,8,14,0.9995,0.9997443762781186
78,978,8,14,0.9995,0.9997443762781186
79,978,8,14,0.9995,0.9997443762781186
80,977,9,14,0.9995,0.9997441146366428
81,977,8,15,0.9995,0.9997441146366428
82,976,8,16,0.9995,0.9997438524590164
83,976,7,17,0.9995,0.9997438524590164
84,976,7,17,0.9995,0.9997438524590164
85,975,8,17,1.0,1.0
86,975,8,17,1.0,1.0
87,975,7,18,1.0,1.0
88,975,7,18,1.0,1.0
89,975,6,19,1.0,1.0
90,975,6,19,1.0,1.0
91,975,6,19,1.0,1.0
92,975,5,20,1.0,1.0
93,975,5,20,1.0,1.0
94,975,5,20,1.0,1.0
95,975,5,20,1.0,1.0
96,975,5,20,1.0,1.0
97,975,5,20,1.0,1.0
98,975,5,20,1.0,1.0
99,975,5,20,1.0,1.0
100,975,4,21,1.0,1.0
101,975,4,21,1.0,1.0
102,975,4,21,1.0,1.0
103,975,4,21,1.0,1.0
104,975,4,21,1.0,1.0
105,975,4,21,1.0,1.0
106,975,4,21,1.0,1.0
107,975,4,21,1.0,1.0
108,975,4,21,1.0,1.0
109,975,4,21,1.0,1.0
110,975,4,21,1.0,1.0
111,975,4,21,1.0,1.0
112,975,4,21,1.0,1.0
113,975,4,21,1.0,1.0
114,975,4,21,1.0,1.0
115,975,4,21,1.0,1.0
116,975,4,21,1.0,1.0
117,975,4,21,1.0,1.0
118,975,4,21,1.0,1.0
119,975,4,21,1.0,1.0
120,975,4,21,1.0,1.0
121,975,4,21,1.0,1.0
122,975,4,21,1.0,1.0
123,975,3,22,1.0,1.0
124,975,3,22,1.0,1.0
125,975,3,22,1.0,1.0
126,975,3,22,1.0,1.0
127,975,3,22,1.0,1.0
128,975,3,22,1.0,1.0
129,975,3,22,1.0,1.0
130,975,3,22,1.0,1.0
131,975,3,22,1.0,1.0
132,975,3,22,1.0,1.0
133,975,3,22,1.0,1.0
134,975,3,22,1.0,1.0
135,975,3,22,1.0,1.0
136,975,3,22,1.0,1.0
137,975,3,22,1.0,1.0
138,975,3,22,1.0,1.0
139,975,3,22,1.0,1.0
140,975,3,22,1.0,1.0
141,975,3,22,1.0,1.0
142,975,2,23,1.0,1.0
143,975,2,23,1.0,1.0
144,975,2,23,1.0,1.0
145,975,2,23,1.0,1.0
146,975,2,23,1.0,1.0
147,975,1,24,1.0,1.0
148,975,1,24,1.0,1.0
149,975,1,24,1.0,1.0
150,975,1,24,1.0,1.0
151,975,1,24,1.0,1.0
152,975,1,24,1.0,1.0
153,975,1,24,1.0,1.0
154,975,1,24,1.0,1.0
155,975,1,24,1.0,1.0
156,975,1,24,1.0,1.0
157,975,1,24,1.0,1.0
158,975,1,24,1.0,1.0
159,975,1,24,1.0,1.0
160,975,1,24,1.0,1.0
161,975,1,24,1.0,1.0
162,975,1,24,1.0,1.0
163,975,1,24,1.0,1.0
164,975,1,24,1.0,1.0
165,975,1,24,1.0,1.0
166,975,1,24,1.0,1.0
167,975,1,24,1.0,1.0
168,975,1,24,1.0,1.0
169,975,1,24,1.0,1.0
170,975,1,24,1.0,1.0
171,975,1,24,1.0,1.0
172,975,1,24,1.0,1.0
173,975,1,24,1.0,1.0
174,975,1,24,1.0,1.0
175,975,1,24,1.0,1.0
176,975,1,24,1.0,1.0
177,975,1,24,1.0,1.0
178,975,1,24,1.0,1.0
179,975,1,24,1.0,1.0
180,975,1,24,1.0,1.0
181,975,1,24,1.0,1.0
182,975,1,24,1.0,1.0
183,975,1,24,1.0,1.0
184,975,1,24,1.0,1.0
185,975,1,24,1.0,1.0
186,975,1,24,1.0,1.0
187,975,1,24,1.0,1.0
188,975,1,24,1.0,1.0
189,975,1,24,1.0,1.0
190,975,1,24,1.0,1.0
191,975,1,24,1.0,1.0
192,975,1,24,1.0,1.0
193,975,1,24,1.0,1.0
194,975,1,24,1.0,1.0
195,975,1,24,1.0,1.0
196,975,1,24,1.0,1.0
197,975,1,24,1.0,1.0
198,975,1,24,1.0,1.0
199,975,1,24,1.0,1.0
200,975,1,24,1.0,1.0
1,999,1,0,1.0,1.0
2,999,1,0,1.0,1.0
3,999,1,0,1.0,1.0
4,999,1,0,1.0,1.0
5,999,1,0,1.0,1.0
6,999,1,0,1.0,1.0
7,999,1,0,1.0,1.0
8,999,1,0,1.0,1.0
9,999,1,0,1.0,1.0
10,999,1,0,1.0,1.0
11,999,1,0,1.0,1.0
12,999,1,0,1.0,1.0
13,999,1,0,1.0,1.0
14,998,2,0,0.999,0.999498997995992
15,998,2,0,0.999,0.999498997995992
16,998,2,0,0.999,0.999498997995992
17,997,3,0,0.9985,0.9992477432296891
18,996,3,1,0.9995,0.9997489959839357
19,996,3,1,0.9995,0.9997489959839357
20,995,4,1,0.999,0.9994974874371859
21,995,4,1,0.999,0.9994974874371859
22,995,4,1,0.999,0.9994974874371859
23,994,5,1,0.999,0.9994969818913481
24,994,5,1,0.999,0.9994969818913481
25,992,7,1,0.998,0.998991935483871
26,992,7,1,0.998,0.998991935483871
27,992,7,1,0.998,0.998991935483871
28,991,7,2,0.9985,0.9992431886982845
29,991,7,2,0.9985,0.9992431886982845
30,991,7,2,0.9985,0.9992431886982845
31,991,7,2,0.9985,0.9992431886982845
32,990,8,2,0.998,0.998989898989899
33,990,8,2,0.998,0.998989898989899
34,989,9,2,0.9975,0.9987360970677452
35,989,9,2,0.9975,0.9987360970677452
36,988,10,2,0.9975,0.9987348178137652
37,987,11,2,0.9975,0.9987335359675785
38,986,12,2,0.998,0.9989858012170385
39,986,12,2,0.998,0.9989858012170385
40,986,12,2,0.998,0.9989858012170385
41,986,12,2,0.998,0.9989858012170385
42,986,11,3,0.9985,0.9992393509127789
43,985,12,3,0.998,0.9989847715736041
44,985,12,3,0.998,0.9989847715736041
45,985,11,4,0.9985,0.999238578680203
46,985,11,4,0.9985,0.999238578680203
47,985,11,4,0.9985,0.999238578680203
48,983,11,6,0.9975,0.9987283825025433
49,983,11,6,0.9975,0.9987283825025433
50,983,11,6,0.9975,0.9987283825025433
51,983,11,6,0.9975,0.9987283825025433
52,983,11,6,0.9975,0.9987283825025433
53,982,12,6,0.997,0.9984725050916496
54,981,12,7,0.997,0.9984709480122325
55,981,11,8,0.9975,0.9987257900101937
56,981,10,9,0.9975,0.9987257900101937
57,979,10,11,0.9985,0.9992339121552605
58,979,10,11,0.9985,0.9992339121552605
59,979,9,12,0.9985,0.9992339121552605
60,979,8,13,0.9995,0.9997446373850868
61,979,7,14,0.9995,0.9997446373850868
62,979,7,14,0.9995,0.9997446373850868
63,979,7,14,0.9995,0.9997446373850868
64,977,9,14,0.999,0.9994882292732856
65,977,9,14,0.999,0.9994882292732856
66,977,8,15,0.9995,0.9997441146366428
67,977,7,16,0.9995,0.9997441146366428
68,977,7,16,0.9995,0.9997441146366428
69,976,8,16,0.999,0.9994877049180327
70,976,8,16,0.999,0.9994877049180327
71,976,8,16,0.999,0.9994877049180327
72,976,8,16,0.999,0.9994877049180327
73,975,8,17,0.999,0.9994871794871795
74,975,8,17,0.999,0.9994871794871795
75,975,8,17,0.999,0.9994871794871795
76,973,9,18,1.0,1.0
77,973,8,19,1.0,1.0
78,973,8,19,1.0,1.0
79,973,8,19,1.0,1.0
80,973,8,19,1.0,1.0
81,973,8,19,1.0,1.0
82,973,8,19,1.0,1.0
83,973,8,19,1.0,1.0
84,973,8,19,1.0,1.0
85,973,8,19,1.0,1.0
86,972,9,19,0.9995,0.9997427983539094
87,972,8,20,1.0,1.0
88,972,8,20,1.0,1.0
89,972,8,20,1.0,1.0
90,972,6,22,1.0,1.0
91,972,6,22,1.0,1.0
92,972,6,22,1.0,1.0
93,972,5,23,1.0,1.0
94,972,5,23,1.0,1.0
95,972,5,23,1.0,1.0
96,972,5,23,1.0,1.0
97,972,5,23,1.0,1.0
98,972,5,23,1.0,1.0
99,972,5,23,1.0,1.0
100,972,5,23,1.0,1.0
101,972,5,23,1.0,1.0
102,972,5,23,1.0,1.0
103,972,4,24,1.0,1.0
104,972,4,24,1.0,1.0
105,972,4,24,1.0,1.0
106,972,4,24,1.0,1.0
107,972,4,24,1.0,1.0
108,972,4,24,1.0,1.0
109,972,3,25,1.0,1.0
110,972,3,25,1.0,1.0
111,972,3,25,1.0,1.0
112,972,3,25,1.0,1.0
113,972,3,25,1.0,1.0
114,972,2,26,1.0,1.0
115,972,2,26,1.0,1.0
116,972,2,26,1.0,1.0
117,972,2,26,1.0,1.0
118,972,2,26,1.0,1.0
119,972,2,26,1.0,1.0
120,972,2,26,1.0,1.0
121,972,2,26,1.0,1.0
122,972,2,26,1.0,1.0
123,972,2,26,1.0,1.0
124,972,2,26,1.0,1.0
125,972,2,26,1.0,1.0
126,972,2,26,1.0,1.0
127,972,2,26,1.0,1.0
128,972,2,26,1.0,1.0
129,972,2,26,1.0,1.0
130,972,2,26,1.0,1.0
131,972,2,26,1.0,1.0
132,972,2,26,1.0,1.0
133,972,2,26,1.0,1.0
134,972,2,26,1.0,1.0
135,972,2,26,1.0,1.0
136,972,2,26,1.0,1.0
137,972,2,26,1.0,1.0
138,972,2,26,1.0,1.0
139,972,2,26,1.0,1.0
140,972,1,27,1.0,1.0
141,972,1,27,1.0,1.0
142,972,1,27,1.0,1.0
143,972,1,27,1.0,1.0
144,972,1,27,1.0,1.0
145,972,1,27,1.0,1.0
146,972,1,27,1.0,1.0
147,972,1,27,1.0,1.0
148,972,1,27,1.0,1.0
149,972,1,27,1.0,1.0
150,972,1,27,1.0,1.0
151,972,1,27,1.0,1.0
152,972,1,27,1.0,1.0
153,972,1,27,1.0,1.0
154,972,1,27,1.0,1.0
155,972,1,27,1.0,1.0
156,972,1,27,1.0,1.0
157,972,1,27,1.0,1.0
158,972,1,27,1.0,1.0
159,972,0,28,1.0,1.0
160,972,0,28,1.0,1.0
161,972,0,28,1.0,1.0
162,972,0,28,1.0,1.0
163,972,0,28,1.0,1.0
164,972,0,28,1.0,1.0
165,972,0,28,1.0,1.0
166,972,0,28,1.0,1.0
167,972,0,28,1.0,1.0
168,972,0,28,1.0,1.0
169,972,0,28,1.0,1.0
170,972,0,28,1.0,1.0
171,972,0,28,1.0,1.0
172,972,0,28,1.0,1.0
173,972,0,28,1.0,1.0
174,972,0,28,1.0,1.0
175,972,0,28,1.0,1.0
176,972,0,28,1.0,1.0
177,972,0,28,1.0,1.0
178,972,0,28,1.0,1.0
179,972,0,28,1.0,1.0
180,972,0,28,1.0,1.0
181,972,0,28,1.0,1.0
182,972,0,28,1.0,1.0
183,972,0,28,1.0,1.0
184,972,0,28,1.0,1.0
185,972,0,28,1.0,1.0
186,972,0,28,1.0,1.0
187,972,0,28,1.0,1.0
188,972,0,28,1.0,1.0
189,972,0,28,1.0,1.0
190,972,0,28,1.0,1.0
191,972,0,28,1.0,1.0
192,972,0,28,1.0,1.0
193,972,0,28,1.0,1.0
194,972,0,28,1.0,1.0
195,972,0,28,1.0,1.0
196,972,0,28,1.0,1.0
197,972,0,28,1.0,1.0
198,972,0,28,1.0,1.0
199,972,0,28,1.0,1.0
200,972,0,28,1.0,1.0
1,999,1,0,1.0,1.0
2,999,1,0,1.0,1.0
3,999,1,0,1.0,1.0
4,999,1,0,1.0,1.0
5,999,1,0,1.0,1.0
6,999,1,0,1.0,1.0
7,999,1,0,1.0,1.0
8,999,1,0,1.0,1.0
9,999,1,0,1.0,1.0
10,999,1,0,1.0,1.0
11,999,0,1,1.0,1.0
12,999,0,1,1.0,1.0
13,999,0,1,1.0,1.0
14,999,0,1,1.0,1.0
15,999,0,1,1.0,1.0
16,999,0,1,1.0,1.0
17,999,0,1,1.0,1.0
18,999,0,1,1.0,1.0
19,999,0,1,1.0,1.0
20,999,0,1,1.0,1.0
21,999,0,1,1.0,1.0
22,999,0,1,1.0,1.0
23,999,0,1,1.0,1.0
24,999,0,1,1.0,1.0
25,999,0,1,1.0,1.0
26,999,0,1,1.0,1.0
27,999,0,1,1.0,1.0
28,999,0,1,1.0,1.0
29,999,0,1,1.0,1.0
30,999,0,1,1.0,1.0
31,999,0,1,1.0,1.0
32,999,0,1,1.0,1.0
33,999,0,1,1.0,1.0
34,999,0,1,1.0,1.0
35,999,0,1,1.0,1.0
36,999,0,1,1.0,1.0
37,999,0,1,1.0,1.0
38,999,0,1,1.0,1.0
39,999,0,1,1.0,1.0
40,999,0,1,1.0,1.0
41,999,0,1,1.0,1.0
42,999,0,1,1.0,1.0
43,999,0,1,1.0,1.0
44,999,0,1,1.0,1.0
45,999,0,1,1.0,1.0
46,999,0,1,1.0,1.0
47,999,0,1,1.0,1.0
48,999,0,1,1.0,1.0
49,999,0,1,1.0,1.0
50,999,0,1,1.0,1.0
51,999,0,1,1.0,1.0
52,999,0,1,1.0,1.0
53,999,0,1,1.0,1.0
54,999,0,1,1.0,1.0
55,999,0,1,1.0,1.0
56,999,0,1,1.0,1.0
57,999,0,1,1.0,1.0
58,999,0,1,1.0,1.0
59,999,0,1,1.0,1.0
60,999,0,1,1.0,1.0
61,999,0,1,1.0,1.0
62,999,0,1,1.0,1.0
63,999,0,1,1.0,1.0
64,999,0,1,1.0,1.0
65,999,0,1,1.0,1.0
66,999,0,1,1.0,1.0
67,999,0,1,1.0,1.0
68,999,0,1,1.0,1.0
69,999,0,1,1.0,1.0
70,999,0,1,1.0,1.0
71,999,0,1,1.0,1.0
72,999,0,1,1.0,1.0
73,999,0,1,1.0,1.0
74,999,0,1,1.0,1.0
75,999,0,1,1.0,1.0
76,999,0,1,1.0,1.0
77,999,0,1,1.0,1.0
78,999,0,1,1.0,1.0
79,999,0,1,1.0,1.0
80,999,0,1,1.0,1.0
81,999,0,1,1.0,1.0
82,999,0,1,1.0,1.0
83,999,0,1,1.0,1.0
84,999,0,1,1.0,1.0
85,999,0,1,1.0,1.0
86,999,0,1,1.0,1.0
87,999,0,1,1.0,1.0
88,999,0,1,1.0,1.0
89,999,0,1,1.0,1.0
90,999,0,1,1.0,1.0
91,999,0,1,1.0,1.0
92,999,0,1,1.0,1.0
93,999,0,1,1.0,1.0
94,999,0,1,1.0,1.0
95,999,0,1,1.0,1.0
96,999,0,1,1.0,1.0
97,999,0,1,1.0,1.0
98,999,0,1,1.0,1.0
99,999,0,1,1.0,1.0
100,999,0,1,1.0,1.0
101,999,0,1,1.0,1.0
102,999,0,1,1.0,1.0
103,999,0,1,1.0,1.0
104,999,0,1,1.0,1.0
105,999,0,1,1.0,1.0
106,999,0,1,1.0,1.0
107,999,0,1,1.0,1.0
108,999,0,1,1.0,1.0
109,999,0,1,1.0,1.0
110,999,0,1,1.0,1.0
111,999,0,1,1.0,1.0
112,999,0,1,1.0,1.0
113,999,0,1,1.0,1.0
114,999,0,1,1.0,1.0
115,999,0,1,1.0,1.0
116,999,0,1,1.0,1.0
117,999,0,1,1.0,1.0
118,999,0,1,1.0,1.0
119,999,0,1,1.0,1.0
120,999,0,1,1.0,1.0
121,999,0,1,1.0,1.0
122,999,0,1,1.0,1.0
123,999,0,1,1.0,1.0
124,999,0,1,1.0,1.0
125,999,0,1,1.0,1.0
126,999,0,1,1.0,1.0
127,999,0,1,1.0,1.0
128,999,0,1,1.0,1.0
129,999,0,1,1.0,1.0
130,999,0,1,1.0,1.0
131,999,0,1,1.0,1.0
132,999,0,1,1.0,1.0
133,999,0,1,1.0,1.0
134,999,0,1,1.0,1.0
135,999,0,1,1.0,1.0
136,999,0,1,1.0,1.0
137,999,0,1,1.0,1.0
138,999,0,1,1.0,1.0
139,999,0,1,1.0,1.0
140,999,0,1,1.0,1.0
141,999,0,1,1.0,1.0
142,999,0,1,1.0,1.0
143,999,0,1,1.0,1.0
144,999,0,1,1.0,1.0
145,999,0,1,1.0,1.0
146,999,0,1,1.0,1.0
147,999,0,1,1.0,1.0
148,999,0,1,1.0,1.0
149,999,0,1,1.0,1.0
150,999,0,1,1.0,1.0
151,999,0,1,1.0,1.0
152,999,0,1,1.0,1.0
153,999,0,1,1.0,1.0
154,999,0,1,1.0,1.0
155,999,0,1,1.0,1.0
156,999,0,1,1.0,1.0
157,999,0,1,1.0,1.0
158,999,0,1,1.0,1.0
159,999,0,1,1.0,1.0
160,999,0,1,1.0,1.0
161,999,0,1,1.0,1.0
162,999,0,1,1.0,1.0
163,999,0,1,1.0,1.0
164,999,0,1,1.0,1.0
165,999,0,1,1.0,1.0
166,999,0,1,1.0,1.0
167,999,0,1,1.0,1.0
168,999,0,1,1.0,1.0
169,999,0,1,1.0,1.0
170,999,0,1,1.0,1.0
171,999,0,1,1.0,1.0
172,999,0,1,1.0,1.0
173,999,0,1,1.0,1.0
174,999,0,1,1.0,1.0
175,999,0,1,1.0,1.0
176,999,0,1,1.0,1.0
177,999,0,1,1.0,1.0
178,999,0,1,1.0,1.0
179,999,0,1,1.0,1.0
180,999,0,1,1.0,1.0
181,999,0,1,1.0,1.0
182,999,0,1,1.0,1.0
183,999,0,1,1.0,1.0
184,999,0,1,1.0,1.0
185,999,0,1,1.0,1.0
186,999,0,1,1.0,1.0
187,999,0,1,1.0,1.0
188,999,0,1,1.0,1.0
189,999,0,1,1.0,1.0
190,999,0,1,1.0,1.0
191,999,0,1,1.0,1.0
192,999,0,1,1.0,1.0
193,999,0,1,1.0,1.0
194,999,0,1,1.0,1.0
195,999,0,1,1.0,1.0
196,999,0,1,1.0,1.0
197,999,0,1,1.0,1.0
198,999,0,1,1.0,1.0
199,999,0,1,1.0,1.0
200,999,0,1,1.0,1.0
1,999,1,0,1.0,1.0
2,999,1,0,1.0,1.0
3,999,1,0,1.0,1.0
4,999,1,0,1.0,1.0
5,999,1,0,1.0,1.0
6,999,1,0,1.0,1.0
7,999,1,0,1.0,1.0
8,999,1,0,1.0,1.0
9,999,1,0,1.0,1.0
10,999,1,0,1.0,1.0
11,999,1,0,1.0,1.0
12,999,1,0,1.0,1.0
13,999,1,0,1.0,1.0
14,998,2,0,0.9995,0.999749498997996
15,998,2,0,0.9995,0.999749498997996
16,998,2,0,0.9995,0.999749498997996
17,998,2,0,0.9995,0.999749498997996
18,998,2,0,0.9995,0.999749498997996
19,998,2,0,0.9995,0.999749498997996
20,998,2,0,0.9995,0.999749498997996
21,998,2,0,0.9995,0.999749498997996
22,998,2,0,0.9995,0.999749498997996
23,998,2,0,0.9995,0.999749498997996
24,997,3,0,0.999,0.9994984954864594
25,997,3,0,0.999,0.9994984954864594
26,997,3,0,0.999,0.9994984954864594
27,996,3,1,0.9995,0.9997489959839357
28,996,3,1,0.9995,0.9997489959839357
29,996,3,1,0.9995,0.9997489959839357
30,996,2,2,1.0,1.0
31,996,2,2,1.0,1.0
32,996,2,2,1.0,1.0
33,996,2,2,1.0,1.0
34,996,2,2,1.0,1.0
35,996,2,2,1.0,1.0
36,996,2,2,1.0,1.0
37,996,2,2,1.0,1.0
38,996,2,2,1.0,1.0
39,996,2,2,1.0,1.0
40,996,2,2,1.0,1.0
41,996,2,2,1.0,1.0
42,995,3,2,1.0,1.0
43,995,3,2,1.0,1.0
44,995,2,3,1.0,1.0
45,995,2,3,1.0,1.0
46,995,2,3,1.0,1.0
47,995,1,4,1.0,1.0
48,995,1,4,1.0,1.0
49,995,1,4,1.0,1.0
50,995,1,4,1.0,1.0
51,995,1,4,1.0,1.0
52,995,1,4,1.0,1.0
53,995,1,4,1.0,1.0
54,995,1,4,1.0,1.0
55,995,1,4,1.0,1.0
56,995,1,4,1.0,1.0
57,995,1,4,1.0,1.0
58,994,2,4,0.9995,0.9997484909456741
59,994,2,4,0.9995,0.9997484909456741
60,994,2,4,0.9995,0.9997484909456741
61,994,2,4,0.9995,0.9997484909456741
62,994,1,5,1.0,1.0
63,994,1,5,1.0,1.0
64,994,0,6,1.0,1.0
65,994,0,6,1.0,1.0
66,994,0,6,1.0,1.0
67,994,0,6,1.0,1.0
68,994,0,6,1.0,1.0
69,994,0,6,1.0,1.0
70,994,0,6,1.0,1.0
71,994,0,6,1.0,1.0
72,994,0,6,1.0,1.0
73,994,0,6,1.0,1.0
74,994,0,6,1.0,1.0
75,994,0,6,1.0,1.0
76,994,0,6,1.0,1.0
77,994,0,6,1.0,1.0
78,994,0,6,1.0,1.0
79,994,0,6,1.0,1.0
80,994,0,6,1.0,1.0
81,994,0,6,1.0,1.0
82,994,0,6,1.0,1.0
83,994,0,6,1.0,1.0
84,994,0,6,1.0,1.0
85,994,0,6,1.0,1.0
86,994,0,6,1.0,1.0
87,994,0,6,1.0,1.0
88,994,0,6,1.0,1.0
89,994,0,6,1.0,1.0
90,994,0,6,1.0,1.0
91,994,0,6,1.0,1.0
92,994,0,6,1.0,1.0
93,994,0,6,1.0,1.0
94,994,0,6,1.0,1.0
95,994,0,6,1.0,1.0
96,994,0,6,1.0,1.0
97,994,0,6,1.0,1.0
98,994,0,6,1.0,1.0
99,994,0,6,1.0,1.0
100,994,0,6,1.0,1.0
101,994,0,6,1.0,1.0
102,994,0,6,1.0,1.0
103,994,0,6,1.0,1.0
104,994,0,6,1.0,1.0
105,994,0,6,1.0,1.0
106,994,0,6,1.0,1.0
107,994,0,6,1.0,1.0
108,994,0,6,1.0,1.0
109,994,0,6,1.0,1.0
110,994,0,6,1.0,1.0
111,994,0,6,1.0,1.0
112,994,0,6,1.0,1.0
113,994,0,6,1.0,1.0
114,994,0,6,1.0,1.0
115,994,0,6,1.0,1.0
116,994,0,6,1.0,1.0
117,994,0,6,1.0,1.0
118,994,0,6,1.0,1.0
119,994,0,6,1.0,1.0
120,994,0,6,1.0,1.0
121,994,0,6,1.0,1.0
122,994,0,6,1.0,1.0
123,994,0,6,1.0,1.0
124,994,0,6,1.0,1.0
125,994,0,6,1.0,1.0
126,994,0,6,1.0,1.0
127,994,0,6,1.0,1.0
128,994,0,6,1.0,1.0
129,994,0,6,1.0,1.0
130,994,0,6,1.0,1.0
131,994,0,6,1.0,1.0
132,994,0,6,1.0,1.0
133,994,0,6,1.0,1.0
134,994,0,6,1.0,1.0
135,994,0,6,1.0,1.0
136,994,0,6,1.0,1.0
137,994,0,6,1.0,1.0
138,994,0,6,1.0,1.0
139,994,0,6,1.0,1.0
140,994,0,6,1.0,1.0
141,994,0,6,1.0,1.0
142,994,0,6,1.0,1.0
143,994,0,6,1.0,1.0
144,994,0,6,1.0,1.0
145,994,0,6,1.0,1.0
146,994,0,6,1.0,1.0
147,994,0,6,1.0,1.0
148,994,0,6,1.0,1.0
149,994,0,6,1.0,1.0
150,994,0,6,1.0,1.0
151,994,0,6,1.0,1.0
152,994,0,6,1.0,1.0
153,994,0,6,1.0,1.0
154,994,0,6,1.0,1.0
155,994,0,6,1.0,1.0
156,994,0,6,1.0,1.0
157,994,0,6,1.0,1.0
158,994,0,6,1.0,1.0
159,994,0,6,1.0,1.0
160,994,0,6,1.0,1.0
161,994,0,6,1.0,1.0
162,994,0,6,1.0,1.0
163,994,0,6,1.0,1.0
164,994,0,6,1.0,1.0
165,994,0,6,1.0,1.0
166,994,0,6,1.0,1.0
167,994,0,6,1.0,1.0
168,994,0,6,1.0,1.0
169,994,0,6,1.0,1.0
170,994,0,6,1.0,1.0
171,994,0,6,1.0,1.0
172,994,0,6,1.0,1.0
173,994,0,6,1.0,1.0
174,994,0,6,1.0,1.0
175,994,0,6,1.0,1.0
176,994,0,6,1.0,1.0
177,994,0,6,1.0,1.0
178,994,0,6,1.0,1.0
179,994,0,6,1.0,1.0
180,994,0,6,1.0,1.0
181,994,0,6,1.0,1.0
182,994,0,6,1.0,1.0
183,994,0,6,1.0,1.0
184,994,0,6,1.0,1.0
185,994,0,6,1.0,1.0
186,994,0,6,1.0,1.0
187,994,0,6,1.0,1.0
188,994,0,6,1.0,1.0
189,994,0,6,1.0,1.0
190,994,0,6,1.0,1.0
191,994,0,6,1.0,1.0
192,994,0,6,1.0,1.0
193,994,0,6,1.0,1.0
194,994,0,6,1.0,1.0
195,994,0,6,1.0,1.0
196,994,0,6,1.0,1.0
197,994,0,6,1.0,1.0
198,994,0,6,1.0,1.0
199,994,0,6,1.0,1.0
200,994,0,6,1.0,1.0
1,999,1,0,1.0,1.0
2,998,2,0,0.9995,0.999749498997996
3,998,2,0,0.9995,0.999749498997996
4,998,2,0,0.9995,0.999749498997996
5,998,2,0,0.9995,0.999749498997996
6,998,2,0,0.9995,0.999749498997996
7,998,2,0,0.9995,0.999749498997996
8,998,2,0,0.9995,0.999749498997996
9,997,3,0,0.9985,0.9992477432296891
10,997,3,0,0.9985,0.9992477432296891
11,997,3,0,0.9985,0.9992477432296891
12,997,3,0,0.9985,0.9992477432296891
13,997,3,0,0.9985,0.9992477432296891
14,997,3,0,0.9985,0.9992477432296891
15,996,4,0,0.9985,0.9992469879518072
16,996,4,0,0.9985,0.9992469879518072
17,996,4,0,0.9985,0.9992469879518072
18,996,4,0,0.9985,0.9992469879518072
19,996,3,1,0.999,0.9994979919678715
20,995,4,1,0.999,0.9994974874371859
21,995,4,1,0.999,0.9994974874371859
22,995,4,1,0.999,0.9994974874371859
23,995,3,2,0.9995,0.999748743718593
24,995,3,2,0.9995,0.999748743718593
25,995,3,2,0.9995,0.999748743718593
26,995,3,2,0.9995,0.999748743718593
27,995,3,2,0.9995,0.999748743718593
28,995,3,2,0.9995,0.999748743718593
29,995,3,2,0.9995,0.999748743718593
30,995,3,2,0.9995,0.999748743718593
31,994,4,2,0.999,0.9994969818913481
32,992,6,2,0.999,0.9994959677419355
33,991,7,2,0.9985,0.9992431886982845
34,991,7,2,0.9985,0.9992431886982845
35,991,7,2,0.9985,0.9992431886982845
36,990,8,2,0.998,0.998989898989899
37,990,8,2,0.998,0.998989898989899
38,990,7,3,0.999,0.9994949494949495
39,990,7,3,0.999,0.9994949494949495
40,990,7,3,0.999,0.9994949494949495
41,989,8,3,0.998,0.9989888776541962
42,989,8,3,0.998,0.9989888776541962
43,987,9,4,0.998,0.9989868287740629
44,987,9,4,0.998,0.9989868287740629
45,987,9,4,0.998,0.9989868287740629
46,987,7,6,0.9985,0.9992401215805471
47,985,9,6,0.999,0.999492385786802
48,983,10,7,0.9985,0.9992370295015259
49,983,10,7,0.9985,0.9992370295015259
50,983,10,7,0.9985,0.9992370295015259
51,982,11,7,0.998,0.9989816700610998
52,982,10,8,0.998,0.9989816700610998
53,982,10,8,0.998,0.9989816700610998
54,982,9,9,0.999,0.9994908350305499
55,982,9,9,0.999,0.9994908350305499
56,981,9,10,0.9985,0.9992354740061162
57,981,8,11,0.9985,0.9992354740061162
58,981,8,11,0.9985,0.9992354740061162
59,981,7,12,0.999,0.9994903160040775
60,981,5,14,0.9995,0.9997451580020388
61,981,5,14,0.9995,0.9997451580020388
62,981,4,15,0.9995,0.9997451580020388
63,980,5,15,1.0,1.0
64,980,4,16,1.0,1.0
65,980,4,16,1.0,1.0
66,980,4,16,1.0,1.0
67,980,4,16,1.0,1.0
68,980,3,17,1.0,1.0
69,980,3,17,1.0,1.0
70,980,3,17,1.0,1.0
71,979,4,17,1.0,1.0
72,979,4,17,1.0,1.0
73,979,4,17,1.0,1.0
74,979,4,17,1.0,1.0
75,979,4,17,1.0,1.0
76,979,3,18,1.0,1.0
77,979,3,18,1.0,1.0
78,979,3,18,1.0,1.0
79,979,3,18,1.0,1.0
80,979,3,18,1.0,1.0
81,979,3,18,1.0,1.0
82,979,3,18,1.0,1.0
83,979,3,18,1.0,1.0
84,979,3,18,1.0,1.0
85,979,3,18,1.0,1.0
86,979,3,18,1.0,1.0
87,978,4,18,0.9995,0.9997443762781186
88,978,4,18,0.9995,0.9997443762781186
89,978,4,18,0.9995,0.9997443762781186
90,977,4,19,0.999,0.9994882292732856
91,977,4,19,0.999,0.9994882292732856
92,977,4,19,0.999,0.9994882292732856
93,976,5,19,0.999,0.9994877049180327
94,976,5,19,0.999,0.9994877049180327
95,976,4,20,0.999,0.9994877049180327
96,976,4,20,0.999,0.9994877049180327
97,976,4,20,0.999,0.9994877049180327
98,976,4,20,0.999,0.9994877049180327
99,976,4,20,0.999,0.9994877049180327
100,976,3,21,0.999,0.9994877049180327
101,976,3,21,0.999,0.9994877049180327
102,976,3,21,0.999,0.9994877049180327
103,975,3,22,0.9985,0.9992307692307693
104,975,3,22,0.9985,0.9992307692307693
105,975,3,22,0.9985,0.9992307692307693
106,975,3,22,0.9985,0.9992307692307693
107,975,3,22,0.9985,0.9992307692307693
108,975,3,22,0.9985,0.9992307692307693
109,975,3,22,0.9985,0.9992307692307693
110,975,3,22,0.9985,0.9992307692307693
111,975,3,22,0.9985,0.9992307692307693
112,975,3,22,0.9985,0.9992307692307693
113,975,3,22,0.9985,0.9992307692307693
114,975,2,23,0.9995,0.9997435897435898
115,975,2,23,0.9995,0.9997435897435898
116,975,1,24,1.0,1.0
117,975,1,24,1.0,1.0
118,975,1,24,1.0,1.0
119,975,1,24,1.0,1.0
120,975,1,24,1.0,1.0
121,975,1,24,1.0,1.0
122,975,1,24,1.0,1.0
123,975,1,24,1.0,1.0
124,975,1,24,1.0,1.0
125,975,1,24,1.0,1.0
126,975,1,24,1.0,1.0
127,975,1,24,1.0,1.0
128,975,1,24,1.0,1.0
129,975,1,24,1.0,1.0
130,974,2,24,1.0,1.0
131,974,2,24,1.0,1.0
132,974,2,24,1.0,1.0
133,974,2,24,1.0,1.0
134,974,2,24,1.0,1.0
135,974,2,24,1.0,1.0
136,974,2,24,1.0,1.0
137,974,2,24,1.0,1.0
138,974,2,24,1.0,1.0
139,974,2,24,1.0,1.0
140,974,2,24,1.0,1.0
141,974,2,24,1.0,1.0
142,974,2,24,1.0,1.0
143,974,2,24,1.0,1.0
144,974,2,24,1.0,1.0
145,974,2,24,1.0,1.0
146,974,2,24,1.0,1.0
147,974,2,24,1.0,1.0
148,974,2,24,1.0,1.0
149,974,2,24,1.0,1.0
150,974,2,24,1.0,1.0
151,974,2,24,1.0,1.0
152,974,2,24,1.0,1.0
153,974,2,24,1.0,1.0
154,974,2,24,1.0,1.0
155,974,2,24,1.0,1.0
156,974,2,24,1.0,1.0
157,974,2,24,1.0,1.0
158,974,2,24,1.0,1.0
159,974,2,24,1.0,1.0
160,974,2,24,1.0,1.0
161,974,2,24,1.0,1.0
162,974,2,24,1.0,1.0
163,974,2,24,1.0,1.0
164,974,2,24,1.0,1.0
165,974,1,25,1.0,1.0
166,974,1,25,1.0,1.0
167,974,1,25,1.0,1.0
168,974,1,25,1.0,1.0
169,974,1,25,1.0,1.0
170,974,1,25,1.0,1.0
171,974,1,25,1.0,1.0
172,974,1,25,1.0,1.0
173,974,1,25,1.0,1.0
174,974,1,25,1.0,1.0
175,974,1,25,1.0,1.0
176,974,1,25,1.0,1.0
177,974,1,25,1.0,1.0
178,974,1,25,1.0,1.0
179,974,1,25,1.0,1.0
180,974,1,25,1.0,1.0
181,974,1,25,1.0,1.0
182,974,1,25,1.0,1.0
183,974,1,25,1.0,1.0
184,974,1,25,1.0,1.0
185,974,1,25,1.0,1.0
186,974,1,25,1.0,1.0
187,974,1,25,1.0,1.0
188,974,0,26,1.0,1.0
189,974,0,26,1.0,1.0
190,974,0,26,1.0,1.0
191,974,0,26,1.0,1.0
192,974,0,26,1.0,1.0
193,974,0,26,1.0,1.0
194,974,0,26,1.0,1.0
195,974,0,26,1.0,1.0
196,974,0,26,1.0,1.0
197,974,0,26,1.0,1.0
198,974,0,26,1.0,1.0
199,974,0,26,1.0,1.0
200,974,0,26,1.0,1.0
1,999,1,0,1.0,1.0
2,999,1,0,1.0,1.0
3,999,1,0,1.0,1.0
4,999,1,0,1.0,1.0
5,999,1,0,1.0,1.0
6,998,2,0,0.9995,0.999749498997996
7,998,2,0,0.9995,0.999749498997996
8,998,2,0,0.9995,0.999749498997996
9,998,2,0,0.9995,0.999749498997996
10,998,2,0,0.9995,0.999749498997996
11,998,2,0,0.9995,0.999749498997996
12,998,2,0,0.9995,0.999749498997996
13,998,2,0,0.9995,0.999749498997996
14,998,2,0,0.9995,0.999749498997996
15,997,2,1,0.9995,0.9997492477432297
16,997,1,2,1.0,1.0
17,997,1,2,1.0,1.0
18,997,1,2,1.0,1.0
19,996,0,4,1.0,1.0
20,996,0,4,1.0,1.0
21,996,0,4,1.0,1.0
22,996,0,4,1.0,1.0
23,996,0,4,1.0,1.0
24,996,0,4,1.0,1.0
25,996,0,4,1.0,1.0
26,996,0,4,1.0,1.0
27,996,0,4,1.0,1.0
28,996,0,4,1.0,1.0
29,996,0,4,1.0,1.0
30,996,0,4,1.0,1.0
31,996,0,4,1.0,1.0
32,996,0,4,1.0,1.0
33,996,0,4,1.0,1.0
34,996,0,4,1.0,1.0
35,996,0,4,1.0,1.0
36,996,0,4,1.0,1.0
37,996,0,4,1.0,1.0
38,996,0,4,1.0,1.0
39,996,0,4,1.0,1.0
40,996,0,4,1.0,1.0
41,996,0,4,1.0,1.0
42,996,0,4,1.0,1.0
43,996,0,4,1.0,1.0
44,996,0,4,1.0,1.0
45,996,0,4,1.0,1.0
46,996,0,4,1.0,1.0
47,996,0,4,1.0,1.0
48,996,0,4,1.0,1.0
49,996,0,4,1.0,1.0
50,996,0,4,1.0,1.0
51,996,0,4,1.0,1.0
52,996,0,4,1.0,1.0
53,996,0,4,1.0,1.0
54,996,0,4,1.0,1.0
55,996,0,4,1.0,1.0
56,996,0,4,1.0,1.0
57,996,0,4,1.0,1.0
58,996,0,4,1.0,1.0
59,996,0,4,1.0,1.0
60,996,0,4,1.0,1.0
61,996,0,4,1.0,1.0
62,996,0,4,1.0,1.0
63,996,0,4,1.0,1.0
64,996,0,4,1.0,1.0
65,996,0,4,1.0,1.0
66,996,0,4,1.0,1.0
67,996,0,4,1.0,1.0
68,996,0,4,1.0,1.0
69,996,0,4,1.0,1.0
70,996,0,4,1.0,1.0
71,996,0,4,1.0,1.0
72,996,0,4,1.0,1.0
73,996,0,4,1.0,1.0
74,996,0,4,1.0,1.0
75,996,0,4,1.0,1.0
76,996,0,4,1.0,1.0
77,996,0,4,1.0,1.0
78,996,0,4,1.0,1.0
79,996,0,4,1.0,1.0
80,996,0,4,1.0,1.0
81,996,0,4,1.0,1.0
82,996,0,4,1.0,1.0
83,996,0,4,1.0,1.0
84,996,0,4,1.0,1.0
85,996,0,4,1.0,1.0
86,996,0,4,1.0,1.0
87,996,0,4,1.0,1.0
88,996,0,4,1.0,1.0
89,996,0,4,1.0,1.0
90,996,0,4,1.0,1.0
91,996,0,4,1.0,1.0
92,996,0,4,1.0,1.0
93,996,0,4,1.0,1.0
94,996,0,4,1.0,1.0
95,996,0,4,1.0,1.0
96,996,0,4,1.0,1.0
97,996,0,4,1.0,1.0
98,996,0,4,1.0,1.0
99,996,0,4,1.0,1.0
100,996,0,4,1.0,1.0
101,996,0,4,1.0,1.0
102,996,0,4,1.0,1.0
103,996,0,4,1.0,1.0
104,996,0,4,1.0,1.0
105,996,0,4,1.0,1.0
106,996,0,4,1.0,1.0
107,996,0,4,1.0,1.0
108,996,0,4,1.0,1.0
109,996,0,4,1.0,1.0
110,996,0,4,1.0,1.0
111,996,0,4,1.0,1.0
112,996,0,4,1.0,1.0
113,996,0,4,1.0,1.0
114,996,0,4,1.0,1.0
115,996,0,4,1.0,1.0
116,996,0,4,1.0,1.0
117,996,0,4,1.0,1.0
118,996,0,4,1.0,1.0
119,996,0,4,1.0,1.0
120,996,0,4,1.0,1.0
121,996,0,4,1.0,1.0
122,996,0,4,1.0,1.0
123,996,0,4,1.0,1.0
124,996,0,4,1.0,1.0
125,996,0,4,1.0,1.0
126,996,0,4,1.0,1.0
127,996,0,4,1.0,1.0
128,996,0,4,1.0,1.0
129,996,0,4,1.0,1.0
130,996,0,4,1.0,1.0
131,996,0,4,1.0,1.0
132,996,0,4,1.0,1.0
133,996,0,4,1.0,1.0
134,996,0,4,1.0,1.0
135,996,0,4,1.0,1.0
136,996,0,4,1.0,1.0
137,996,0,4,1.0,1.0
138,996,0,4,1.0,1.0
139,996,0,4,1.0,1.0
140,996,0,4,1.0,1.0
141,996,0,4,1.0,1.0
142,996,0,4,1.0,1.0
143,996,0,4,1.0,1.0
144,996,0,4,1.0,1.0
145,996,0,4,1.0,1.0
146,996,0,4,1.0,1.0
147,996,0,4,1.0,1.0
148,996,0,4,1.0,1.0
149,996,0,4,1.0,1.0
150,996,0,4,1.0,1.0
151,996,0,4,1.0,1.0
152,996,0,4,1.0,1.0
153,996,0,4,1.0,1.0
154,996,0,4,1.0,1.0
155,996,0,4,1.0,1.0
156,996,0,4,1.0,1.0
157,996,0,4,1.0,1.0
158,996,0,4,1.0,1.0
159,996,0,4,1.0,1.0
160,996,0,4,1.0,1.0
161,996,0,4,1.0,1.0
162,996,0,4,1.0,1.0
163,996,0,4,1.0,1.0
164,996,0,4,1.0,1.0
165,996,0,4,1.0,1.0
166,996,0,4,1.0,1.0
167,996,0,4,1.0,1.0
168,996,0,4,1.0,1.0
169,996,0,4,1.0,1.0
170,996,0,4,1.0,1.0
171,996,0,4,1.0,1.0
172,996,0,4,1.0,1.0
173,996,0,4,1.0,1.0
174,996,0,4,1.0,1.0
175,996,0,4,1.0,1.0
176,996,0,4,1.0,1.0
177,996,0,4,1.0,1.0
178,996,0,4,1.0,1.0
179,996,0,4,1.0,1.0
180,996,0,4,1.0,1.0
181,996,0,4,1.0,1.0
182,996,0,4,1.0,1.0
183,996,0,4,1.0,1.0
184,996,0,4,1.0,1.0
185,996,0,4,1.0,1.0
186,996,0,4,1.0,1.0
187,996,0,4,1.0,1.0
188,996,0,4,1.0,1.0
189,996,0,4,1.0,1.0
190,996,0,4,1.0,1.0
191,996,0,4,1.0,1.0
192,996,0,4,1.0,1.0
193,996,0,4,1.0,1.0
194,996,0,4,1.0,1.0
195,996,0,4,1.0,1.0
196,996,0,4,1.0,1.0
197,996,0,4,1.0,1.0
198,996,0,4,1.0,1.0
199,996,0,4,1.0,1.0
200,996,0,4,1.0,1.0
1,999,1,0,1.0,1.0
2,999,1,0,1.0,1.0
3,999,1,0,1.0,1.0
4,999,1,0,1.0,1.0
5,998,2,0,0.9995,0.999749498997996
6,997,3,0,0.999,0.9994984954864594
7,997,3,0,0.999,0.9994984954864594
8,997,3,0,0.999,0.9994984954864594
9,995,5,0,0.998,0.9989949748743718
10,995,5,0,0.998,0.9989949748743718
11,995,5,0,0.998,0.9989949748743718
12,995,5,0,0.998,0.9989949748743718
13,994,6,0,0.998,0.9989939637826962
14,992,7,1,0.999,0.9994959677419355
15,991,7,2,0.999,0.9994954591321897
16,991,7,2,0.999,0.9994954591321897
17,991,6,3,0.9995,0.9997477295660948
18,991,6,3,0.9995,0.9997477295660948
19,991,5,4,0.9995,0.9997477295660948
20,990,5,5,0.999,0.9994949494949495
21,990,5,5,0.999,0.9994949494949495
22,990,4,6,0.9995,0.9997474747474747
23,989,5,6,1.0,1.0
24,989,5,6,1.0,1.0
25,989,5,6,1.0,1.0
26,989,5,6,1.0,1.0
27,989,4,7,1.0,1.0
28,989,4,7,1.0,1.0
29,989,4,7,1.0,1.0
30,989,4,7,1.0,1.0
31,989,4,7,1.0,1.0
32,989,4,7,1.0,1.0
33,989,4,7,1.0,1.0
34,989,4,7,1.0,1.0
35,989,4,7,1.0,1.0
36,989,4,7,1.0,1.0
37,989,4,7,1.0,1.0
38,989,4,7,1.0,1.0
39,989,4,7,1.0,1.0
40,989,4,7,1.0,1.0
41,989,4,7,1.0,1.0
42,989,4,7,1.0,1.0
43,989,4,7,1.0,1.0
44,989,4,7,1.0,1.0
45,989,4,7,1.0,1.0
46,989,4,7,1.0,1.0
47,989,4,7,1.0,1.0
48,989,4,7,1.0,1.0
49,989,4,7,1.0,1.0
50,989,4,7,1.0,1.0
51,989,4,7,1.0,1.0
52,989,4,7,1.0,1.0
53,989,4,7,1.0,1.0
54,989,4,7,1.0,1.0
55,988,5,7,1.0,1.0
56,988,5,7,1.0,1.0
57,988,5,7,1.0,1.0
58,988,5,7,1.0,1.0
59,988,4,8,1.0,1.0
60,988,4,8,1.0,1.0
61,988,4,8,1.0,1.0
62,988,4,8,1.0,1.0
63,988,4,8,1.0,1.0
64,988,4,8,1.0,1.0
65,988,4,8,1.0,1.0
66,988,4,8,1.0,1.0
67,988,4,8,1.0,1.0
68,988,4,8,1.0,1.0
69,988,4,8,1.0,1.0
70,988,4,8,1.0,1.0
71,988,4,8,1.0,1.0
72,988,4,8,1.0,1.0
73,988,4,8,1.0,1.0
74,988,4,8,1.0,1.0
75,988,4,8,1.0,1.0
76,988,3,9,1.0,1.0
77,986,5,9,0.9995,0.9997464503042597
78,986,4,10,0.9995,0.9997464503042597
79,985,5,10,0.9995,0.999746192893401
80,985,5,10,0.9995,0.999746192893401
81,985,5,10,0.9995,0.999746192893401
82,985,4,11,0.9995,0.999746192893401
83,985,3,12,0.9995,0.999746192893401
84,985,3,12,0.9995,0.999746192893401
85,985,3,12,0.9995,0.999746192893401
86,985,3,12,0.9995,0.999746192893401
87,985,3,12,0.9995,0.999746192893401
88,985,3,12,0.9995,0.999746192893401
89,985,3,12,0.9995,0.999746192893401
90,985,3,12,0.9995,0.999746192893401
91,985,3,12,0.9995,0.999746192893401
92,985,3,12,0.9995,0.999746192893401
93,985,3,12,0.9995,0.999746192893401
94,985,3,12,0.9995,0.999746192893401
95,985,3,12,0.9995,0.999746192893401
96,985,3,12,0.9995,0.999746192893401
97,985,2,13,1.0,1.0
98,984,3,13,0.9995,0.9997459349593496
99,984,3,13,0.9995,0.9997459349593496
100,984,3,13,0.9995,0.9997459349593496
101,983,2,15,0.9995,0.9997456765005086
102,983,2,15,0.9995,0.9997456765005086
103,983,2,15,0.9995,0.9997456765005086
104,983,2,15,0.9995,0.9997456765005086
105,983,2,15,0.9995,0.9997456765005086
106,983,2,15,0.9995,0.9997456765005086
107,983,2,15,0.9995,0.9997456765005086
108,983,2,15,0.9995,0.9997456765005086
109,983,2,15,0.9995,0.9997456765005086
110,983,2,15,0.9995,0.9997456765005086
111,983,2,15,0.9995,0.9997456765005086
112,983,2,15,0.9995,0.9997456765005086
113,983,2,15,0.9995,0.9997456765005086
114,983,2,15,0.9995,0.9997456765005086
115,983,2,15,0.9995,0.9997456765005086
116,983,2,15,0.9995,0.9997456765005086
117,983,2,15,0.9995,0.9997456765005086
118,983,2,15,0.9995,0.9997456765005086
119,983,2,15,0.9995,0.9997456765005086
120,983,2,15,0.9995,0.9997456765005086
121,983,2,15,0.9995,0.9997456765005086
122,983,2,15,0.9995,0.9997456765005086
123,983,2,15,0.9995,0.9997456765005086
124,983,2,15,0.9995,0.9997456765005086
125,983,2,15,0.9995,0.9997456765005086
126,983,2,15,0.9995,0.9997456765005086
127,983,2,15,0.9995,0.9997456765005086
128,983,2,15,0.9995,0.9997456765005086
129,983,2,15,0.9995,0.9997456765005086
130,983,2,15,0.9995,0.9997456765005086
131,983,2,15,0.9995,0.9997456765005086
132,983,2,15,0.9995,0.9997456765005086
133,983,2,15,0.9995,0.9997456765005086
134,983,2,15,0.9995,0.9997456765005086
135,983,1,16,1.0,1.0
136,983,1,16,1.0,1.0
137,983,1,16,1.0,1.0
138,983,1,16,1.0,1.0
139,983,1,16,1.0,1.0
140,983,1,16,1.0,1.0
141,982,2,16,1.0,1.0
142,982,1,17,1.0,1.0
143,982,1,17,1.0,1.0
144,982,1,17,1.0,1.0
145,982,1,17,1.0,1.0
146,982,1,17,1.0,1.0
147,982,1,17,1.0,1.0
148,982,1,17,1.0,1.0
149,982,1,17,1.0,1.0
150,982,1,17,1.0,1.0
151,982,1,17,1.0,1.0
152,982,0,18,1.0,1.0
153,982,0,18,1.0,1.0
154,982,0,18,1.0,1.0
155,982,0,18,1.0,1.0
156,982,0,18,1.0,1.0
157,982,0,18,1.0,1.0
158,982,0,18,1.0,1.0
159,982,0,18,1.0,1.0
160,982,0,18,1.0,1.0
161,982,0,18,1.0,1.0
162,982,0,18,1.0,1.0
163,982,0,18,1.0,1.0
164,982,0,18,1.0,1.0
165,982,0,18,1.0,1.0
166,982,0,18,1.0,1.0
167,982,0,18,1.0,1.0
168,982,0,18,1.0,1.0
169,982,0,18,1.0,1.0
170,982,0,18,1.0,1.0
171,982,0,18,1.0,1.0
172,982,0,18,1.0,1.0
173,982,0,18,1.0,1.0
174,982,0,18,1.0,1.0
175,982,0,18,1.0,1.0
176,982,0,18,1.0,1.0
177,982,0,18,1.0,1.0
178,982,0,18,1.0,1.0
179,982,0,18,1.0,1.0
180,982,0,18,1.0,1.0
181,982,0,18,1.0,1.0
182,982,0,18,1.0,1.0
183,982,0,18,1.0,1.0
184,982,0,18,1.0,1.0
185,982,0,18,1.0,1.0
186,982,0,18,1.0,1.0
187,982,0,18,1.0,1.0
188,982,0,18,1.0,1.0
189,982,0,18,1.0,1.0
190,982,0,18,1.0,1.0
191,982,0,18,1.0,1.0
192,982,0,18,1.0,1.0
193,982,0,18,1.0,1.0
194,982,0,18,1.0,1.0
195,982,0,18,1.0,1.0
196,982,0,18,1.0,1.0
197,982,0,18,1.0,1.0
198,982,0,18,1.0,1.0
199,982,0,18,1.0,1.0
200,982,0,18,1.0,1.0
1,997,3,0,0.9985,0.9992477432296891
2,997,3,0,0.9985,0.9992477432296891
3,997,3,0,0.9985,0.9992477432296891
4,997,3,0,0.9985,0.9992477432296891
5,997,3,0,0.9985,0.9992477432296891
6,997,2,1,0.9995,0.9997492477432297
7,997,2,1,0.9995,0.9997492477432297
8,997,2,1,0.9995,0.9997492477432297
9,997,2,1,0.9995,0.9997492477432297
10,997,2,1,0.9995,0.9997492477432297
11,997,2,1,0.9995,0.9997492477432297
12,997,2,1,0.9995,0.9997492477432297
13,997,2,1,0.9995,0.9997492477432297
14,996,3,1,0.999,0.9994979919678715
15,995,4,1,0.9985,0.9992462311557789
16,995,4,1,0.9985,0.9992462311557789
17,995,4,1,0.9985,0.9992462311557789
18,995,4,1,0.9985,0.9992462311557789
19,994,5,1,0.9985,0.9992454728370221
20,994,5,1,0.9985,0.9992454728370221
21,994,5,1,0.9985,0.9992454728370221
22,993,6,1,0.9985,0.9992447129909365
23,992,6,2,0.9985,0.9992439516129032
24,992,6,2,0.9985,0.9992439516129032
25,992,6,2,0.9985,0.9992439516129032
26,992,6,2,0.9985,0.9992439516129032
27,991,7,2,0.998,0.9989909182643795
28,991,7,2,0.998,0.9989909182643795
29,991,7,2,0.998,0.9989909182643795
30,989,8,3,0.9995,0.999747219413549
31,989,8,3,0.9995,0.999747219413549
32,989,8,3,0.9995,0.999747219413549
33,989,8,3,0.9995,0.999747219413549
34,989,8,3,0.9995,0.999747219413549
35,989,8,3,0.9995,0.999747219413549
36,989,8,3,0.9995,0.999747219413549
37,989,8,3,0.9995,0.999747219413549
38,989,8,3,0.9995,0.999747219413549
39,989,8,3,0.9995,0.999747219413549
40,989,7,4,0.9995,0.999747219413549
41,989,7,4,0.9995,0.999747219413549
42,989,7,4,0.9995,0.999747219413549
43,989,7,4,0.9995,0.999747219413549
44,989,7,4,0.9995,0.999747219413549
45,989,6,5,0.9995,0.999747219413549
46,989,5,6,0.9995,0.999747219413549
47,989,5,6,0.9995,0.999747219413549
48,989,5,6,0.9995,0.999747219413549
49,989,5,6,0.9995,0.999747219413549
50,989,5,6,0.9995,0.999747219413549
51,989,5,6,0.9995,0.999747219413549
52,989,5,6,0.9995,0.999747219413549
53,989,5,6,0.9995,0.999747219413549
54,989,5,6,0.9995,0.999747219413549
55,987,6,7,0.9995,0.9997467071935157
56,986,7,7,0.9995,0.9997464503042597
57,986,7,7,0.9995,0.9997464503042597
58,986,6,8,0.9995,0.9997464503042597
59,986,6,8,0.9995,0.9997464503042597
60,986,6,8,0.9995,0.9997464503042597
61,986,5,9,1.0,1.0
62,986,4,10,1.0,1.0
63,985,5,10,1.0,1.0
64,985,5,10,1.0,1.0
65,985,5,10,1.0,1.0
66,985,5,10,1.0,1.0
67,985,5,10,1.0,1.0
68,984,6,10,0.9995,0.9997459349593496
69,984,6,10,0.9995,0.9997459349593496
70,984,6,10,0.9995,0.9997459349593496
71,984,5,11,1.0,1.0
72,984,5,11,1.0,1.0
73,984,4,12,1.0,1.0
74,984,4,12,1.0,1.0
75,984,4,12,1.0,1.0
76,983,5,12,1.0,1.0
77,982,6,12,0.9995,0.9997454175152749
78,982,6,12,0.9995,0.9997454175152749
79,982,6,12,0.9995,0.9997454175152749
80,982,5,13,0.9995,0.9997454175152749
81,982,5,13,0.9995,0.9997454175152749
82,981,6,13,0.999,0.9994903160040775
83,981,6,13,0.999,0.9994903160040775
84,981,6,13,0.999,0.9994903160040775
85,981,6,13,0.999,0.9994903160040775
86,980,6,14,0.999,0.9994897959183674
87,980,6,14,0.999,0.9994897959183674
88,980,6,14,0.999,0.9994897959183674
89,980,6,14,0.999,0.9994897959183674
90,980,5,15,0.9995,0.9997448979591836
91,980,5,15,0.9995,0.9997448979591836
92,980,5,15,0.9995,0.9997448979591836
93,980,5,15,0.9995,0.9997448979591836
94,980,5,15,0.9995,0.9997448979591836
95,980,5,15,0.9995,0.9997448979591836
96,980,5,15,0.9995,0.9997448979591836
97,980,4,16,0.9995,0.9997448979591836
98,980,4,16,0.9995,0.9997448979591836
99,980,4,16,0.9995,0.9997448979591836
100,980,4,16,0.9995,0.9997448979591836
101,980,4,16,0.9995,0.9997448979591836
102,980,4,16,0.9995,0.9997448979591836
103,980,4,16,0.9995,0.9997448979591836
104,980,4,16,0.9995,0.9997448979591836
105,980,4,16,0.9995,0.9997448979591836
106,980,4,16,0.9995,0.9997448979591836
107,979,5,16,1.0,1.0
108,979,3,18,1.0,1.0
109,979,3,18,1.0,1.0
110,979,3,18,1.0,1.0
111,979,3,18,1.0,1.0
112,979,3,18,1.0,1.0
113,979,3,18,1.0,1.0
114,979,2,19,1.0,1.0
115,979,2,19,1.0,1.0
116,979,2,19,1.0,1.0
117,979,2,19,1.0,1.0
118,979,2,19,1.0,1.0
119,979,2,19,1.0,1.0
120,979,2,19,1.0,1.0
121,979,2,19,1.0,1.0
122,979,2,19,1.0,1.0
123,979,2,19,1.0,1.0
124,979,2,19,1.0,1.0
125,979,2,19,1.0,1.0
126,979,2,19,1.0,1.0
127,979,2,19,1.0,1.0
128,979,2,19,1.0,1.0
129,979,2,19,1.0,1.0
130,979,0,21,1.0,1.0
131,979,0,21,1.0,1.0
132,979,0,21,1.0,1.0
133,979,0,21,1.0,1.0
134,979,0,21,1.0,1.0
135,979,0,21,1.0,1.0
136,979,0,21,1.0,1.0
137,979,0,21,1.0,1.0
138,979,0,21,1.0,1.0
139,979,0,21,1.0,1.0
140,979,0,21,1.0,1.0
141,979,0,21,1.0,1.0
142,979,0,21,1.0,1.0
143,979,0,21,1.0,1.0
144,979,0,21,1.0,1.0
145,979,0,21,1.0,1.0
146,979,0,21,1.0,1.0
147,979,0,21,1.0,1.0
148,979,0,21,1.0,1.0
149,979,0,21,1.0,1.0
150,979,0,21,1.0,1.0
151,979,0,21,1.0,1.0
152,979,0,21,1.0,1.0
153,979,0,21,1.0,1.0
154,979,0,21,1.0,1.0
155,979,0,21,1.0,1.0
156,979,0,21,1.0,1.0
157,979,0,21,1.0,1.0
158,979,0,21,1.0,1.0
159,979,0,21,1.0,1.0
160,979,0,21,1.0,1.0
161,979,0,21,1.0,1.0
162,979,0,21,1.0,1.0
163,979,0,21,1.0,1.0
164,979,0,21,1.0,1.0
165,979,0,21,1.0,1.0
166,979,0,21,1.0,1.0
167,979,0,21,1.0,1.0
168,979,0,21,1.0,1.0
169,979,0,21,1.0,1.0
170,979,0,21,1.0,1.0
171,979,0,21,1.0,1.0
172,979,0,21,1.0,1.0
173,979,0,21,1.0,1.0
174,979,0,21,1.0,1.0
175,979,0,21,1.0,1.0
176,979,0,21,1.0,1.0
177,979,0,21,1.0,1.0
178,979,0,21,1.0,1.0
179,979,0,21,1.0,1.0
180,979,0,21,1.0,1.0
181,979,0,21,1.0,1.0
182,979,0,21,1.0,1.0
183,979,0,21,1.0,1.0
184,979,0,21,1.0,1.0
185,979,0,21,1.0,1.0
186,979,0,21,1.0,1.0
187,979,0,21,1.0,1.0
188,979,0,21,1.0,1.0
189,979,0,21,1.0,1.0
190,979,0,21,1.0,1.0
191,979,0,21,1.0,1.0
192,979,0,21,1.0,1.0
193,979,0,21,1.0,1.0
194,979,0,21,1.0,1.0
195,979,0,21,1.0,1.0
196,979,0,21,1.0,1.0
197,979,0,21,1.0,1.0
198,979,0,21,1.0,1.0
199,979,0,21,1.0,1.0
200,979,0,21,1.0,1.0
1,999,1,0,1.0,1.0
2,999,1,0,1.0,1.0
3,998,2,0,0.9995,0.999749498997996
4,997,2,1,0.9995,0.9997492477432297
5,996,3,1,0.999,0.9994979919678715
6,995,4,1,0.9985,0.9992462311557789
7,995,4,1,0.9985,0.9992462311557789
8,995,4,1,0.9985,0.9992462311557789
9,995,4,1,0.9985,0.9992462311557789
10,995,4,1,0.9985,0.9992462311557789
11,994,4,2,0.998,0.9989939637826962
12,994,4,2,0.998,0.9989939637826962
13,994,4,2,0.998,0.9989939637826962
14,994,4,2,0.998,0.9989939637826962
15,994,4,2,0.998,0.9989939637826962
16,994,4,2,0.998,0.9989939637826962
17,994,3,3,0.999,0.9994969818913481
18,994,3,3,0.999,0.9994969818913481
19,994,3,3,0.999,0.9994969818913481
20,994,3,3,0.999,0.9994969818913481
21,994,3,3,0.999,0.9994969818913481
22,994,3,3,0.999,0.9994969818913481
23,994,3,3,0.999,0.9994969818913481
24,994,2,4,0.9995,0.9997484909456741
25,994,2,4,0.9995,0.9997484909456741
26,994,2,4,0.9995,0.9997484909456741
27,994,2,4,0.9995,0.9997484909456741
28,994,2,4,0.9995,0.9997484909456741
29,994,2,4,0.9995,0.9997484909456741
30,993,3,4,0.9995,0.9997482376636455
31,993,3,4,0.9995,0.9997482376636455
32,993,2,5,1.0,1.0
33,993,2,5,1.0,1.0
34,993,2,5,1.0,1.0
35,993,2,5,1.0,1.0
36,993,2,5,1.0,1.0
37,993,2,5,1.0,1.0
38,993,1,6,1.0,1.0
39,993,1,6,1.0,1.0
40,993,1,6,1.0,1.0
41,993,1,6,1.0,1.0
42,993,1,6,1.0,1.0
43,993,1,6,1.0,1.0
44,993,1,6,1.0,1.0
45,993,1,6,1.0,1.0
46,993,1,6,1.0,1.0
47,993,1,6,1.0,1.0
48,993,1,6,1.0,1.0
49,993,1,6,1.0,1.0
50,993,1,6,1.0,1.0
51,993,0,7,1.0,1.0
52,993,0,7,1.0,1.0
53,993,0,7,1.0,1.0
54,993,0,7,1.0,1.0
55,993,0,7,1.0,1.0
56,993,0,7,1.0,1.0
57,993,0,7,1.0,1.0
58,993,0,7,1.0,1.0
59,993,0,7,1.0,1.0
60,993,0,7,1.0,1.0
61,993,0,7,1.0,1.0
62,993,0,7,1.0,1.0
63,993,0,7,1.0,1.0
64,993,0,7,1.0,1.0
65,993,0,7,1.0,1.0
66,993,0,7,1.0,1.0
67,993,0,7,1.0,1.0
68,993,0,7,1.0,1.0
69,993,0,7,1.0,1.0
70,993,0,7,1.0,1.0
71,993,0,7,1.0,1.0
72,993,0,7,1.0,1.0
73,993,0,7,1.0,1.0
74,993,0,7,1.0,1.0
75,993,0,7,1.0,1.0
76,993,0,7,1.0,1.0
77,993,0,7,1.0,1.0
78,993,0,7,1.0,1.0
79,993,0,7,1.0,1.0
80,993,0,7,1.0,1.0
81,993,0,7,1.0,1.0
82,993,0,7,1.0,1.0
83,993,0,7,1.0,1.0
84,993,0,7,1.0,1.0
85,993,0,7,1.0,1.0
86,993,0,7,1.0,1.0
87,993,0,7,1.0,1.0
88,993,0,7,1.0,1.0
89,993,0,7,1.0,1.0
90,993,0,7,1.0,1.0
91,993,0,7,1.0,1.0
92,993,0,7,1.0,1.0
93,993,0,7,1.0,1.0
94,993,0,7,1.0,1.0
95,993,0,7,1.0,1.0
96,993,0,7,1.0,1.0
97,993,0,7,1.0,1.0
98,993,0,7,1.0,1.0
99,993,0,7,1.0,1.0
100,993,0,7,1.0,1.0
101,993,0,7,1.0,1.0
102,993,0,7,1.0,1.0
103,993,0,7,1.0,1.0
104,993,0,7,1.0,1.0
105,993,0,7,1.0,1.0
106,993,0,7,1.0,1.0
107,993,0,7,1.0,1.0
108,993,0,7,1.0,1.0
109,993,0,7,1.0,1.0
110,993,0,7,1.0,1.0
111,993,0,7,1.0,1.0
112,993,0,7,1.0,1.0
113,993,0,7,1.0,1.0
114,993,0,7,1.0,1.0
115,993,0,7,1.0,1.0
116,993,0,7,1.0,1.0
117,993,0,7,1.0,1.0
118,993,0,7,1.0,1.0
119,993,0,7,1.0,1.0
120,993,0,7,1.0,1.0
121,993,0,7,1.0,1.0
122,993,0,7,1.0,1.0
123,993,0,7,1.0,1.0
124,993,0,7,1.0,1.0
125,993,0,7,1.0,1.0
126,993,0,7,1.0,1.0
127,993,0,7,1.0,1.0
128,993,0,7,1.0,1.0
129,993,0,7,1.0,1.0
130,993,0,7,1.0,1.0
131,993,0,7,1.0,1.0
132,993,0,7,1.0,1.0
133,993,0,7,1.0,1.0
134,993,0,7,1.0,1.0
135,993,0,7,1.0,1.0
136,993,0,7,1.0,1.0
137,993,0,7,1.0,1.0
138,993,0,7,1.0,1.0
139,993,0,7,1.0,1.0
140,993,0,7,1.0,1.0
141,993,0,7,1.0,1.0
142,993,0,7,1.0,1.0
143,993,0,7,1.0,1.0
144,993,0,7,1.0,1.0
145,993,0,7,1.0,1.0
146,993,0,7,1.0,1.0
147,993,0,7,1.0,1.0
148,993,0,7,1.0,1.0
149,993,0,7,1.0,1.0
150,993,0,7,1.0,1.0
151,993,0,7,1.0,1.0
152,993,0,7,1.0,1.0
153,993,0,7,1.0,1.0
154,993,0,7,1.0,1.0
155,993,0,7,1.0,1.0
156,993,0,7,1.0,1.0
157,993,0,7,1.0,1.0
158,993,0,7,1.0,1.0
159,993,0,7,1.0,1.0
160,993,0,7,1.0,1.0
161,993,0,7,1.0,1.0
162,993,0,7,1.0,1.0
163,993,0,7,1.0,1.0
164,993,0,7,1.0,1.0
165,993,0,7,1.0,1.0
166,993,0,7,1.0,1.0
167,993,0,7,1.0,1.0
168,993,0,7,1.0,1.0
169,993,0,7,1.0,1.0
170,993,0,7,1.0,1.0
171,993,0,7,1.0,1.0
172,993,0,7,1.0,1.0
173,993,0,7,1.0,1.0
174,993,0,7,1.0,1.0
175,993,0,7,1.0,1.0
176,993,0,7,1.0,1.0
177,993,0,7,1.0,1.0
178,993,0,7,1.0,1.0
179,993,0,7,1.0,1.0
180,993,0,7,1.0,1.0
181,993,0,7,1.0,1.0
182,993,0,7,1.0,1.0
183,993,0,7,1.0,1.0
184,993,0,7,1.0,1.0
185,993,0,7,1.0,1.0
186,993,0,7,1.0,1.0
187,993,0,7,1.0,1.0
188,993,0,7,1.0,1.0
189,993,0,7,1.0,1.0
190,993,0,7,1.0,1.0
191,993,0,7,1.0,1.0
192,993,0,7,1.0,1.0
193,993,0,7,1.0,1.0
194,993,0,7,1.0,1.0
195,993,0,7,1.0,1.0
196,993,0,7,1.0,1.0
197,993,0,7,1.0,1.0
198,993,0,7,1.0,1.0
199,993,0,7,1.0,1.0
200,993,0,7,1.0,1.0
1,999,1,0,1.0,1.0
2,999,1,0,1.0,1.0
3,999,1,0,1.0,1.0
4,999,1,0,1.0,1.0
5,999,1,0,1.0,1.0
6,998,2,0,0.999,0.999498997995992
7,997,3,0,0.9985,0.9992477432296891
8,997,3,0,0.9985,0.9992477432296891
9,997,3,0,0.9985,0.9992477432296891
10,997,3,0,0.9985,0.9992477432296891
11,997,3,0,0.9985,0.9992477432296891
12,997,3,0,0.9985,0.9992477432296891
13,997,3,0,0.9985,0.9992477432296891
14,997,3,0,0.9985,0.9992477432296891
15,997,3,0,0.9985,0.9992477432296891
16,997,3,0,0.9985,0.9992477432296891
17,997,3,0,0.9985,0.9992477432296891
18,997,2,1,0.9995,0.9997492477432297
19,996,2,2,0.9995,0.9997489959839357
20,996,2,2,0.9995,0.9997489959839357
21,995,3,2,0.999,0.9994974874371859
22,994,4,2,0.999,0.9994969818913481
23,994,4,2,0.999,0.9994969818913481
24,993,5,2,0.999,0.999496475327291
25,993,5,2,0.999,0.999496475327291
26,993,4,3,0.9995,0.9997482376636455
27,993,4,3,0.9995,0.9997482376636455
28,993,3,4,0.9995,0.9997482376636455
29,993,3,4,0.9995,0.9997482376636455
30,993,2,5,0.9995,0.9997482376636455
31,993,2,5,0.9995,0.9997482376636455
32,993,2,5,0.9995,0.9997482376636455
33,993,2,5,0.9995,0.9997482376636455
34,993,2,5,0.9995,0.9997482376636455
35,993,2,5,0.9995,0.9997482376636455
36,993,2,5,0.9995,0.9997482376636455
37,993,2,5,0.9995,0.9997482376636455
38,993,2,5,0.9995,0.9997482376636455
39,993,2,5,0.9995,0.9997482376636455
40,993,2,5,0.9995,0.9997482376636455
41,993,2,5,0.9995,0.9997482376636455
42,993,2,5,0.9995,0.9997482376636455
43,993,2,5,0.9995,0.9997482376636455
44,993,2,5,0.9995,0.9997482376636455
45,993,2,5,0.9995,0.9997482376636455
46,993,2,5,0.9995,0.9997482376636455
47,993,2,5,0.9995,0.9997482376636455
48,993,2,5,0.9995,0.9997482376636455
49,993,2,5,0.9995,0.9997482376636455
50,993,2,5,0.9995,0.9997482376636455
51,993,2,5,0.9995,0.9997482376636455
52,993,2,5,0.9995,0.9997482376636455
53,993,2,5,0.9995,0.9997482376636455
54,993,2,5,0.9995,0.9997482376636455
55,993,2,5,0.9995,0.9997482376636455
56,993,2,5,0.9995,0.9997482376636455
57,993,2,5,0.9995,0.9997482376636455
58,993,2,5,0.9995,0.9997482376636455
59,993,1,6,1.0,1.0
60,993,1,6,1.0,1.0
61,993,1,6,1.0,1.0
62,993,1,6,1.0,1.0
63,993,1,6,1.0,1.0
64,993,1,6,1.0,1.0
65,993,1,6,1.0,1.0
66,993,1,6,1.0,1.0
67,993,1,6,1.0,1.0
68,993,1,6,1.0,1.0
69,993,1,6,1.0,1.0
70,992,2,6,1.0,1.0
71,992,2,6,1.0,1.0
72,992,2,6,1.0,1.0
73,992,2,6,1.0,1.0
74,992,2,6,1.0,1.0
75,992,2,6,1.0,1.0
76,992,2,6,1.0,1.0
77,992,2,6,1.0,1.0
78,992,2,6,1.0,1.0
79,992,2,6,1.0,1.0
80,992,2,6,1.0,1.0
81,992,2,6,1.0,1.0
82,992,2,6,1.0,1.0
83,992,2,6,1.0,1.0
84,992,2,6,1.0,1.0
85,992,2,6,1.0,1.0
86,992,2,6,1.0,1.0
87,992,2,6,1.0,1.0
88,992,2,6,1.0,1.0
89,992,2,6,1.0,1.0
90,992,2,6,1.0,1.0
91,992,2,6,1.0,1.0
92,992,2,6,1.0,1.0
93,992,2,6,1.0,1.0
94,992,2,6,1.0,1.0
95,992,2,6,1.0,1.0
96,992,2,6,1.0,1.0
97,992,2,6,1.0,1.0
98,992,2,6,1.0,1.0
99,992,2,6,1.0,1.0
100,992,2,6,1.0,1.0
101,992,1,7,1.0,1.0
102,992,1,7,1.0,1.0
103,992,1,7,1.0,1.0
104,992,1,7,1.0,1.0
105,992,1,7,1.0,1.0
106,992,1,7,1.0,1.0
107,991,2,7,1.0,1.0
108,991,2,7,1.0,1.0
109,991,2,7,1.0,1.0
110,991,2,7,1.0,1.0
111,991,2,7,1.0,1.0
112,991,2,7,1.0,1.0
113,991,2,7,1.0,1.0
114,991,2,7,1.0,1.0
115,991,2,7,1.0,1.0
116,991,2,7,1.0,1.0
117,991,2,7,1.0,1.0
118,991,2,7,1.0,1.0
119,991,2,7,1.0,1.0
120,991,2,7,1.0,1.0
121,990,2,8,1.0,1.0
122,990,2,8,1.0,1.0
123,990,2,8,1.0,1.0
124,990,2,8,1.0,1.0
125,990,2,8,1.0,1.0
126,990,2,8,1.0,1.0
127,990,2,8,1.0,1.0
128,990,2,8,1.0,1.0
129,990,2,8,1.0,1.0
130,990,2,8,1.0,1.0
131,990,2,8,1.0,1.0
132,990,2,8,1.0,1.0
133,990,2,8,1.0,1.0
134,990,2,8,1.0,1.0
135,990,2,8,1.0,1.0
136,989,3,8,1.0,1.0
137,989,3,8,1.0,1.0
138,989,3,8,1.0,1.0
139,989,3,8,1.0,1.0
140,989,2,9,1.0,1.0
141,989,2,9,1.0,1.0
142,989,2,9,1.0,1.0
143,989,2,9,1.0,1.0
144,989,2,9,1.0,1.0
145,989,2,9,1.0,1.0
146,988,3,9,0.9995,0.999746963562753
147,988,3,9,0.9995,0.999746963562753
148,988,3,9,0.9995,0.999746963562753
149,988,3,9,0.9995,0.999746963562753
150,988,3,9,0.9995,0.999746963562753
151,988,3,9,0.9995,0.999746963562753
152,988,3,9,0.9995,0.999746963562753
153,988,3,9,0.9995,0.999746963562753
154,988,3,9,0.9995,0.999746963562753
155,988,3,9,0.9995,0.999746963562753
156,988,3,9,0.9995,0.999746963562753
157,988,3,9,0.9995,0.999746963562753
158,988,3,9,0.9995,0.999746963562753
159,987,4,9,0.9995,0.9997467071935157
160,987,3,10,1.0,1.0
161,987,3,10,1.0,1.0
162,987,3,10,1.0,1.0
163,987,3,10,1.0,1.0
164,987,2,11,1.0,1.0
165,987,2,11,1.0,1.0
166,987,2,11,1.0,1.0
167,987,2,11,1.0,1.0
168,987,2,11,1.0,1.0
169,986,3,11,1.0,1.0
170,986,3,11,1.0,1.0
171,986,3,11,1.0,1.0
172,986,3,11,1.0,1.0
173,986,3,11,1.0,1.0
174,986,3,11,1.0,1.0
175,986,3,11,1.0,1.0
176,986,3,11,1.0,1.0
177,986,3,11,1.0,1.0
178,986,3,11,1.0,1.0
179,986,3,11,1.0,1.0
180,986,3,11,1.0,1.0
181,986,3,11,1.0,1.0
182,986,3,11,1.0,1.0
183,986,3,11,1.0,1.0
184,986,3,11,1.0,1.0
185,986,3,11,1.0,1.0
186,986,3,11,1.0,1.0
187,986,2,12,1.0,1.0
188,986,2,12,1.0,1.0
189,986,2,12,1.0,1.0
190,986,2,12,1.0,1.0
191,986,2,12,1.0,1.0
192,986,2,12,1.0,1.0
193,986,2,12,1.0,1.0
194,986,2,12,1.0,1.0
195,986,2,12,1.0,1.0
196,986,2,12,1.0,1.0
197,986,2,12,1.0,1.0
198,986,2,12,1.0,1.0
199,986,2,12,1.0,1.0
200,985,3,12,0.9995,0.999746192893401
1,999,1,0,1.0,1.0
2,999,1,0,1.0,1.0
3,999,0,1,1.0,1.0
4,999,0,1,1.0,1.0
5,999,0,1,1.0,1.0
6,999,0,1,1.0,1.0
7,999,0,1,1.0,1.0
8,999,0,1,1.0,1.0
9,999,0,1,1.0,1.0
10,999,0,1,1.0,1.0
11,999,0,1,1.0,1.0
12,999,0,1,1.0,1.0
13,999,0,1,1.0,1.0
14,999,0,1,1.0,1.0
15,999,0,1,1.0,1.0
16,999,0,1,1.0,1.0
17,999,0,1,1.0,1.0
18,999,0,1,1.0,1.0
19,999,0,1,1.0,1.0
20,999,0,1,1.0,1.0
21,999,0,1,1.0,1.0
22,999,0,1,1.0,1.0
23,999,0,1,1.0,1.0
24,999,0,1,1.0,1.0
25,999,0,1,1.0,1.0
26,999,0,1,1.0,1.0
27,999,0,1,1.0,1.0
28,999,0,1,1.0,1.0
29,999,0,1,1.0,1.0
30,999,0,1,1.0,1.0
31,999,0,1,1.0,1.0
32,999,0,1,1.0,1.0
33,999,0,1,1.0,1.0
34,999,0,1,1.0,1.0
35,999,0,1,1.0,1.0
36,999,0,1,1.0,1.0
37,999,0,1,1.0,1.0
38,999,0,1,1.0,1.0
39,999,0,1,1.0,1.0
40,999,0,1,1.0,1.0
41,999,0,1,1.0,1.0
42,999,0,1,1.0,1.0
43,999,0,1,1.0,1.0
44,999,0,1,1.0,1.0
45,999,0,1,1.0,1.0
46,999,0,1,1.0,1.0
47,999,0,1,1.0,1.0
48,999,0,1,1.0,1.0
49,999,0,1,1.0,1.0
50,999,0,1,1.0,1.0
51,999,0,1,1.0,1.0
52,999,0,1,1.0,1.0
53,999,0,1,1.0,1.0
54,999,0,1,1.0,1.0
55,999,0,1,1.0,1.0
56,999,0,1,1.0,1.0
57,999,0,1,1.0,1.0
58,999,0,1,1.0,1.0
59,999,0,1,1.0,1.0
60,999,0,1,1.0,1.0
61,999,0,1,1.0,1.0
62,999,0,1,1.0,1.0
63,999,0,1,1.0,1.0
64,999,0,1,1.0,1.0
65,999,0,1,1.0,1.0
66,999,0,1,1.0,1.0
67,999,0,1,1.0,1.0
68,999,0,1,1.0,1.0
69,999,0,1,1.0,1.0
70,999,0,1,1.0,1.0
71,999,0,1,1.0,1.0
72,999,0,1,1.0,1.0
73,999,0,1,1.0,1.0
74,999,0,1,1.0,1.0
75,999,0,1,1.0,1.0
76,999,0,1,1.0,1.0
77,999,0,1,1.0,1.0
78,999,0,1,1.0,1.0
79,999,0,1,1.0,1.0
80,999,0,1,1.0,1.0
81,999,0,1,1.0,1.0
82,999,0,1,1.0,1.0
83,999,0,1,1.0,1.0
84,999,0,1,1.0,1.0
85,999,0,1,1.0,1.0
86,999,0,1,1.0,1.0
87,999,0,1,1.0,1.0
88,999,0,1,1.0,1.0
89,999,0,1,1.0,1.0
90,999,0,1,1.0,1.0
91,999,0,1,1.0,1.0
92,999,0,1,1.0,1.0
93,999,0,1,1.0,1.0
94,999,0,1,1.0,1.0
95,999,0,1,1.0,1.0
96,999,0,1,1.0,1.0
97,999,0,1,1.0,1.0
98,999,0,1,1.0,1.0
99,999,0,1,1.0,1.0
100,999,0,1,1.0,1.0
101,999,0,1,1.0,1.0
102,999,0,1,1.0,1.0
103,999,0,1,1.0,1.0
104,999,0,1,1.0,1.0
105,999,0,1,1.0,1.0
106,999,0,1,1.0,1.0
107,999,0,1,1.0,1.0
108,999,0,1,1.0,1.0
109,999,0,1,1.0,1.0
110,999,0,1,1.0,1.0
111,999,0,1,1.0,1.0
112,999,0,1,1.0,1.0
113,999,0,1,1.0,1.0
114,999,0,1,1.0,1.0
115,999,0,1,1.0,1.0
116,999,0,1,1.0,1.0
117,999,0,1,1.0,1.0
118,999,0,1,1.0,1.0
119,999,0,1,1.0,1.0
120,999,0,1,1.0,1.0
121,999,0,1,1.0,1.0
122,999,0,1,1.0,1.0
123,999,0,1,1.0,1.0
124,999,0,1,1.0,1.0
125,999,0,1,1.0,1.0
126,999,0,1,1.0,1.0
127,999,0,1,1.0,1.0
128,999,0,1,1.0,1.0
129,999,0,1,1.0,1.0
130,999,0,1,1.0,1.0
131,999,0,1,1.0,1.0
132,999,0,1,1.0,1.0
133,999,0,1,1.0,1.0
134,999,0,1,1.0,1.0
135,999,0,1,1.0,1.0
136,999,0,1,1.0,1.0
137,999,0,1,1.0,1.0
138,999,0,1,1.0,1.0
139,999,0,1,1.0,1.0
140,999,0,1,1.0,1.0
141,999,0,1,1.0,1.0
142,999,0,1,1.0,1.0
143,999,0,1,1.0,1.0
144,999,0,1,1.0,1.0
145,999,0,1,1.0,1.0
146,999,0,1,1.0,1.0
147,999,0,1,1.0,1.0
148,999,0,1,1.0,1.0
149,999,0,1,1.0,1.0
150,999,0,1,1.0,1.0
151,999,0,1,1.0,1.0
152,999,0,1,1.0,1.0
153,999,0,1,1.0,1.0
154,999,0,1,1.0,1.0
155,999,0,1,1.0,1.0
156,999,0,1,1.0,1.0
157,999,0,1,1.0,1.0
158,999,0,1,1.0,1.0
159,999,0,1,1.0,1.0
160,999,0,1,1.0,1.0
161,999,0,1,1.0,1.0
162,999,0,1,1.0,1.0
163,999,0,1,1.0,1.0
164,999,0,1,1.0,1.0
165,999,0,1,1.0,1.0
166,999,0,1,1.0,1.0
167,999,0,1,1.0,1.0
168,999,0,1,1.0,1.0
169,999,0,1,1.0,1.0
170,999,0,1,1.0,1.0
171,999,0,1,1.0,1.0
172,999,0,1,1.0,1.0
173,999,0,1,1.0,1.0
174,999,0,1,1.0,1.0
175,999,0,1,1.0,1.0
176,999,0,1,1.0,1.0
177,999,0,1,1.0,1.0
178,999,0,1,1.0,1.0
179,999,0,1,1.0,1.0
180,999,0,1,1.0,1.0
181,999,0,1,1.0,1.0
182,999,0,1,1.0,1.0
183,999,0,1,1.0,1.0
184,999,0,1,1.0,1.0
185,999,0,1,1.0,1.0
186,999,0,1,1.0,1.0
187,999,0,1,1.0,1.0
188,999,0,1,1.0,1.0
189,999,0,1,1.0,1.0
190,999,0,1,1.0,1.0
191,999,0,1,1.0,1.0
192,999,0,1,1.0,1.0
193,999,0,1,1.0,1.0
194,999,0,1,1.0,1.0
195,999,0,1,1.0,1.0
196,999,0,1,1.0,1.0
197,999,0,1,1.0,1.0
198,999,0,1,1.0,1.0
199,999,0,1,1.0,1.0
200,999,0,1,1.0,1.0
1,999,1,0,1.0,1.0
2,999,0,1,1.0,1.0
3,999,0,1,1.0,1.0
4,999,0,1,1.0,1.0
5,999,0,1,1.0,1.0
6,999,0,1,1.0,1.0
7,999,0,1,1.0,1.0
8,999,0,1,1.0,1.0
9,999,0,1,1.0,1.0
10,999,0,1,1.0,1.0
11,999,0,1,1.0,1.0
12,999,0,1,1.0,1.0
13,999,0,1,1.0,1.0
14,999,0,1,1.0,1.0
15,999,0,1,1.0,1.0
16,999,0,1,1.0,1.0
17,999,0,1,1.0,1.0
18,999,0,1,1.0,1.0
19,999,0,1,1.0,1.0
20,999,0,1,1.0,1.0
21,999,0,1,1.0,1.0
22,999,0,1,1.0,1.0
23,999,0,1,1.0,1.0
24,999,0,1,1.0,1.0
25,999,0,1,1.0,1.0
26,999,0,1,1.0,1.0
27,999,0,1,1.0,1.0
28,999,0,1,1.0,1.0
29,999,0,1,1.0,1.0
30,999,0,1,1.0,1.0
31,999,0,1,1.0,1.0
32,999,0,1,1.0,1.0
33,999,0,1,1.0,1.0
34,999,0,1,1.0,1.0
35,999,0,1,1.0,1.0
36,999,0,1,1.0,1.0
37,999,0,1,1.0,1.0
38,999,0,1,1.0,1.0
39,999,0,1,1.0,1.0
40,999,0,1,1.0,1.0
41,999,0,1,1.0,1.0
42,999,0,1,1.0,1.0
43,999,0,1,1.0,1.0
44,999,0,1,1.0,1.0
45,999,0,1,1.0,1.0
46,999,0,1,1.0,1.0
47,999,0,1,1.0,1.0
48,999,0,1,1.0,1.0
49,999,0,1,1.0,1.0
50,999,0,1,1.0,1.0
51,999,0,1,1.0,1.0
52,999,0,1,1.0,1.0
53,999,0,1,1.0,1.0
54,999,0,1,1.0,1.0
55,999,0,1,1.0,1.0
56,999,0,1,1.0,1.0
57,999,0,1,1.0,1.0
58,999,0,1,1.0,1.0
59,999,0,1,1.0,1.0
60,999,0,1,1.0,1.0
61,999,0,1,1.0,1.0
62,999,0,1,1.0,1.0
63,999,0,1,1.0,1.0
64,999,0,1,1.0,1.0
65,999,0,1,1.0,1.0
66,999,0,1,1.0,1.0
67,999,0,1,1.0,1.0
68,999,0,1,1.0,1.0
69,999,0,1,1.0,1.0
70,999,0,1,1.0,1.0
71,999,0,1,1.0,1.0
72,999,0,1,1.0,1.0
73,999,0,1,1.0,1.0
74,999,0,1,1.0,1.0
75,999,0,1,1.0,1.0
76,999,0,1,1.0,1.0
77,999,0,1,1.0,1.0
78,999,0,1,1.0,1.0
79,999,0,1,1.0,1.0
80,999,0,1,1.0,1.0
81,999,0,1,1.0,1.0
82,999,0,1,1.0,1.0
83,999,0,1,1.0,1.0
84,999,0,1,1.0,1.0
85,999,0,1,1.0,1.0
86,999,0,1,1.0,1.0
87,999,0,1,1.0,1.0
88,999,0,1,1.0,1.0
89,999,0,1,1.0,1.0
90,999,0,1,1.0,1.0
91,999,0,1,1.0,1.0
92,999,0,1,1.0,1.0
93,999,0,1,1.0,1.0
94,999,0,1,1.0,1.0
95,999,0,1,1.0,1.0
96,999,0,1,1.0,1.0
97,999,0,1,1.0,1.0
98,999,0,1,1.0,1.0
99,999,0,1,1.0,1.0
100,999,0,1,1.0,1.0
101,999,0,1,1.0,1.0
102,999,0,1,1.0,1.0
103,999,0,1,1.0,1.0
104,999,0,1,1.0,1.0
105,999,0,1,1.0,1.0
106,999,0,1,1.0,1.0
107,999,0,1,1.0,1.0
108,999,0,1,1.0,1.0
109,999,0,1,1.0,1.0
110,999,0,1,1.0,1.0
111,999,0,1,1.0,1.0
112,999,0,1,1.0,1.0
113,999,0,1,1.0,1.0
114,999,0,1,1.0,1.0
115,999,0,1,1.0,1.0
116,999,0,1,1.0,1.0
117,999,0,1,1.0,1.0
118,999,0,1,1.0,1.0
119,999,0,1,1.0,1.0
120,999,0,1,1.0,1.0
121,999,0,1,1.0,1.0
122,999,0,1,1.0,1.0
123,999,0,1,1.0,1.0
124,999,0,1,1.0,1.0
125,999,0,1,1.0,1.0
126,999,0,1,1.0,1.0
127,999,0,1,1.0,1.0
128,999,0,1,1.0,1.0
129,999,0,1,1.0,1.0
130,999,0,1,1.0,1.0
131,999,0,1,1.0,1.0
132,999,0,1,1.0,1.0
133,999,0,1,1.0,1.0
134,999,0,1,1.0,1.0
135,999,0,1,1.0,1.0
136,999,0,1,1.0,1.0
137,999,0,1,1.0,1.0
138,999,0,1,1.0,1.0
139,999,0,1,1.0,1.0
140,999,0,1,1.0,1.0
141,999,0,1,1.0,1.0
142,999,0,1,1.0,1.0
143,999,0,1,1.0,1.0
144,999,0,1,1.0,1.0
145,999,0,1,1.0,1.0
146,999,0,1,1.0,1.0
147,999,0,1,1.0,1.0
148,999,0,1,1.0,1.0
149,999,0,1,1.0,1.0
150,999,0,1,1.0,1.0
151,999,0,1,1.0,1.0
152,999,0,1,1.0,1.0
153,999,0,1,1.0,1.0
154,999,0,1,1.0,1.0
155,999,0,1,1.0,1.0
156,999,0,1,1.0,1.0
157,999,0,1,1.0,1.0
158,999,0,1,1.0,1.0
159,999,0,1,1.0,1.0
160,999,0,1,1.0,1.0
161,999,0,1,1.0,1.0
162,999,0,1,1.0,1.0
163,999,0,1,1.0,1.0
164,999,0,1,1.0,1.0
165,999,0,1,1.0,1.0
166,999,0,1,1.0,1.0
167,999,0,1,1.0,1.0
168,999,0,1,1.0,1.0
169,999,0,1,1.0,1.0
170,999,0,1,1.0,1.0
171,999,0,1,1.0,1.0
172,999,0,1,1.0,1.0
173,999,0,1,1.0,1.0
174,999,0,1,1.0,1.0
175,999,0,1,1.0,1.0
176,999,0,1,1.0,1.0
177,999,0,1,1.0,1.0
178,999,0,1,1.0,1.0
179,999,0,1,1.0,1.0
180,999,0,1,1.0,1.0
181,999,0,1,1.0,1.0
182,999,0,1,1.0,1.0
183,999,0,1,1.0,1.0
184,999,0,1,1.0,1.0
185,999,0,1,1.0,1.0
186,999,0,1,1.0,1.0
187,999,0,1,1.0,1.0
188,999,0,1,1.0,1.0
189,999,0,1,1.0,1.0
190,999,0,1,1.0,1.0
191,999,0,1,1.0,1.0
192,999,0,1,1.0,1.0
193,999,0,1,1.0,1.0
194,999,0,1,1.0,1.0
195,999,0,1,1.0,1.0
196,999,0,1,1.0,1.0
197,999,0,1,1.0,1.0
198,999,0,1,1.0,1.0
199,999,0,1,1.0,1.0
200,999,0,1,1.0,1.0
1,999,1,0,1.0,1.0
2,999,1,0,1.0,1.0
3,999,1,0,1.0,1.0
4,999,1,0,1.0,1.0
5,998,1,1,1.0,1.0
6,998,1,1,1.0,1.0
7,998,1,1,1.0,1.0
8,998,1,1,1.0,1.0
9,998,1,1,1.0,1.0
10,998,1,1,1.0,1.0
11,998,1,1,1.0,1.0
12,997,1,2,1.0,1.0
13,995,3,2,0.999,0.9994974874371859
14,994,3,3,0.9995,0.9997484909456741
15,993,3,4,0.9995,0.9997482376636455
16,993,3,4,0.9995,0.9997482376636455
17,993,3,4,0.9995,0.9997482376636455
18,993,3,4,0.9995,0.9997482376636455
19,993,3,4,0.9995,0.9997482376636455
20,993,2,5,1.0,1.0
21,993,2,5,1.0,1.0
22,993,2,5,1.0,1.0
23,993,2,5,1.0,1.0
24,993,2,5,1.0,1.0
25,993,2,5,1.0,1.0
26,993,0,7,1.0,1.0
27,993,0,7,1.0,1.0
28,993,0,7,1.0,1.0
29,993,0,7,1.0,1.0
30,993,0,7,1.0,1.0
31,993,0,7,1.0,1.0
32,993,0,7,1.0,1.0
33,993,0,7,1.0,1.0
34,993,0,7,1.0,1.0
35,993,0,7,1.0,1.0
36,993,0,7,1.0,1.0
37,993,0,7,1.0,1.0
38,993,0,7,1.0,1.0
39,993,0,7,1.0,1.0
40,993,0,7,1.0,1.0
41,993,0,7,1.0,1.0
42,993,0,7,1.0,1.0
43,993,0,7,1.0,1.0
44,993,0,7,1.0,1.0
45,993,0,7,1.0,1.0
46,993,0,7,1.0,1.0
47,993,0,7,1.0,1.0
48,993,0,7,1.0,1.0
49,993,0,7,1.0,1.0
50,993,0,7,1.0,1.0
51,993,0,7,1.0,1.0
52,993,0,7,1.0,1.0
53,993,0,7,1.0,1.0
54,993,0,7,1.0,1.0
55,993,0,7,1.0,1.0
56,993,0,7,1.0,1.0
57,993,0,7,1.0,1.0
58,993,0,7,1.0,1.0
59,993,0,7,1.0,1.0
60,993,0,7,1.0,1.0
61,993,0,7,1.0,1.0
62,993,0,7,1.0,1.0
63,993,0,7,1.0,1.0
64,993,0,7,1.0,1.0
65,993,0,7,1.0,1.0
66,993,0,7,1.0,1.0
67,993,0,7,1.0,1.0
68,993,0,7,1.0,1.0
69,993,0,7,1.0,1.0
70,993,0,7,1.0,1.0
71,993,0,7,1.0,1.0
72,993,0,7,1.0,1.0
73,993,0,7,1.0,1.0
74,993,0,7,1.0,1.0
75,993,0,7,1.0,1.0
76,993,0,7,1.0,1.0
77,993,0,7,1.0,1.0
78,993,0,7,1.0,1.0
79,993,0,7,1.0,1.0
80,993,0,7,1.0,1.0
81,993,0,7,1.0,1.0
82,993,0,7,1.0,1.0
83,993,0,7,1.0,1.0
84,993,0,7,1.0,1.0
85,993,0,7,1.0,1.0
86,993,0,7,1.0,1.0
87,993,0,7,1.0,1.0
88,993,0,7,1.0,1.0
89,993,0,7,1.0,1.0
90,993,0,7,1.0,1.0
91,993,0,7,1.0,1.0
92,993,0,7,1.0,1.0
93,993,0,7,1.0,1.0
94,993,0,7,1.0,1.0
95,993,0,7,1.0,1.0
96,993,0,7,1.0,1.0
97,993,0,7,1.0,1.0
98,993,0,7,1.0,1.0
99,993,0,7,1.0,1.0
100,993,0,7,1.0,1.0
101,993,0,7,1.0,1.0
102,993,0,7,1.0,1.0
103,993,0,7,1.0,1.0
104,993,0,7,1.0,1.0
105,993,0,7,1.0,1.0
106,993,0,7,1.0,1.0
107,993,0,7,1.0,1.0
108,993,0,7,1.0,1.0
109,993,0,7,1.0,1.0
110,993,0,7,1.0,1.0
111,993,0,7,1.0,1.0
112,993,0,7,1.0,1.0
113,993,0,7,1.0,1.0
114,993,0,7,1.0,1.0
115,993,0,7,1.0,1.0
116,993,0,7,1.0,1.0
117,993,0,7,1.0,1.0
118,993,0,7,1.0,1.0
119,993,0,7,1.0,1.0
120,993,0,7,1.0,1.0
121,993,0,7,1.0,1.0
122,993,0,7,1.0,1.0
123,993,0,7,1.0,1.0
124,993,0,7,1.0,1.0
125,993,0,7,1.0,1.0
126,993,0,7,1.0,1.0
127,993,0,7,1.0,1.0
128,993,0,7,1.0,1.0
129,993,0,7,1.0,1.0
130,993,0,7,1.0,1.0
131,993,0,7,1.0,1.0
132,993,0,7,1.0,1.0
133,993,0,7,1.0,1.0
134,993,0,7,1.0,1.0
135,993,0,7,1.0,1.0
136,993,0,7,1.0,1.0
137,993,0,7,1.0,1.0
138,993,0,7,1.0,1.0
139,993,0,7,1.0,1.0
140,993,0,7,1.0,1.0
141,993,0,7,1.0,1.0
142,993,0,7,1.0,1.0
143,993,0,7,1.0,1.0
144,993,0,7,1.0,1.0
145,993,0,7,1.0,1.0
146,993,0,7,1.0,1.0
147,993,0,7,1.0,1.0
148,993,0,7,1.0,1.0
149,993,0,7,1.0,1.0
150,993,0,7,1.0,1.0
151,993,0,7,1.0,1.0
152,993,0,7,1.0,1.0
153,993,0,7,1.0,1.0
154,993,0,7,1.0,1.0
155,993,0,7,1.0,1.0
156,993,0,7,1.0,1.0
157,993,0,7,1.0,1.0
158,993,0,7,1.0,1.0
159,993,0,7,1.0,1.0
160,993,0,7,1.0,1.0
161,993,0,7,1.0,1.0
162,993,0,7,1.0,1.0
163,993,0,7,1.0,1.0
164,993,0,7,1.0,1.0
165,993,0,7,1.0,1.0
166,993,0,7,1.0,1.0
167,993,0,7,1.0,1.0
168,993,0,7,1.0,1.0
169,993,0,7,1.0,1.0
170,993,0,7,1.0,1.0
171,993,0,7,1.0,1.0
172,993,0,7,1.0,1.0
173,993,0,7,1.0,1.0
174,993,0,7,1.0,1.0
175,993,0,7,1.0,1.0
176,993,0,7,1.0,1.0
177,993,0,7,1.0,1.0
178,993,0,7,1.0,1.0
179,993,0,7,1.0,1.0
180,993,0,7,1.0,1.0
181,993,0,7,1.0,1.0
182,993,0,7,1.0,1.0
183,993,0,7,1.0,1.0
184,993,0,7,1.0,1.0
185,993,0,7,1.0,1.0
186,993,0,7,1.0,1.0
187,993,0,7,1.0,1.0
188,993,0,7,1.0,1.0
189,993,0,7,1.0,1.0
190,993,0,7,1.0,1.0
191,993,0,7,1.0,1.0
192,993,0,7,1.0,1.0
193,993,0,7,1.0,1.0
194,993,0,7,1.0,1.0
195,993,0,7,1.0,1.0
196,993,0,7,1.0,1.0
197,993,0,7,1.0,1.0
198,993,0,7,1.0,1.0
199,993,0,7,1.0,1.0
200,993,0,7,1.0,1.0
1,999,1,0,1.0,1.0
2,998,2,0,0.9995,0.999749498997996
3,998,2,0,0.9995,0.999749498997996
4,995,5,0,0.999,0.9994974874371859
5,994,5,1,0.999,0.9994969818913481
6,993,6,1,0.999,0.999496475327291
7,993,6,1,0.999,0.999496475327291
8,993,5,2,0.999,0.999496475327291
9,993,5,2,0.999,0.999496475327291
10,993,5,2,0.999,0.999496475327291
11,993,5,2,0.999,0.999496475327291
12,993,5,2,0.999,0.999496475327291
13,993,4,3,0.9995,0.9997482376636455
14,993,3,4,1.0,1.0
15,993,3,4,1.0,1.0
16,992,4,4,0.9995,0.9997479838709677
17,992,4,4,0.9995,0.9997479838709677
18,992,4,4,0.9995,0.9997479838709677
19,992,4,4,0.9995,0.9997479838709677
20,992,4,4,0.9995,0.9997479838709677
21,992,4,4,0.9995,0.9997479838709677
22,992,4,4,0.9995,0.9997479838709677
23,992,4,4,0.9995,0.9997479838709677
24,992,4,4,0.9995,0.9997479838709677
25,991,5,4,0.999,0.9994954591321897
26,991,4,5,0.9995,0.9997477295660948
27,991,4,5,0.9995,0.9997477295660948
28,991,4,5,0.9995,0.9997477295660948
29,990,5,5,0.999,0.9994949494949495
30,990,5,5,0.999,0.9994949494949495
31,990,5,5,0.999,0.9994949494949495
32,990,5,5,0.999,0.9994949494949495
33,990,5,5,0.999,0.9994949494949495
34,989,6,5,0.999,0.9994944388270981
35,989,6,5,0.999,0.9994944388270981
36,989,5,6,0.999,0.9994944388270981
37,989,5,6,0.999,0.9994944388270981
38,989,5,6,0.999,0.9994944388270981
39,989,5,6,0.999,0.9994944388270981
40,989,5,6,0.999,0.9994944388270981
41,989,5,6,0.999,0.9994944388270981
42,988,6,6,0.9985,0.9992408906882592
43,988,6,6,0.9985,0.9992408906882592
44,988,6,6,0.9985,0.9992408906882592
45,988,6,6,0.9985,0.9992408906882592
46,988,6,6,0.9985,0.9992408906882592
47,987,7,6,0.998,0.9989868287740629
48,986,8,6,0.998,0.9989858012170385
49,986,7,7,0.998,0.9989858012170385
50,986,7,7,0.998,0.9989858012170385
51,986,6,8,0.9985,0.9992393509127789
52,985,7,8,0.998,0.9989847715736041
53,985,7,8,0.998,0.9989847715736041
54,985,7,8,0.998,0.9989847715736041
55,985,6,9,0.9985,0.999238578680203
56,985,6,9,0.9985,0.999238578680203
57,984,7,9,0.999,0.9994918699186992
58,984,7,9,0.999,0.9994918699186992
59,983,8,9,0.9985,0.9992370295015259
60,983,7,10,0.999,0.9994913530010173
61,983,7,10,0.999,0.9994913530010173
62,983,6,11,0.9995,0.9997456765005086
63,983,6,11,0.9995,0.9997456765005086
64,983,6,11,0.9995,0.9997456765005086
65,983,6,11,0.9995,0.9997456765005086
66,983,6,11,0.9995,0.9997456765005086
67,983,6,11,0.9995,0.9997456765005086
68,982,7,11,0.999,0.9994908350305499
69,982,6,12,0.999,0.9994908350305499
70,982,6,12,0.999,0.9994908350305499
71,982,5,13,0.999,0.9994908350305499
72,982,5,13,0.999,0.9994908350305499
73,982,4,14,1.0,1.0
74,982,4,14,1.0,1.0
75,982,4,14,1.0,1.0
76,982,4,14,1.0,1.0
77,982,4,14,1.0,1.0
78,982,4,14,1.0,1.0
79,982,4,14,1.0,1.0
80,982,4,14,1.0,1.0
81,982,3,15,1.0,1.0
82,982,3,15,1.0,1.0
83,982,3,15,1.0,1.0
84,982,3,15,1.0,1.0
85,982,3,15,1.0,1.0
86,982,2,16,1.0,1.0
87,982,2,16,1.0,1.0
88,981,3,16,1.0,1.0
89,981,3,16,1.0,1.0
90,981,3,16,1.0,1.0
91,981,3,16,1.0,1.0
92,981,3,16,1.0,1.0
93,981,3,16,1.0,1.0
94,981,3,16,1.0,1.0
95,981,3,16,1.0,1.0
96,981,3,16,1.0,1.0
97,981,3,16,1.0,1.0
98,981,3,16,1.0,1.0
99,981,2,17,1.0,1.0
100,981,2,17,1.0,1.0
101,981,2,17,1.0,1.0
102,981,2,17,1.0,1.0
103,981,2,17,1.0,1.0
104,981,2,17,1.0,1.0
105,981,2,17,1.0,1.0
106,981,2,17,1.0,1.0
107,981,2,17,1.0,1.0
108,981,2,17,1.0,1.0
109,981,2,17,1.0,1.0
110,981,2,17,1.0,1.0
111,981,2,17,1.0,1.0
112,981,2,17,1.0,1.0
113,981,2,17,1.0,1.0
114,981,1,18,1.0,1.0
115,981,1,18,1.0,1.0
116,981,1,18,1.0,1.0
117,981,1,18,1.0,1.0
118,981,1,18,1.0,1.0
119,981,0,19,1.0,1.0
120,981,0,19,1.0,1.0
121,981,0,19,1.0,1.0
122,981,0,19,1.0,1.0
123,981,0,19,1.0,1.0
124,981,0,19,1.0,1.0
125,981,0,19,1.0,1.0
126,981,0,19,1.0,1.0
127,981,0,19,1.0,1.0
128,981,0,19,1.0,1.0
129,981,0,19,1.0,1.0
130,981,0,19,1.0,1.0
131,981,0,19,1.0,1.0
132,981,0,19,1.0,1.0
133,981,0,19,1.0,1.0
134,981,0,19,1.0,1.0
135,981,0,19,1.0,1.0
136,981,0,19,1.0,1.0
137,981,0,19,1.0,1.0
138,981,0,19,1.0,1.0
139,981,0,19,1.0,1.0
140,981,0,19,1.0,1.0
141,981,0,19,1.0,1.0
142,981,0,19,1.0,1.0
143,981,0,19,1.0,1.0
144,981,0,19,1.0,1.0
145,981,0,19,1.0,1.0
146,981,0,19,1.0,1.0
147,981,0,19,1.0,1.0
148,981,0,19,1.0,1.0
149,981,0,19,1.0,1.0
150,981,0,19,1.0,1.0
151,981,0,19,1.0,1.0
152,981,0,19,1.0,1.0
153,981,0,19,1.0,1.0
154,981,0,19,1.0,1.0
155,981,0,19,1.0,1.0
156,981,0,19,1.0,1.0
157,981,0,19,1.0,1.0
158,981,0,19,1.0,1.0
159,981,0,19,1.0,1.0
160,981,0,19,1.0,1.0
161,981,0,19,1.0,1.0
162,981,0,19,1.0,1.0
163,981,0,19,1.0,1.0
164,981,0,19,1.0,1.0
165,981,0,19,1.0,1.0
166,981,0,19,1.0,1.0
167,981,0,19,1.0,1.0
168,981,0,19,1.0,1.0
169,981,0,19,1.0,1.0
170,981,0,19,1.0,1.0
171,981,0,19,1.0,1.0
172,981,0,19,1.0,1.0
173,981,0,19,1.0,1.0
174,981,0,19,1.0,1.0
175,981,0,19,1.0,1.0
176,981,0,19,1.0,1.0
177,981,0,19,1.0,1.0
178,981,0,19,1.0,1.0
179,981,0,19,1.0,1.0
180,981,0,19,1.0,1.0
181,981,0,19,1.0,1.0
182,981,0,19,1.0,1.0
183,981,0,19,1.0,1.0
184,981,0,19,1.0,1.0
185,981,0,19,1.0,1.0
186,981,0,19,1.0,1.0
187,981,0,19,1.0,1.0
188,981,0,19,1.0,1.0
189,981,0,19,1.0,1.0
190,981,0,19,1.0,1.0
191,981,0,19,1.0,1.0
192,981,0,19,1.0,1.0
193,981,0,19,1.0,1.0
194,981,0,19,1.0,1.0
195,981,0,19,1.0,1.0
196,981,0,19,1.0,1.0
197,981,0,19,1.0,1.0
198,981,0,19,1.0,1.0
199,981,0,19,1.0,1.0
200,981,0,19,1.0,1.0
1,997,3,0,0.999,0.9994984954864594
2,997,3,0,0.999,0.9994984954864594
3,997,3,0,0.999,0.9994984954864594
4,997,3,0,0.999,0.9994984954864594
5,996,4,0,0.9985,0.9992469879518072
6,996,4,0,0.9985,0.9992469879518072
7,996,4,0,0.9985,0.9992469879518072
8,996,4,0,0.9985,0.9992469879518072
9,996,4,0,0.9985,0.9992469879518072
10,995,5,0,0.998,0.9989949748743718
11,993,7,0,0.997,0.9984894259818731
12,993,7,0,0.997,0.9984894259818731
13,992,7,1,0.9975,0.9987399193548387
14,992,6,2,0.9975,0.9987399193548387
15,991,6,3,0.998,0.9989909182643795
16,990,7,3,0.997,0.9984848484848485
17,990,7,3,0.997,0.9984848484848485
18,990,7,3,0.997,0.9984848484848485
19,990,7,3,0.997,0.9984848484848485
20,990,7,3,0.997,0.9984848484848485
21,989,7,4,0.9975,0.9987360970677452
22,989,7,4,0.9975,0.9987360970677452
23,989,6,5,0.998,0.9989888776541962
24,989,6,5,0.998,0.9989888776541962
25,989,5,6,0.9985,0.9992416582406471
26,989,3,8,0.9995,0.999747219413549
27,989,3,8,0.9995,0.999747219413549
28,989,3,8,0.9995,0.999747219413549
29,989,3,8,0.9995,0.999747219413549
30,989,3,8,0.9995,0.999747219413549
31,989,3,8,0.9995,0.999747219413549
32,989,3,8,0.9995,0.999747219413549
33,989,3,8,0.9995,0.999747219413549
34,989,3,8,0.9995,0.999747219413549
35,988,4,8,0.9995,0.999746963562753
36,988,3,9,0.9995,0.999746963562753
37,988,3,9,0.9995,0.999746963562753
38,988,3,9,0.9995,0.999746963562753
39,988,3,9,0.9995,0.999746963562753
40,988,3,9,0.9995,0.999746963562753
41,988,3,9,0.9995,0.999746963562753
42,988,3,9,0.9995,0.999746963562753
43,988,3,9,0.9995,0.999746963562753
44,988,3,9,0.9995,0.999746963562753
45,988,2,10,1.0,1.0
46,988,2,10,1.0,1.0
47,988,2,10,1.0,1.0
48,988,2,10,1.0,1.0
49,988,2,10,1.0,1.0
50,988,2,10,1.0,1.0
51,988,1,11,1.0,1.0
52,988,1,11,1.0,1.0
53,987,2,11,1.0,1.0
54,987,2,11,1.0,1.0
55,987,2,11,1.0,1.0
56,987,2,11,1.0,1.0
57,987,2,11,1.0,1.0
58,987,2,11,1.0,1.0
59,987,2,11,1.0,1.0
60,987,2,11,1.0,1.0
61,987,2,11,1.0,1.0
62,987,2,11,1.0,1.0
63,987,2,11,1.0,1.0
64,987,2,11,1.0,1.0
65,987,2,11,1.0,1.0
66,987,2,11,1.0,1.0
67,987,1,12,1.0,1.0
68,987,1,12,1.0,1.0
69,987,1,12,1.0,1.0
70,987,1,12,1.0,1.0
71,987,1,12,1.0,1.0
72,987,1,12,1.0,1.0
73,987,1,12,1.0,1.0
74,987,1,12,1.0,1.0
75,987,1,12,1.0,1.0
76,987,1,12,1.0,1.0
77,987,1,12,1.0,1.0
78,987,1,12,1.0,1.0
79,987,1,12,1.0,1.0
80,987,1,12,1.0,1.0
81,987,1,12,1.0,1.0
82,987,1,12,1.0,1.0
83,987,1,12,1.0,1.0
84,987,1,12,1.0,1.0
85,987,1,12,1.0,1.0
86,987,1,12,1.0,1.0
87,987,1,12,1.0,1.0
88,987,1,12,1.0,1.0
89,987,1,12,1.0,1.0
90,987,1,12,1.0,1.0
91,987,1,12,1.0,1.0
92,987,1,12,1.0,1.0
93,987,1,12,1.0,1.0
94,987,1,12,1.0,1.0
95,987,1,12,1.0,1.0
96,987,1,12,1.0,1.0
97,987,1,12,1.0,1.0
98,987,1,12,1.0,1.0
99,987,1,12,1.0,1.0
100,987,1,12,1.0,1.0
101,987,1,12,1.0,1.0
102,987,1,12,1.0,1.0
103,987,1,12,1.0,1.0
104,987,1,12,1.0,1.0
105,987,1,12,1.0,1.0
106,987,1,12,1.0,1.0
107,987,1,12,1.0,1.0
108,987,1,12,1.0,1.0
109,987,1,12,1.0,1.0
110,987,1,12,1.0,1.0
111,987,1,12,1.0,1.0
112,987,1,12,1.0,1.0
113,987,1,12,1.0,1.0
114,987,1,12,1.0,1.0
115,987,0,13,1.0,1.0
116,987,0,13,1.0,1.0
117,987,0,13,1.0,1.0
118,987,0,13,1.0,1.0
119,987,0,13,1.0,1.0
120,987,0,13,1.0,1.0
121,987,0,13,1.0,1.0
122,987,0,13,1.0,1.0
123,987,0,13,1.0,1.0
124,987,0,13,1.0,1.0
125,987,0,13,1.0,1.0
126,987,0,13,1.0,1.0
127,987,0,13,1.0,1.0
128,987,0,13,1.0,1.0
129,987,0,13,1.0,1.0
130,987,0,13,1.0,1.0
131,987,0,13,1.0,1.0
132,987,0,13,1.0,1.0
133,987,0,13,1.0,1.0
134,987,0,13,1.0,1.0
135,987,0,13,1.0,1.0
136,987,0,13,1.0,1.0
137,987,0,13,1.0,1.0
138,987,0,13,1.0,1.0
139,987,0,13,1.0,1.0
140,987,0,13,1.0,1.0
141,987,0,13,1.0,1.0
142,987,0,13,1.0,1.0
143,987,0,13,1.0,1.0
144,987,0,13,1.0,1.0
145,987,0,13,1.0,1.0
146,987,0,13,1.0,1.0
147,987,0,13,1.0,1.0
148,987,0,13,1.0,1.0
149,987,0,13,1.0,1.0
150,987,0,13,1.0,1.0
151,987,0,13,1.0,1.0
152,987,0,13,1.0,1.0
153,987,0,13,1.0,1.0
154,987,0,13,1.0,1.0
155,987,0,13,1.0,1.0
156,987,0,13,1.0,1.0
157,987,0,13,1.0,1.0
158,987,0,13,1.0,1.0
159,987,0,13,1.0,1.0
160,987,0,13,1.0,1.0
161,987,0,13,1.0,1.0
162,987,0,13,1.0,1.0
163,987,0,13,1.0,1.0
164,987,0,13,1.0,1.0
165,987,0,13,1.0,1.0
166,987,0,13,1.0,1.0
167,987,0,13,1.0,1.0
168,987,0,13,1.0,1.0
169,987,0,13,1.0,1.0
170,987,0,13,1.0,1.0
171,987,0,13,1.0,1.0
172,987,0,13,1.0,1.0
173,987,0,13,1.0,1.0
174,987,0,13,1.0,1.0
175,987,0,13,1.0,1.0
176,987,0,13,1.0,1.0
177,987,0,13,1.0,1.0
178,987,0,13,1.0,1.0
179,987,0,13,1.0,1.0
180,987,0,13,1.0,1.0
181,987,0,13,1.0,1.0
182,987,0,13,1.0,1.0
183,987,0,13,1.0,1.0
184,987,0,13,1.0,1.0
185,987,0,13,1.0,1.0
186,987,0,13,1.0,1.0
187,987,0,13,1.0,1.0
188,987,0,13,1.0,1.0
189,987,0,13,1.0,1.0
190,987,0,13,1.0,1.0
191,987,0,13,1.0,1.0
192,987,0,13,1.0,1.0
193,987,0,13,1.0,1.0
194,987,0,13,1.0,1.0
195,987,0,13,1.0,1.0
196,987,0,13,1.0,1.0
197,987,0,13,1.0,1.0
198,987,0,13,1.0,1.0
199,987,0,13,1.0,1.0
200,987,0,13,1.0,1.0
1,999,1,0,1.0,1.0
2,999,1,0,1.0,1.0
3,999,1,0,1.0,1.0
4,999,1,0,1.0,1.0
5,999,1,0,1.0,1.0
6,999,1,0,1.0,1.0
7,999,1,0,1.0,1.0
8,999,1,0,1.0,1.0
9,998,2,0,0.9995,0.999749498997996
10,998,2,0,0.9995,0.999749498997996
11,998,2,0,0.9995,0.999749498997996
12,998,1,1,1.0,1.0
13,998,1,1,1.0,1.0
14,998,1,1,1.0,1.0
15,998,1,1,1.0,1.0
16,998,1,1,1.0,1.0
17,998,1,1,1.0,1.0
18,998,1,1,1.0,1.0
19,998,1,1,1.0,1.0
20,998,1,1,1.0,1.0
21,998,1,1,1.0,1.0
22,998,1,1,1.0,1.0
23,997,2,1,0.9995,0.9997492477432297
24,997,2,1,0.9995,0.9997492477432297
25,997,2,1,0.9995,0.9997492477432297
26,997,2,1,0.9995,0.9997492477432297
27,997,2,1,0.9995,0.9997492477432297
28,997,1,2,1.0,1.0
29,997,1,2,1.0,1.0
30,997,1,2,1.0,1.0
31,996,2,2,1.0,1.0
32,996,1,3,1.0,1.0
33,996,1,3,1.0,1.0
34,996,1,3,1.0,1.0
35,996,1,3,1.0,1.0
36,996,0,4,1.0,1.0
37,996,0,4,1.0,1.0
38,996,0,4,1.0,1.0
39,996,0,4,1.0,1.0
40,996,0,4,1.0,1.0
41,996,0,4,1.0,1.0
42,996,0,4,1.0,1.0
43,996,0,4,1.0,1.0
44,996,0,4,1.0,1.0
45,996,0,4,1.0,1.0
46,996,0,4,1.0,1.0
47,996,0,4,1.0,1.0
48,996,0,4,1.0,1.0
49,996,0,4,1.0,1.0
50,996,0,4,1.0,1.0
51,996,0,4,1.0,1.0
52,996,0,4,1.0,1.0
53,996,0,4,1.0,1.0
54,996,0,4,1.0,1.0
55,996,0,4,1.0,1.0
56,996,0,4,1.0,1.0
57,996,0,4,1.0,1.0
58,996,0,4,1.0,1.0
59,996,0,4,1.0,1.0
60,996,0,4,1.0,1.0
61,996,0,4,1.0,1.0
62,996,0,4,1.0,1.0
63,996,0,4,1.0,1.0
64,996,0,4,1.0,1.0
65,996,0,4,1.0,1.0
66,996,0,4,1.0,1.0
67,996,0,4,1.0,1.0
68,996,0,4,1.0,1.0
69,996,0,4,1.0,1.0
70,996,0,4,1.0,1.0
71,996,0,4,1.0,1.0
72,996,0,4,1.0,1.0
73,996,0,4,1.0,1.0
74,996,0,4,1.0,1.0
75,996,0,4,1.0,1.0
76,996,0,4,1.0,1.0
77,996,0,4,1.0,1.0
78,996,0,4,1.0,1.0
79,996,0,4,1.0,1.0
80,996,0,4,1.0,1.0
81,996,0,4,1.0,1.0
82,996,0,4,1.0,1.0
83,996,0,4,1.0,1.0
84,996,0,4,1.0,1.0
85,996,0,4,1.0,1.0
86,996,0,4,1.0,1.0
87,996,0,4,1.0,1.0
88,996,0,4,1.0,1.0
89,996,0,4,1.0,1.0
90,996,0,4,1.0,1.0
91,996,0,4,1.0,1.0
92,996,0,4,1.0,1.0
93,996,0,4,1.0,1.0
94,996,0,4,1.0,1.0
95,996,0,4,1.0,1.0
96,996,0,4,1.0,1.0
97,996,0,4,1.0,1.0
98,996,0,4,1.0,1.0
99,996,0,4,1.0,1.0
100,996,0,4,1.0,1.0
101,996,0,4,1.0,1.0
102,996,0,4,1.0,1.0
103,996,0,4,1.0,1.0
104,996,0,4,1.0,1.0
105,996,0,4,1.0,1.0
106,996,0,4,1.0,1.0
107,996,0,4,1.0,1.0
108,996,0,4,1.0,1.0
109,996,0,4,1.0,1.0
110,996,0,4,1.0,1.0
111,996,0,4,1.0,1.0
112,996,0,4,1.0,1.0
113,996,0,4,1.0,1.0
114,996,0,4,1.0,1.0
115,996,0,4,1.0,1.0
116,996,0,4,1.0,1.0
117,996,0,4,1.0,1.0
118,996,0,4,1.0,1.0
119,996,0,4,1.0,1.0
120,996,0,4,1.0,1.0
121,996,0,4,1.0,1.0
122,996,0,4,1.0,1.0
123,996,0,4,1.0,1.0
124,996,0,4,1.0,1.0
125,996,0,4,1.0,1.0
126,996,0,4,1.0,1.0
127,996,0,4,1.0,1.0
128,996,0,4,1.0,1.0
129,996,0,4,1.0,1.0
130,996,0,4,1.0,1.0
131,996,0,4,1.0,1.0
132,996,0,4,1.0,1.0
133,996,0,4,1.0,1.0
134,996,0,4,1.0,1.0
135,996,0,4,1.0,1.0
136,996,0,4,1.0,1.0
137,996,0,4,1.0,1.0
138,996,0,4,1.0,1.0
139,996,0,4,1.0,1.0
140,996,0,4,1.0,1.0
141,996,0,4,1.0,1.0
142,996,0,4,1.0,1.0
143,996,0,4,1.0,1.0
144,996,0,4,1.0,1.0
145,996,0,4,1.0,1.0
146,996,0,4,1.0,1.0
147,996,0,4,1.0,1.0
148,996,0,4,1.0,1.0
149,996,0,4,1.0,1.0
150,996,0,4,1.0,1.0
151,996,0,4,1.0,1.0
152,996,0,4,1.0,1.0
153,996,0,4,1.0,1.0
154,996,0,4,1.0,1.0
155,996,0,4,1.0,1.0
156,996,0,4,1.0,1.0
157,996,0,4,1.0,1.0
158,996,0,4,1.0,1.0
159,996,0,4,1.0,1.0
160,996,0,4,1.0,1.0
161,996,0,4,1.0,1.0
162,996,0,4,1.0,1.0
163,996,0,4,1.0,1.0
164,996,0,4,1.0,1.0
165,996,0,4,1.0,1.0
166,996,0,4,1.0,1.0
167,996,0,4,1.0,1.0
168,996,0,4,1.0,1.0
169,996,0,4,1.0,1.0
170,996,0,4,1.0,1.0
171,996,0,4,1.0,1.0
172,996,0,4,1.0,1.0
173,996,0,4,1.0,1.0
174,996,0,4,1.0,1.0
175,996,0,4,1.0,1.0
176,996,0,4,1.0,1.0
177,996,0,4,1.0,1.0
178,996,0,4,1.0,1.0
179,996,0,4,1.0,1.0
180,996,0,4,1.0,1.0
181,996,0,4,1.0,1.0
182,996,0,4,1.0,1.0
183,996,0,4,1.0,1.0
184,996,0,4,1.0,1.0
185,996,0,4,1.0,1.0
186,996,0,4,1.0,1.0
187,996,0,4,1.0,1.0
188,996,0,4,1.0,1.0
189,996,0,4,1.0,1.0
190,996,0,4,1.0,1.0
191,996,0,4,1.0,1.0
192,996,0,4,1.0,1.0
193,996,0,4,1.0,1.0
194,996,0,4,1.0,1.0
195,996,0,4,1.0,1.0
196,996,0,4,1.0,1.0
197,996,0,4,1.0,1.0
198,996,0,4,1.0,1.0
199,996,0,4,1.0,1.0
200,996,0,4,1.0,1.0
1,999,1,0,1.0,1.0
2,999,1,0,1.0,1.0
3,999,1,0,1.0,1.0
4,999,1,0,1.0,1.0
5,999,1,0,1.0,1.0
6,997,3,0,0.999,0.9994984954864594
7,997,3,0,0.999,0.9994984954864594
8,997,2,1,0.9995,0.9997492477432297
9,997,2,1,0.9995,0.9997492477432297
10,997,2,1,0.9995,0.9997492477432297
11,996,3,1,0.999,0.9994979919678715
12,996,3,1,0.999,0.9994979919678715
13,996,2,2,1.0,1.0
14,996,2,2,1.0,1.0
15,996,2,2,1.0,1.0
16,996,2,2,1.0,1.0
17,996,2,2,1.0,1.0
18,996,2,2,1.0,1.0
19,996,2,2,1.0,1.0
20,996,2,2,1.0,1.0
21,996,2,2,1.0,1.0
22,996,2,2,1.0,1.0
23,995,3,2,0.9995,0.999748743718593
24,995,3,2,0.9995,0.999748743718593
25,995,3,2,0.9995,0.999748743718593
26,995,3,2,0.9995,0.999748743718593
27,995,3,2,0.9995,0.999748743718593
28,995,3,2,0.9995,0.999748743718593
29,995,3,2,0.9995,0.999748743718593
30,995,3,2,0.9995,0.999748743718593
31,995,3,2,0.9995,0.999748743718593
32,995,3,2,0.9995,0.999748743718593
33,995,3,2,0.9995,0.999748743718593
34,995,3,2,0.9995,0.999748743718593
35,995,3,2,0.9995,0.999748743718593
36,994,4,2,0.999,0.9994969818913481
37,994,3,3,0.9995,0.9997484909456741
38,994,3,3,0.9995,0.9997484909456741
39,994,3,3,0.9995,0.9997484909456741
40,994,3,3,0.9995,0.9997484909456741
41,994,3,3,0.9995,0.9997484909456741
42,994,3,3,0.9995,0.9997484909456741
43,994,3,3,0.9995,0.9997484909456741
44,994,3,3,0.9995,0.9997484909456741
45,994,3,3,0.9995,0.9997484909456741
46,994,3,3,0.9995,0.9997484909456741
47,993,4,3,0.999,0.999496475327291
48,992,5,3,0.998,0.998991935483871
49,991,5,4,0.998,0.9989909182643795
50,991,4,5,0.9985,0.9992431886982845
51,991,4,5,0.9985,0.9992431886982845
52,991,4,5,0.9985,0.9992431886982845
53,991,3,6,0.999,0.9994954591321897
54,991,3,6,0.999,0.9994954591321897
55,991,3,6,0.999,0.9994954591321897
56,991,3,6,0.999,0.9994954591321897
57,991,3,6,0.999,0.9994954591321897
58,991,2,7,0.9995,0.9997477295660948
59,990,3,7,0.9995,0.9997474747474747
60,990,3,7,0.9995,0.9997474747474747
61,990,3,7,0.9995,0.9997474747474747
62,990,3,7,0.9995,0.9997474747474747
63,989,4,7,1.0,1.0
64,989,4,7,1.0,1.0
65,987,6,7,0.9995,0.9997467071935157
66,987,6,7,0.9995,0.9997467071935157
67,987,6,7,0.9995,0.9997467071935157
68,986,7,7,0.9995,0.9997464503042597
69,986,6,8,0.9995,0.9997464503042597
70,986,6,8,0.9995,0.9997464503042597
71,986,4,10,1.0,1.0
72,986,4,10,1.0,1.0
73,986,4,10,1.0,1.0
74,986,4,10,1.0,1.0
75,986,3,11,1.0,1.0
76,986,3,11,1.0,1.0
77,986,3,11,1.0,1.0
78,986,3,11,1.0,1.0
79,986,3,11,1.0,1.0
80,986,3,11,1.0,1.0
81,986,3,11,1.0,1.0
82,986,3,11,1.0,1.0
83,986,2,12,1.0,1.0
84,986,2,12,1.0,1.0
85,986,2,12,1.0,1.0
86,986,2,12,1.0,1.0
87,986,2,12,1.0,1.0
88,986,2,12,1.0,1.0
89,986,2,12,1.0,1.0
90,986,2,12,1.0,1.0
91,986,2,12,1.0,1.0
92,986,2,12,1.0,1.0
93,986,2,12,1.0,1.0
94,986,2,12,1.0,1.0
95,986,1,13,1.0,1.0
96,986,1,13,1.0,1.0
97,986,1,13,1.0,1.0
98,986,1,13,1.0,1.0
99,986,1,13,1.0,1.0
100,986,1,13,1.0,1.0
101,986,1,13,1.0,1.0
102,986,1,13,1.0,1.0
103,986,1,13,1.0,1.0
104,986,1,13,1.0,1.0
105,986,1,13,1.0,1.0
106,986,1,13,1.0,1.0
107,986,1,13,1.0,1.0
108,986,1,13,1.0,1.0
109,986,1,13,1.0,1.0
110,986,1,13,1.0,1.0
111,986,1,13,1.0,1.0
112,986,1,13,1.0,1.0
113,986,1,13,1.0,1.0
114,986,1,13,1.0,1.0
115,986,1,13,1.0,1.0
116,986,1,13,1.0,1.0
117,986,1,13,1.0,1.0
118,986,1,13,1.0,1.0
119,986,1,13,1.0,1.0
120,986,1,13,1.0,1.0
121,986,1,13,1.0,1.0
122,986,1,13,1.0,1.0
123,986,1,13,1.0,1.0
124,986,1,13,1.0,1.0
125,986,1,13,1.0,1.0
126,986,1,13,1.0,1.0
127,986,1,13,1.0,1.0
128,986,1,13,1.0,1.0
129,986,1,13,1.0,1.0
130,986,1,13,1.0,1.0
131,986,1,13,1.0,1.0
132,986,1,13,1.0,1.0
133,986,1,13,1.0,1.0
134,986,1,13,1.0,1.0
135,986,1,13,1.0,1.0
136,986,1,13,1.0,1.0
137,986,1,13,1.0,1.0
138,986,1,13,1.0,1.0
139,986,1,13,1.0,1.0
140,986,1,13,1.0,1.0
141,986,1,13,1.0,1.0
142,986,1,13,1.0,1.0
143,986,1,13,1.0,1.0
144,986,1,13,1.0,1.0
145,986,1,13,1.0,1.0
146,986,1,13,1.0,1.0
147,986,1,13,1.0,1.0
148,986,1,13,1.0,1.0
149,986,1,13,1.0,1.0
150,986,1,13,1.0,1.0
151,986,1,13,1.0,1.0
152,986,1,13,1.0,1.0
153,986,1,13,1.0,1.0
154,986,1,13,1.0,1.0
155,986,1,13,1.0,1.0
156,986,1,13,1.0,1.0
157,986,1,13,1.0,1.0
158,986,1,13,1.0,1.0
159,986,1,13,1.0,1.0
160,986,1,13,1.0,1.0
161,986,1,13,1.0,1.0
162,986,1,13,1.0,1.0
163,986,1,13,1.0,1.0
164,986,1,13,1.0,1.0
165,986,0,14,1.0,1.0
166,986,0,14,1.0,1.0
167,986,0,14,1.0,1.0
168,986,0,14,1.0,1.0
169,986,0,14,1.0,1.0
170,986,0,14,1.0,1.0
171,986,0,14,1.0,1.0
172,986,0,14,1.0,1.0
173,986,0,14,1.0,1.0
174,986,0,14,1.0,1.0
175,986,0,14,1.0,1.0
176,986,0,14,1.0,1.0
177,986,0,14,1.0,1.0
178,986,0,14,1.0,1.0
179,986,0,14,1.0,1.0
180,986,0,14,1.0,1.0
181,986,0,14,1.0,1.0
182,986,0,14,1.0,1.0
183,986,0,14,1.0,1.0
184,986,0,14,1.0,1.0
185,986,0,14,1.0,1.0
186,986,0,14,1.0,1.0
187,986,0,14,1.0,1.0
188,986,0,14,1.0,1.0
189,986,0,14,1.0,1.0
190,986,0,14,1.0,1.0
191,986,0,14,1.0,1.0
192,986,0,14,1.0,1.0
193,986,0,14,1.0,1.0
194,986,0,14,1.0,1.0
195,986,0,14,1.0,1.0
196,986,0,14,1.0,1.0
197,986,0,14,1.0,1.0
198,986,0,14,1.0,1.0
199,986,0,14,1.0,1.0
200,986,0,14,1.0,1.0
1,998,2,0,0.999,0.999498997995992
2,998,1,1,1.0,1.0
3,998,1,1,1.0,1.0
4,997,2,1,1.0,1.0
5,997,2,1,1.0,1.0
6,997,2,1,1.0,1.0
7,996,3,1,0.9995,0.9997489959839357
8,996,3,1,0.9995,0.9997489959839357
9,995,4,1,0.999,0.9994974874371859
10,995,3,2,0.9995,0.999748743718593
11,995,3,2,0.9995,0.999748743718593
12,995,3,2,0.9995,0.999748743718593
13,995,3,2,0.9995,0.999748743718593
14,994,3,3,0.9995,0.9997484909456741
15,994,3,3,0.9995,0.9997484909456741
16,994,3,3,0.9995,0.9997484909456741
17,994,2,4,1.0,1.0
18,994,2,4,1.0,1.0
19,994,1,5,1.0,1.0
20,994,1,5,1.0,1.0
21,994,1,5,1.0,1.0
22,994,1,5,1.0,1.0
23,994,1,5,1.0,1.0
24,994,1,5,1.0,1.0
25,994,1,5,1.0,1.0
26,994,1,5,1.0,1.0
27,994,1,5,1.0,1.0
28,994,1,5,1.0,1.0
29,994,1,5,1.0,1.0
30,993,2,5,1.0,1.0
31,993,2,5,1.0,1.0
32,993,2,5,1.0,1.0
33,993,2,5,1.0,1.0
34,993,2,5,1.0,1.0
35,993,2,5,1.0,1.0
36,993,2,5,1.0,1.0
37,993,2,5,1.0,1.0
38,993,2,5,1.0,1.0
39,993,2,5,1.0,1.0
40,993,2,5,1.0,1.0
41,993,2,5,1.0,1.0
42,993,2,5,1.0,1.0
43,993,2,5,1.0,1.0
44,993,2,5,1.0,1.0
45,993,2,5,1.0,1.0
46,993,2,5,1.0,1.0
47,993,2,5,1.0,1.0
48,993,2,5,1.0,1.0
49,993,1,6,1.0,1.0
50,993,1,6,1.0,1.0
51,993,1,6,1.0,1.0
52,993,1,6,1.0,1.0
53,993,1,6,1.0,1.0
54,993,0,7,1.0,1.0
55,993,0,7,1.0,1.0
56,993,0,7,1.0,1.0
57,993,0,7,1.0,1.0
58,993,0,7,1.0,1.0
59,993,0,7,1.0,1.0
60,993,0,7,1.0,1.0
61,993,0,7,1.0,1.0
62,993,0,7,1.0,1.0
63,993,0,7,1.0,1.0
64,993,0,7,1.0,1.0
65,993,0,7,1.0,1.0
66,993,0,7,1.0,1.0
67,993,0,7,1.0,1.0
68,993,0,7,1.0,1.0
69,993,0,7,1.0,1.0
70,993,0,7,1.0,1.0
71,993,0,7,1.0,1.0
72,993,0,7,1.0,1.0
73,993,0,7,1.0,1.0
74,993,0,7,1.0,1.0
75,993,0,7,1.0,1.0
76,993,0,7,1.0,1.0
77,993,0,7,1.0,1.0
78,993,0,7,1.0,1.0
79,993,0,7,1.0,1.0
80,993,0,7,1.0,1.0
81,993,0,7,1.0,1.0
82,993,0,7,1.0,1.0
83,993,0,7,1.0,1.0
84,993,0,7,1.0,1.0
85,993,0,7,1.0,1.0
86,993,0,7,1.0,1.0
87,993,0,7,1.0,1.0
88,993,0,7,1.0,1.0
89,993,0,7,1.0,1.0
90,993,0,7,1.0,1.0
91,993,0,7,1.0,1.0
92,993,0,7,1.0,1.0
93,993,0,7,1.0,1.0
94,993,0,7,1.0,1.0
95,993,0,7,1.0,1.0
96,993,0,7,1.0,1.0
97,993,0,7,1.0,1.0
98,993,0,7,1.0,1.0
99,993,0,7,1.0,1.0
100,993,0,7,1.0,1.0
101,993,0,7,1.0,1.0
102,993,0,7,1.0,1.0
103,993,0,7,1.0,1.0
104,993,0,7,1.0,1.0
105,993,0,7,1.0,1.0
106,993,0,7,1.0,1.0
107,993,0,7,1.0,1.0
108,993,0,7,1.0,1.0
109,993,0,7,1.0,1.0
110,993,0,7,1.0,1.0
111,993,0,7,1.0,1.0
112,993,0,7,1.0,1.0
113,993,0,7,1.0,1.0
114,993,0,7,1.0,1.0
115,993,0,7,1.0,1.0
116,993,0,7,1.0,1.0
117,993,0,7,1.0,1.0
118,993,0,7,1.0,1.0
119,993,0,7,1.0,1.0
120,993,0,7,1.0,1.0
121,993,0,7,1.0,1.0
122,993,0,7,1.0,1.0
123,993,0,7,1.0,1.0
124,993,0,7,1.0,1.0
125,993,0,7,1.0,1.0
126,993,0,7,1.0,1.0
127,993,0,7,1.0,1.0
128,993,0,7,1.0,1.0
129,993,0,7,1.0,1.0
130,993,0,7,1.0,1.0
131,993,0,7,1.0,1.0
132,993,0,7,1.0,1.0
133,993,0,7,1.0,1.0
134,993,0,7,1.0,1.0
135,993,0,7,1.0,1.0
136,993,0,7,1.0,1.0
137,993,0,7,1.0,1.0
138,993,0,7,1.0,1.0
139,993,0,7,1.0,1.0
140,993,0,7,1.0,1.0
141,993,0,7,1.0,1.0
142,993,0,7,1.0,1.0
143,993,0,7,1.0,1.0
144,993,0,7,1.0,1.0
145,993,0,7,1.0,1.0
146,993,0,7,1.0,1.0
147,993,0,7,1.0,1.0
148,993,0,7,1.0,1.0
149,993,0,7,1.0,1.0
150,993,0,7,1.0,1.0
151,993,0,7,1.0,1.0
152,993,0,7,1.0,1.0
153,993,0,7,1.0,1.0
154,993,0,7,1.0,1.0
155,993,0,7,1.0,1.0
156,993,0,7,1.0,1.0
157,993,0,7,1.0,1.0
158,993,0,7,1.0,1.0
159,993,0,7,1.0,1.0
160,993,0,7,1.0,1.0
161,993,0,7,1.0,1.0
162,993,0,7,1.0,1.0
163,993,0,7,1.0,1.0
164,993,0,7,1.0,1.0
165,993,0,7,1.0,1.0
166,993,0,7,1.0,1.0
167,993,0,7,1.0,1.0
168,993,0,7,1.0,1.0
169,993,0,7,1.0,1.0
170,993,0,7,1.0,1.0
171,993,0,7,1.0,1.0
172,993,0,7,1.0,1.0
173,993,0,7,1.0,1.0
174,993,0,7,1.0,1.0
175,993,0,7,1.0,1.0
176,993,0,7,1.0,1.0
177,993,0,7,1.0,1.0
178,993,0,7,1.0,1.0
179,993,0,7,1.0,1.0
180,993,0,7,1.0,1.0
181,993,0,7,1.0,1.0
182,993,0,7,1.0,1.0
183,993,0,7,1.0,1.0
184,993,0,7,1.0,1.0
185,993,0,7,1.0,1.0
186,993,0,7,1.0,1.0
187,993,0,7,1.0,1.0
188,993,0,7,1.0,1.0
189,993,0,7,1.0,1.0
190,993,0,7,1.0,1.0
191,993,0,7,1.0,1.0
192,993,0,7,1.0,1.0
193,993,0,7,1.0,1.0
194,993,0,7,1.0,1.0
195,993,0,7,1.0,1.0
196,993,0,7,1.0,1.0
197,993,0,7,1.0,1.0
198,993,0,7,1.0,1.0
199,993,0,7,1.0,1.0
200,993,0,7,1.0,1.0
1,999,1,0,1.0,1.0
2,999,1,0,1.0,1.0
3,999,1,0,1.0,1.0
4,999,0,1,1.0,1.0
5,999,0,1,1.0,1.0
6,999,0,1,1.0,1.0
7,999,0,1,1.0,1.0
8,999,0,1,1.0,1.0
9,999,0,1,1.0,1.0
10,999,0,1,1.0,1.0
11,999,0,1,1.0,1.0
12,999,0,1,1.0,1.0
13,999,0,1,1.0,1.0
14,999,0,1,1.0,1.0
15,999,0,1,1.0,1.0
16,999,0,1,1.0,1.0
17,999,0,1,1.0,1.0
18,999,0,1,1.0,1.0
19,999,0,1,1.0,1.0
20,999,0,1,1.0,1.0
21,999,0,1,1.0,1.0
22,999,0,1,1.0,1.0
23,999,0,1,1.0,1.0
24,999,0,1,1.0,1.0
25,999,0,1,1.0,1.0
26,999,0,1,1.0,1.0
27,999,0,1,1.0,1.0
28,999,0,1,1.0,1.0
29,999,0,1,1.0,1.0
30,999,0,1,1.0,1.0
31,999,0,1,1.0,1.0
32,999,0,1,1.0,1.0
33,999,0,1,1.0,1.0
34,999,0,1,1.0,1.0
35,999,0,1,1.0,1.0
36,999,0,1,1.0,1.0
37,999,0,1,1.0,1.0
38,999,0,1,1.0,1.0
39,999,0,1,1.0,1.0
40,999,0,1,1.0,1.0
41,999,0,1,1.0,1.0
42,999,0,1,1.0,1.0
43,999,0,1,1.0,1.0
44,999,0,1,1.0,1.0
45,999,0,1,1.0,1.0
46,999,0,1,1.0,1.0
47,999,0,1,1.0,1.0
48,999,0,1,1.0,1.0
49,999,0,1,1.0,1.0
50,999,0,1,1.0,1.0
51,999,0,1,1.0,1.0
52,999,0,1,1.0,1.0
53,999,0,1,1.0,1.0
54,999,0,1,1.0,1.0
55,999,0,1,1.0,1.0
56,999,0,1,1.0,1.0
57,999,0,1,1.0,1.0
58,999,0,1,1.0,1.0
59,999,0,1,1.0,1.0
60,999,0,1,1.0,1.0
61,999,0,1,1.0,1.0
62,999,0,1,1.0,1.0
63,999,0,1,1.0,1.0
64,999,0,1,1.0,1.0
65,999,0,1,1.0,1.0
66,999,0,1,1.0,1.0
67,999,0,1,1.0,1.0
68,999,0,1,1.0,1.0
69,999,0,1,1.0,1.0
70,999,0,1,1.0,1.0
71,999,0,1,1.0,1.0
72,999,0,1,1.0,1.0
73,999,0,1,1.0,1.0
74,999,0,1,1.0,1.0
75,999,0,1,1.0,1.0
76,999,0,1,1.0,1.0
77,999,0,1,1.0,1.0
78,999,0,1,1.0,1.0
79,999,0,1,1.0,1.0
80,999,0,1,1.0,1.0
81,999,0,1,1.0,1.0
82,999,0,1,1.0,1.0
83,999,0,1,1.0,1.0
84,999,0,1,1.0,1.0
85,999,0,1,1.0,1.0
86,999,0,1,1.0,1.0
87,999,0,1,1.0,1.0
88,999,0,1,1.0,1.0
89,999,0,1,1.0,1.0
90,999,0,1,1.0,1.0
91,999,0,1,1.0,1.0
92,999,0,1,1.0,1.0
93,999,0,1,1.0,1.0
94,999,0,1,1.0,1.0
95,999,0,1,1.0,1.0
96,999,0,1,1.0,1.0
97,999,0,1,1.0,1.0
98,999,0,1,1.0,1.0
99,999,0,1,1.0,1.0
100,999,0,1,1.0,1.0
101,999,0,1,1.0,1.0
102,999,0,1,1.0,1.0
103,999,0,1,1.0,1.0
104,999,0,1,1.0,1.0
105,999,0,1,1.0,1.0
106,999,0,1,1.0,1.0
107,999,0,1,1.0,1.0
108,999,0,1,1.0,1.0
109,999,0,1,1.0,1.0
110,999,0,1,1.0,1.0
111,999,0,1,1.0,1.0
112,999,0,1,1.0,1.0
113,999,0,1,1.0,1.0
114,999,0,1,1.0,1.0
115,999,0,1,1.0,1.0
116,999,0,1,1.0,1.0
117,999,0,1,1.0,1.0
118,999,0,1,1.0,1.0
119,999,0,1,1.0,1.0
120,999,0,1,1.0,1.0
121,999,0,1,1.0,1.0
122,999,0,1,1.0,1.0
123,999,0,1,1.0,1.0
124,999,0,1,1.0,1.0
125,999,0,1,1.0,1.0
126,999,0,1,1.0,1.0
127,999,0,1,1.0,1.0
128,999,0,1,1.0,1.0
129,999,0,1,1.0,1.0
130,999,0,1,1.0,1.0
131,999,0,1,1.0,1.0
132,999,0,1,1.0,1.0
133,999,0,1,1.0,1.0
134,999,0,1,1.0,1.0
135,999,0,1,1.0,1.0
136,999,0,1,1.0,1.0
137,999,0,1,1.0,1.0
138,999,0,1,1.0,1.0
139,999,0,1,1.0,1.0
140,999,0,1,1.0,1.0
141,999,0,1,1.0,1.0
142,999,0,1,1.0,1.0
143,999,0,1,1.0,1.0
144,999,0,1,1.0,1.0
145,999,0,1,1.0,1.0
146,999,0,1,1.0,1.0
147,999,0,1,1.0,1.0
148,999,0,1,1.0,1.0
149,999,0,1,1.0,1.0
150,999,0,1,1.0,1.0
151,999,0,1,1.0,1.0
152,999,0,1,1.0,1.0
153,999,0,1,1.0,1.0
154,999,0,1,1.0,1.0
155,999,0,1,1.0,1.0
156,999,0,1,1.0,1.0
157,999,0,1,1.0,1.0
158,999,0,1,1.0,1.0
159,999,0,1,1.0,1.0
160,999,0,1,1.0,1.0
161,999,0,1,1.0,1.0
162,999,0,1,1.0,1.0
163,999,0,1,1.0,1.0
164,999,0,1,1.0,1.0
165,999,0,1,1.0,1.0
166,999,0,1,1.0,1.0
167,999,0,1,1.0,1.0
168,999,0,1,1.0,1.0
169,999,0,1,1.0,1.0
170,999,0,1,1.0,1.0
171,999,0,1,1.0,1.0
172,999,0,1,1.0,1.0
173,999,0,1,1.0,1.0
174,999,0,1,1.0,1.0
175,999,0,1,1.0,1.0
176,999,0,1,1.0,1.0
177,999,0,1,1.0,1.0
178,999,0,1,1.0,1.0
179,999,0,1,1.0,1.0
180,999,0,1,1.0,1.0
181,999,0,1,1.0,1.0
182,999,0,1,1.0,1.0
183,999,0,1,1.0,1.0
184,999,0,1,1.0,1.0
185,999,0,1,1.0,1.0
186,999,0,1,1.0,1.0
187,999,0,1,1.0,1.0
188,999,0,1,1.0,1.0
189,999,0,1,1.0,1.0
190,999,0,1,1.0,1.0
191,999,0,1,1.0,1.0
192,999,0,1,1.0,1.0
193,999,0,1,1.0,1.0
194,999,0,1,1.0,1.0
195,999,0,1,1.0,1.0
196,999,0,1,1.0,1.0
197,999,0,1,1.0,1.0
198,999,0,1,1.0,1.0
199,999,0,1,1.0,1.0
200,999,0,1,1.0,1.0
1,999,1,0,1.0,1.0
2,998,2,0,0.9995,0.999749498997996
3,997,2,1,1.0,1.0
4,997,2,1,1.0,1.0
5,997,2,1,1.0,1.0
6,997,2,1,1.0,1.0
7,997,2,1,1.0,1.0
8,997,2,1,1.0,1.0
9,997,2,1,1.0,1.0
10,997,2,1,1.0,1.0
11,997,2,1,1.0,1.0
12,996,3,1,0.9995,0.9997489959839357
13,996,3,1,0.9995,0.9997489959839357
14,996,3,1,0.9995,0.9997489959839357
15,996,3,1,0.9995,0.9997489959839357
16,996,3,1,0.9995,0.9997489959839357
17,995,4,1,0.9985,0.9992462311557789
18,995,4,1,0.9985,0.9992462311557789
19,995,3,2,0.999,0.9994974874371859
20,995,3,2,0.999,0.9994974874371859
21,994,4,2,0.999,0.9994969818913481
22,993,4,3,0.9995,0.9997482376636455
23,993,4,3,0.9995,0.9997482376636455
24,993,4,3,0.9995,0.9997482376636455
25,993,4,3,0.9995,0.9997482376636455
26,993,4,3,0.9995,0.9997482376636455
27,993,4,3,0.9995,0.9997482376636455
28,993,4,3,0.9995,0.9997482376636455
29,993,4,3,0.9995,0.9997482376636455
30,993,4,3,0.9995,0.9997482376636455
31,993,2,5,1.0,1.0
32,993,1,6,1.0,1.0
33,993,1,6,1.0,1.0
34,993,1,6,1.0,1.0
35,993,1,6,1.0,1.0
36,993,1,6,1.0,1.0
37,993,1,6,1.0,1.0
38,993,1,6,1.0,1.0
39,992,2,6,1.0,1.0
40,992,1,7,1.0,1.0
41,992,1,7,1.0,1.0
42,992,1,7,1.0,1.0
43,992,1,7,1.0,1.0
44,992,1,7,1.0,1.0
45,992,1,7,1.0,1.0
46,992,1,7,1.0,1.0
47,992,0,8,1.0,1.0
48,992,0,8,1.0,1.0
49,992,0,8,1.0,1.0
50,992,0,8,1.0,1.0
51,992,0,8,1.0,1.0
52,992,0,8,1.0,1.0
53,992,0,8,1.0,1.0
54,992,0,8,1.0,1.0
55,992,0,8,1.0,1.0
56,992,0,8,1.0,1.0
57,992,0,8,1.0,1.0
58,992,0,8,1.0,1.0
59,992,0,8,1.0,1.0
60,992,0,8,1.0,1.0
61,992,0,8,1.0,1.0
62,992,0,8,1.0,1.0
63,992,0,8,1.0,1.0
64,992,0,8,1.0,1.0
65,992,0,8,1.0,1.0
66,992,0,8,1.0,1.0
67,992,0,8,1.0,1.0
68,992,0,8,1.0,1.0
69,992,0,8,1.0,1.0
70,992,0,8,1.0,1.0
71,992,0,8,1.0,1.0
72,992,0,8,1.0,1.0
73,992,0,8,1.0,1.0
74,992,0,8,1.0,1.0
75,992,0,8,1.0,1.0
76,992,0,8,1.0,1.0
77,992,0,8,1.0,1.0
78,992,0,8,1.0,1.0
79,992,0,8,1.0,1.0
80,992,0,8,1.0,1.0
81,992,0,8,1.0,1.0
82,992,0,8,1.0,1.0
83,992,0,8,1.0,1.0
84,992,0,8,1.0,1.0
85,992,0,8,1.0,1.0
86,992,0,8,1.0,1.0
87,992,0,8,1.0,1.0
88,992,0,8,1.0,1.0
89,992,0,8,1.0,1.0
90,992,0,8,1.0,1.0
91,992,0,8,1.0,1.0
92,992,0,8,1.0,1.0
93,992,0,8,1.0,1.0
94,992,0,8,1.0,1.0
95,992,0,8,1.0,1.0
96,992,0,8,1.0,1.0
97,992,0,8,1.0,1.0
98,992,0,8,1.0,1.0
99,992,0,8,1.0,1.0
100,992,0,8,1.0,1.0
101,992,0,8,1.0,1.0
102,992,0,8,1.0,1.0
103,992,0,8,1.0,1.0
104,992,0,8,1.0,1.0
105,992,0,8,1.0,1.0
106,992,0,8,1.0,1.0
107,992,0,8,1.0,1.0
108,992,0,8,1.0,1.0
109,992,0,8,1.0,1.0
110,992,0,8,1.0,1.0
111,992,0,8,1.0,1.0
112,992,0,8,1.0,1.0
113,992,0,8,1.0,1.0
114,992,0,8,1.0,1.0
115,992,0,8,1.0,1.0
116,992,0,8,1.0,1.0
117,992,0,8,1.0,1.0
118,992,0,8,1.0,1.0
119,992,0,8,1.0,1.0
120,992,0,8,1.0,1.0
121,992,0,8,1.0,1.0
122,992,0,8,1.0,1.0
123,992,0,8,1.0,1.0
124,992,0,8,1.0,1.0
125,992,0,8,1.0,1.0
126,992,0,8,1.0,1.0
127,992,0,8,1.0,1.0
128,992,0,8,1.0,1.0
129,992,0,8,1.0,1.0
130,992,0,8,1.0,1.0
131,992,0,8,1.0,1.0
132,992,0,8,1.0,1.0
133,992,0,8,1.0,1.0
134,992,0,8,1.0,1.0
135,992,0,8,1.0,1.0
136,992,0,8,1.0,1.0
137,992,0,8,1.0,1.0
138,992,0,8,1.0,1.0
139,992,0,8,1.0,1.0
140,992,0,8,1.0,1.0
141,992,0,8,1.0,1.0
142,992,0,8,1.0,1.0
143,992,0,8,1.0,1.0
144,992,0,8,1.0,1.0
145,992,0,8,1.0,1.0
146,992,0,8,1.0,1.0
147,992,0,8,1.0,1.0
148,992,0,8,1.0,1.0
149,992,0,8,1.0,1.0
150,992,0,8,1.0,1.0
151,992,0,8,1.0,1.0
152,992,0,8,1.0,1.0
153,992,0,8,1.0,1.0
154,992,0,8,1.0,1.0
155,992,0,8,1.0,1.0
156,992,0,8,1.0,1.0
157,992,0,8,1.0,1.0
158,992,0,8,1.0,1.0
159,992,0,8,1.0,1.0
160,992,0,8,1.0,1.0
161,992,0,8,1.0,1.0
162,992,0,8,1.0,1.0
163,992,0,8,1.0,1.0
164,992,0,8,1.0,1.0
165,992,0,8,1.0,1.0
166,992,0,8,1.0,1.0
167,992,0,8,1.0,1.0
168,992,0,8,1.0,1.0
169,992,0,8,1.0,1.0
170,992,0,8,1.0,1.0
171,992,0,8,1.0,1.0
172,992,0,8,1.0,1.0
173,992,0,8,1.0,1.0
174,992,0,8,1.0,1.0
175,992,0,8,1.0,1.0
176,992,0,8,1.0,1.0
177,992,0,8,1.0,1.0
178,992,0,8,1.0,1.0
179,992,0,8,1.0,1.0
180,992,0,8,1.0,1.0
181,992,0,8,1.0,1.0
182,992,0,8,1.0,1.0
183,992,0,8,1.0,1.0
184,992,0,8,1.0,1.0
185,992,0,8,1.0,1.0
186,992,0,8,1.0,1.0
187,992,0,8,1.0,1.0
188,992,0,8,1.0,1.0
189,992,0,8,1.0,1.0
190,992,0,8,1.0,1.0
191,992,0,8,1.0,1.0
192,992,0,8,1.0,1.0
193,992,0,8,1.0,1.0
194,992,0,8,1.0,1.0
195,992,0,8,1.0,1.0
196,992,0,8,1.0,1.0
197,992,0,8,1.0,1.0
198,992,0,8,1.0,1.0
199,992,0,8,1.0,1.0
200,992,0,8,1.0,1.0
1,999,1,0,1.0,1.0
2,999,1,0,1.0,1.0
3,999,1,0,1.0,1.0
4,999,1,0,1.0,1.0
5,998,1,1,1.0,1.0
6,998,1,1,1.0,1.0
7,997,2,1,0.9995,0.9997492477432297
8,997,2,1,0.9995,0.9997492477432297
9,997,2,1,0.9995,0.9997492477432297
10,997,2,1,0.9995,0.9997492477432297
11,997,2,1,0.9995,0.9997492477432297
12,997,2,1,0.9995,0.9997492477432297
13,997,2,1,0.9995,0.9997492477432297
14,997,2,1,0.9995,0.9997492477432297
15,997,2,1,0.9995,0.9997492477432297
16,997,2,1,0.9995,0.9997492477432297
17,997,2,1,0.9995,0.9997492477432297
18,997,2,1,0.9995,0.9997492477432297
19,997,2,1,0.9995,0.9997492477432297
20,997,2,1,0.9995,0.9997492477432297
21,997,2,1,0.9995,0.9997492477432297
22,997,2,1,0.9995,0.9997492477432297
23,997,2,1,0.9995,0.9997492477432297
24,997,2,1,0.9995,0.9997492477432297
25,996,3,1,0.9995,0.9997489959839357
26,996,3,1,0.9995,0.9997489959839357
27,996,3,1,0.9995,0.9997489959839357
28,994,5,1,0.9985,0.9992454728370221
29,994,5,1,0.9985,0.9992454728370221
30,994,5,1,0.9985,0.9992454728370221
31,994,5,1,0.9985,0.9992454728370221
32,994,5,1,0.9985,0.9992454728370221
33,994,4,2,0.999,0.9994969818913481
34,994,4,2,0.999,0.9994969818913481
35,994,4,2,0.999,0.9994969818913481
36,994,4,2,0.999,0.9994969818913481
37,994,4,2,0.999,0.9994969818913481
38,993,5,2,0.9995,0.9997482376636455
39,993,4,3,1.0,1.0
40,993,4,3,1.0,1.0
41,993,4,3,1.0,1.0
42,993,4,3,1.0,1.0
43,993,4,3,1.0,1.0
44,992,5,3,0.9995,0.9997479838709677
45,992,5,3,0.9995,0.9997479838709677
46,992,5,3,0.9995,0.9997479838709677
47,991,6,3,0.9985,0.9992431886982845
48,991,6,3,0.9985,0.9992431886982845
49,991,5,4,0.9985,0.9992431886982845
50,991,5,4,0.9985,0.9992431886982845
51,990,6,4,0.9985,0.9992424242424243
52,990,6,4,0.9985,0.9992424242424243
53,990,6,4,0.9985,0.9992424242424243
54,990,6,4,0.9985,0.9992424242424243
55,990,6,4,0.9985,0.9992424242424243
56,990,6,4,0.9985,0.9992424242424243
57,990,6,4,0.9985,0.9992424242424243
58,989,7,4,0.9985,0.9992416582406471
59,989,7,4,0.9985,0.9992416582406471
60,989,6,5,0.9995,0.999747219413549
61,989,6,5,0.9995,0.999747219413549
62,989,5,6,0.9995,0.999747219413549
63,989,5,6,0.9995,0.999747219413549
64,989,5,6,0.9995,0.999747219413549
65,988,6,6,0.999,0.9994939271255061
66,987,7,6,0.9995,0.9997467071935157
67,987,6,7,0.9995,0.9997467071935157
68,987,4,9,1.0,1.0
69,987,4,9,1.0,1.0
70,987,4,9,1.0,1.0
71,987,4,9,1.0,1.0
72,987,4,9,1.0,1.0
73,987,4,9,1.0,1.0
74,987,4,9,1.0,1.0
75,987,4,9,1.0,1.0
76,987,4,9,1.0,1.0
77,987,4,9,1.0,1.0
78,987,4,9,1.0,1.0
79,987,4,9,1.0,1.0
80,987,4,9,1.0,1.0
81,987,4,9,1.0,1.0
82,987,3,10,1.0,1.0
83,987,3,10,1.0,1.0
84,986,4,10,1.0,1.0
85,986,4,10,1.0,1.0
86,986,4,10,1.0,1.0
87,986,4,10,1.0,1.0
88,986,4,10,1.0,1.0
89,986,4,10,1.0,1.0
90,985,5,10,0.9995,0.999746192893401
91,985,5,10,0.9995,0.999746192893401
92,985,4,11,0.9995,0.999746192893401
93,985,4,11,0.9995,0.999746192893401
94,985,4,11,0.9995,0.999746192893401
95,985,4,11,0.9995,0.999746192893401
96,985,4,11,0.9995,0.999746192893401
97,985,4,11,0.9995,0.999746192893401
98,985,4,11,0.9995,0.999746192893401
99,985,4,11,0.9995,0.999746192893401
100,985,4,11,0.9995,0.999746192893401
101,985,4,11,0.9995,0.999746192893401
102,984,5,11,0.9985,0.9992378048780488
103,984,5,11,0.9985,0.9992378048780488
104,984,5,11,0.9985,0.9992378048780488
105,984,4,12,0.9995,0.9997459349593496
106,984,3,13,0.9995,0.9997459349593496
107,984,3,13,0.9995,0.9997459349593496
108,984,3,13,0.9995,0.9997459349593496
109,983,4,13,0.999,0.9994913530010173
110,983,4,13,0.999,0.9994913530010173
111,983,4,13,0.999,0.9994913530010173
112,983,4,13,0.999,0.9994913530010173
113,983,4,13,0.999,0.9994913530010173
114,983,4,13,0.999,0.9994913530010173
115,982,5,13,0.999,0.9994908350305499
116,981,6,13,0.9995,0.9997451580020388
117,981,6,13,0.9995,0.9997451580020388
118,981,6,13,0.9995,0.9997451580020388
119,981,6,13,0.9995,0.9997451580020388
120,981,6,13,0.9995,0.9997451580020388
121,981,6,13,0.9995,0.9997451580020388
122,981,6,13,0.9995,0.9997451580020388
123,981,6,13,0.9995,0.9997451580020388
124,981,6,13,0.9995,0.9997451580020388
125,981,6,13,0.9995,0.9997451580020388
126,981,6,13,0.9995,0.9997451580020388
127,981,6,13,0.9995,0.9997451580020388
128,981,5,14,0.9995,0.9997451580020388
129,981,5,14,0.9995,0.9997451580020388
130,981,5,14,0.9995,0.9997451580020388
131,981,5,14,0.9995,0.9997451580020388
132,981,5,14,0.9995,0.9997451580020388
133,981,5,14,0.9995,0.9997451580020388
134,981,5,14,0.9995,0.9997451580020388
135,980,6,14,0.9995,0.9997448979591836
136,979,7,14,0.9995,0.9997446373850868
137,979,6,15,0.9995,0.9997446373850868
138,978,7,15,0.999,0.9994887525562373
139,977,8,15,0.9985,0.9992323439099283
140,977,7,16,0.9995,0.9997441146366428
141,977,7,16,0.9995,0.9997441146366428
142,976,8,16,0.9985,0.9992315573770492
143,976,8,16,0.9985,0.9992315573770492
144,976,8,16,0.9985,0.9992315573770492
145,975,9,16,0.9985,0.9992307692307693
146,975,9,16,0.9985,0.9992307692307693
147,975,8,17,0.9985,0.9992307692307693
148,975,8,17,0.9985,0.9992307692307693
149,974,9,17,0.9995,0.9997433264887063
150,973,10,17,0.9995,0.999743062692703
151,973,10,17,0.9995,0.999743062692703
152,973,10,17,0.9995,0.999743062692703
153,973,10,17,0.9995,0.999743062692703
154,973,10,17,0.9995,0.999743062692703
155,973,10,17,0.9995,0.999743062692703
156,973,10,17,0.9995,0.999743062692703
157,972,11,17,0.999,0.9994855967078189
158,972,11,17,0.999,0.9994855967078189
159,972,9,19,0.9995,0.9997427983539094
160,971,9,20,0.9995,0.9997425334706488
161,970,10,20,0.9995,0.9997422680412371
162,970,10,20,0.9995,0.9997422680412371
163,970,10,20,0.9995,0.9997422680412371
164,970,9,21,0.9995,0.9997422680412371
165,970,9,21,0.9995,0.9997422680412371
166,970,9,21,0.9995,0.9997422680412371
167,970,9,21,0.9995,0.9997422680412371
168,970,9,21,0.9995,0.9997422680412371
169,970,9,21,0.9995,0.9997422680412371
170,970,9,21,0.9995,0.9997422680412371
171,969,9,22,0.9995,0.9997420020639834
172,969,8,23,0.9995,0.9997420020639834
173,969,8,23,0.9995,0.9997420020639834
174,969,8,23,0.9995,0.9997420020639834
175,969,8,23,0.9995,0.9997420020639834
176,969,8,23,0.9995,0.9997420020639834
177,969,8,23,0.9995,0.9997420020639834
178,969,7,24,0.9995,0.9997420020639834
179,969,7,24,0.9995,0.9997420020639834
180,969,7,24,0.9995,0.9997420020639834
181,969,7,24,0.9995,0.9997420020639834
182,969,7,24,0.9995,0.9997420020639834
183,969,7,24,0.9995,0.9997420020639834
184,969,7,24,0.9995,0.9997420020639834
185,969,7,24,0.9995,0.9997420020639834
186,969,5,26,1.0,1.0
187,969,5,26,1.0,1.0
188,969,5,26,1.0,1.0
189,969,5,26,1.0,1.0
190,969,4,27,1.0,1.0
191,969,4,27,1.0,1.0
192,969,4,27,1.0,1.0
193,969,4,27,1.0,1.0
194,969,4,27,1.0,1.0
195,969,4,27,1.0,1.0
196,969,4,27,1.0,1.0
197,969,4,27,1.0,1.0
198,969,4,27,1.0,1.0
199,969,4,27,1.0,1.0
200,969,4,27,1.0,1.0
1,998,2,0,0.9995,0.999749498997996
2,998,2,0,0.9995,0.999749498997996
3,998,2,0,0.9995,0.999749498997996
4,996,4,0,0.998,0.998995983935743
5,996,3,1,0.999,0.9994979919678715
6,995,4,1,0.999,0.9994974874371859
7,994,5,1,0.998,0.9989939637826962
8,994,5,1,0.998,0.9989939637826962
9,993,6,1,0.9985,0.9992447129909365
10,990,9,1,0.998,0.998989898989899
11,990,8,2,0.9985,0.9992424242424243
12,990,7,3,0.999,0.9994949494949495
13,990,6,4,0.9995,0.9997474747474747
14,990,6,4,0.9995,0.9997474747474747
15,990,6,4,0.9995,0.9997474747474747
16,990,6,4,0.9995,0.9997474747474747
17,990,6,4,0.9995,0.9997474747474747
18,989,7,4,0.999,0.9994944388270981
19,988,8,4,0.999,0.9994939271255061
20,988,7,5,0.9995,0.999746963562753
21,987,8,5,0.999,0.9994934143870314
22,987,8,5,0.999,0.9994934143870314
23,986,9,5,0.9985,0.9992393509127789
24,985,9,6,0.9985,0.999238578680203
25,985,9,6,0.9985,0.999238578680203
26,985,7,8,0.999,0.999492385786802
27,985,7,8,0.999,0.999492385786802
28,985,6,9,0.9995,0.999746192893401
29,985,6,9,0.9995,0.999746192893401
30,983,8,9,0.999,0.9994913530010173
31,982,9,9,0.9985,0.9992362525458248
32,982,8,10,0.999,0.9994908350305499
33,982,8,10,0.999,0.9994908350305499
34,982,6,12,0.999,0.9994908350305499
35,982,6,12,0.999,0.9994908350305499
36,982,5,13,0.999,0.9994908350305499
37,982,4,14,0.9995,0.9997454175152749
38,982,4,14,0.9995,0.9997454175152749
39,982,4,14,0.9995,0.9997454175152749
40,982,4,14,0.9995,0.9997454175152749
41,982,4,14,0.9995,0.9997454175152749
42,982,4,14,0.9995,0.9997454175152749
43,982,4,14,0.9995,0.9997454175152749
44,982,4,14,0.9995,0.9997454175152749
45,982,4,14,0.9995,0.9997454175152749
46,982,4,14,0.9995,0.9997454175152749
47,982,3,15,1.0,1.0
48,982,3,15,1.0,1.0
49,981,4,15,0.999,0.9994903160040775
50,981,4,15,0.999,0.9994903160040775
51,981,4,15,0.999,0.9994903160040775
52,981,4,15,0.999,0.9994903160040775
53,980,4,16,0.9995,0.9997448979591836
54,980,4,16,0.9995,0.9997448979591836
55,980,4,16,0.9995,0.9997448979591836
56,980,4,16,0.9995,0.9997448979591836
57,980,4,16,0.9995,0.9997448979591836
58,980,4,16,0.9995,0.9997448979591836
59,979,4,17,1.0,1.0
60,979,4,17,1.0,1.0
61,978,5,17,1.0,1.0
62,978,4,18,1.0,1.0
63,978,4,18,1.0,1.0
64,978,4,18,1.0,1.0
65,978,4,18,1.0,1.0
66,978,4,18,1.0,1.0
67,978,4,18,1.0,1.0
68,977,5,18,0.9995,0.9997441146366428
69,977,5,18,0.9995,0.9997441146366428
70,977,5,18,0.9995,0.9997441146366428
71,977,5,18,0.9995,0.9997441146366428
72,977,5,18,0.9995,0.9997441146366428
73,977,5,18,0.9995,0.9997441146366428
74,977,4,19,1.0,1.0
75,977,4,19,1.0,1.0
76,977,4,19,1.0,1.0
77,977,4,19,1.0,1.0
78,977,4,19,1.0,1.0
79,977,4,19,1.0,1.0
80,976,5,19,1.0,1.0
81,976,5,19,1.0,1.0
82,976,5,19,1.0,1.0
83,976,4,20,1.0,1.0
84,976,4,20,1.0,1.0
85,976,4,20,1.0,1.0
86,976,4,20,1.0,1.0
87,976,4,20,1.0,1.0
88,976,3,21,1.0,1.0
89,976,3,21,1.0,1.0
90,976,3,21,1.0,1.0
91,976,3,21,1.0,1.0
92,976,2,22,1.0,1.0
93,976,2,22,1.0,1.0
94,976,2,22,1.0,1.0
95,976,2,22,1.0,1.0
96,976,1,23,1.0,1.0
97,976,1,23,1.0,1.0
98,976,1,23,1.0,1.0
99,976,1,23,1.0,1.0
100,976,1,23,1.0,1.0
101,976,1,23,1.0,1.0
102,976,1,23,1.0,1.0
103,976,1,23,1.0,1.0
104,976,1,23,1.0,1.0
105,976,1,23,1.0,1.0
106,976,1,23,1.0,1.0
107,976,1,23,1.0,1.0
108,976,1,23,1.0,1.0
109,976,1,23,1.0,1.0
110,976,1,23,1.0,1.0
111,976,1,23,1.0,1.0
112,976,1,23,1.0,1.0
113,976,1,23,1.0,1.0
114,976,1,23,1.0,1.0
115,976,1,23,1.0,1.0
116,976,1,23,1.0,1.0
117,976,1,23,1.0,1.0
118,976,1,23,1.0,1.0
119,976,1,23,1.0,1.0
120,976,1,23,1.0,1.0
121,976,1,23,1.0,1.0
122,976,1,23,1.0,1.0
123,976,1,23,1.0,1.0
124,976,1,23,1.0,1.0
125,976,1,23,1.0,1.0
126,976,1,23,1.0,1.0
127,976,1,23,1.0,1.0
128,976,1,23,1.0,1.0
129,976,1,23,1.0,1.0
130,976,1,23,1.0,1.0
131,976,1,23,1.0,1.0
132,976,0,24,1.0,1.0
133,976,0,24,1.0,1.0
134,976,0,24,1.0,1.0
135,976,0,24,1.0,1.0
136,976,0,24,1.0,1.0
137,976,0,24,1.0,1.0
138,976,0,24,1.0,1.0
139,976,0,24,1.0,1.0
140,976,0,24,1.0,1.0
141,976,0,24,1.0,1.0
142,976,0,24,1.0,1.0
143,976,0,24,1.0,1.0
144,976,0,24,1.0,1.0
145,976,0,24,1.0,1.0
146,976,0,24,1.0,1.0
147,976,0,24,1.0,1.0
148,976,0,24,1.0,1.0
149,976,0,24,1.0,1.0
150,976,0,24,1.0,1.0
151,976,0,24,1.0,1.0
152,976,0,24,1.0,1.0
153,976,0,24,1.0,1.0
154,976,0,24,1.0,1.0
155,976,0,24,1.0,1.0
156,976,0,24,1.0,1.0
157,976,0,24,1.0,1.0
158,976,0,24,1.0,1.0
159,976,0,24,1.0,1.0
160,976,0,24,1.0,1.0
161,976,0,24,1.0,1.0
162,976,0,24,1.0,1.0
163,976,0,24,1.0,1.0
164,976,0,24,1.0,1.0
165,976,0,24,1.0,1.0
166,976,0,24,1.0,1.0
167,976,0,24,1.0,1.0
168,976,0,24,1.0,1.0
169,976,0,24,1.0,1.0
170,976,0,24,1.0,1.0
171,976,0,24,1.0,1.0
172,976,0,24,1.0,1.0
173,976,0,24,1.0,1.0
174,976,0,24,1.0,1.0
175,976,0,24,1.0,1.0
176,976,0,24,1.0,1.0
177,976,0,24,1.0,1.0
178,976,0,24,1.0,1.0
179,976,0,24,1.0,1.0
180,976,0,24,1.0,1.0
181,976,0,24,1.0,1.0
182,976,0,24,1.0,1.0
183,976,0,24,1.0,1.0
184,976,0,24,1.0,1.0
185,976,0,24,1.0,1.0
186,976,0,24,1.0,1.0
187,976,0,24,1.0,1.0
188,976,0,24,1.0,1.0
189,976,0,24,1.0,1.0
190,976,0,24,1.0,1.0
191,976,0,24,1.0,1.0
192,976,0,24,1.0,1.0
193,976,0,24,1.0,1.0
194,976,0,24,1.0,1.0
195,976,0,24,1.0,1.0
196,976,0,24,1.0,1.0
197,976,0,24,1.0,1.0
198,976,0,24,1.0,1.0
199,976,0,24,1.0,1.0
200,976,0,24,1.0,1.0
1,999,1,0,1.0,1.0
2,999,0,1,1.0,1.0
3,999,0,1,1.0,1.0
4,999,0,1,1.0,1.0
5,999,0,1,1.0,1.0
6,999,0,1,1.0,1.0
7,999,0,1,1.0,1.0
8,999,0,1,1.0,1.0
9,999,0,1,1.0,1.0
10,999,0,1,1.0,1.0
11,999,0,1,1.0,1.0
12,999,0,1,1.0,1.0
13,999,0,1,1.0,1.0
14,999,0,1,1.0,1.0
15,999,0,1,1.0,1.0
16,999,0,1,1.0,1.0
17,999,0,1,1.0,1.0
18,999,0,1,1.0,1.0
19,999,0,1,1.0,1.0
20,999,0,1,1.0,1.0
21,999,0,1,1.0,1.0
22,999,0,1,1.0,1.0
23,999,0,1,1.0,1.0
24,999,0,1,1.0,1.0
25,999,0,1,1.0,1.0
26,999,0,1,1.0,1.0
27,999,0,1,1.0,1.0
28,999,0,1,1.0,1.0
29,999,0,1,1.0,1.0
30,999,0,1,1.0,1.0
31,999,0,1,1.0,1.0
32,999,0,1,1.0,1.0
33,999,0,1,1.0,1.0
34,999,0,1,1.0,1.0
35,999,0,1,1.0,1.0
36,999,0,1,1.0,1.0
37,999,0,1,1.0,1.0
38,999,0,1,1.0,1.0
39,999,0,1,1.0,1.0
40,999,0,1,1.0,1.0
41,999,0,1,1.0,1.0
42,999,0,1,1.0,1.0
43,999,0,1,1.0,1.0
44,999,0,1,1.0,1.0
45,999,0,1,1.0,1.0
46,999,0,1,1.0,1.0
47,999,0,1,1.0,1.0
48,999,0,1,1.0,1.0
49,999,0,1,1.0,1.0
50,999,0,1,1.0,1.0
51,999,0,1,1.0,1.0
52,999,0,1,1.0,1.0
53,999,0,1,1.0,1.0
54,999,0,1,1.0,1.0
55,999,0,1,1.0,1.0
56,999,0,1,1.0,1.0
57,999,0,1,1.0,1.0
58,999,0,1,1.0,1.0
59,999,0,1,1.0,1.0
60,999,0,1,1.0,1.0
61,999,0,1,1.0,1.0
62,999,0,1,1.0,1.0
63,999,0,1,1.0,1.0
64,999,0,1,1.0,1.0
65,999,0,1,1.0,1.0
66,999,0,1,1.0,1.0
67,999,0,1,1.0,1.0
68,999,0,1,1.0,1.0
69,999,0,1,1.0,1.0
70,999,0,1,1.0,1.0
71,999,0,1,1.0,1.0
72,999,0,1,1.0,1.0
73,999,0,1,1.0,1.0
74,999,0,1,1.0,1.0
75,999,0,1,1.0,1.0
76,999,0,1,1.0,1.0
77,999,0,1,1.0,1.0
78,999,0,1,1.0,1.0
79,999,0,1,1.0,1.0
80,999,0,1,1.0,1.0
81,999,0,1,1.0,1.0
82,999,0,1,1.0,1.0
83,999,0,1,1.0,1.0
84,999,0,1,1.0,1.0
85,999,0,1,1.0,1.0
86,999,0,1,1.0,1.0
87,999,0,1,1.0,1.0
88,999,0,1,1.0,1.0
89,999,0,1,1.0,1.0
90,999,0,1,1.0,1.0
91,999,0,1,1.0,1.0
92,999,0,1,1.0,1.0
93,999,0,1,1.0,1.0
94,999,0,1,1.0,1.0
95,999,0,1,1.0,1.0
96,999,0,1,1.0,1.0
97,999,0,1,1.0,1.0
98,999,0,1,1.0,1.0
99,999,0,1,1.0,1.0
100,999,0,1,1.0,1.0
101,999,0,1,1.0,1.0
102,999,0,1,1.0,1.0
103,999,0,1,1.0,1.0
104,999,0,1,1.0,1.0
105,999,0,1,1.0,1.0
106,999,0,1,1.0,1.0
107,999,0,1,1.0,1.0
108,999,0,1,1.0,1.0
109,999,0,1,1.0,1.0
110,999,0,1,1.0,1.0
111,999,0,1,1.0,1.0
112,999,0,1,1.0,1.0
113,999,0,1,1.0,1.0
114,999,0,1,1.0,1.0
115,999,0,1,1.0,1.0
116,999,0,1,1.0,1.0
117,999,0,1,1.0,1.0
118,999,0,1,1.0,1.0
119,999,0,1,1.0,1.0
120,999,0,1,1.0,1.0
121,999,0,1,1.0,1.0
122,999,0,1,1.0,1.0
123,999,0,1,1.0,1.0
124,999,0,1,1.0,1.0
125,999,0,1,1.0,1.0
126,999,0,1,1.0,1.0
127,999,0,1,1.0,1.0
128,999,0,1,1.0,1.0
129,999,0,1,1.0,1.0
130,999,0,1,1.0,1.0
131,999,0,1,1.0,1.0
132,999,0,1,1.0,1.0
133,999,0,1,1.0,1.0
134,999,0,1,1.0,1.0
135,999,0,1,1.0,1.0
136,999,0,1,1.0,1.0
137,999,0,1,1.0,1.0
138,999,0,1,1.0,1.0
139,999,0,1,1.0,1.0
140,999,0,1,1.0,1.0
141,999,0,1,1.0,1.0
142,999,0,1,1.0,1.0
143,999,0,1,1.0,1.0
144,999,0,1,1.0,1.0
145,999,0,1,1.0,1.0
146,999,0,1,1.0,1.0
147,999,0,1,1.0,1.0
148,999,0,1,1.0,1.0
149,999,0,1,1.0,1.0
150,999,0,1,1.0,1.0
151,999,0,1,1.0,1.0
152,999,0,1,1.0,1.0
153,999,0,1,1.0,1.0
154,999,0,1,1.0,1.0
155,999,0,1,1.0,1.0
156,999,0,1,1.0,1.0
157,999,0,1,1.0,1.0
158,999,0,1,1.0,1.0
159,999,0,1,1.0,1.0
160,999,0,1,1.0,1.0
161,999,0,1,1.0,1.0
162,999,0,1,1.0,1.0
163,999,0,1,1.0,1.0
164,999,0,1,1.0,1.0
165,999,0,1,1.0,1.0
166,999,0,1,1.0,1.0
167,999,0,1,1.0,1.0
168,999,0,1,1.0,1.0
169,999,0,1,1.0,1.0
170,999,0,1,1.0,1.0
171,999,0,1,1.0,1.0
172,999,0,1,1.0,1.0
173,999,0,1,1.0,1.0
174,999,0,1,1.0,1.0
175,999,0,1,1.0,1.0
176,999,0,1,1.0,1.0
177,999,0,1,1.0,1.0
178,999,0,1,1.0,1.0
179,999,0,1,1.0,1.0
180,999,0,1,1.0,1.0
181,999,0,1,1.0,1.0
182,999,0,1,1.0,1.0
183,999,0,1,1.0,1.0
184,999,0,1,1.0,1.0
185,999,0,1,1.0,1.0
186,999,0,1,1.0,1.0
187,999,0,1,1.0,1.0
188,999,0,1,1.0,1.0
189,999,0,1,1.0,1.0
190,999,0,1,1.0,1.0
191,999,0,1,1.0,1.0
192,999,0,1,1.0,1.0
193,999,0,1,1.0,1.0
194,999,0,1,1.0,1.0
195,999,0,1,1.0,1.0
196,999,0,1,1.0,1.0
197,999,0,1,1.0,1.0
198,999,0,1,1.0,1.0
199,999,0,1,1.0,1.0
200,999,0,1,1.0,1.0
1,999,1,0,1.0,1.0
2,999,1,0,1.0,1.0
3,997,3,0,0.999,0.9994984954864594
4,996,4,0,0.9985,0.9992469879518072
5,996,4,0,0.9985,0.9992469879518072
6,996,4,0,0.9985,0.9992469879518072
7,996,2,2,1.0,1.0
8,996,2,2,1.0,1.0
9,996,2,2,1.0,1.0
10,996,2,2,1.0,1.0
11,996,2,2,1.0,1.0
12,996,2,2,1.0,1.0
13,995,3,2,0.9995,0.999748743718593
14,994,4,2,0.999,0.9994969818913481
15,994,4,2,0.999,0.9994969818913481
16,994,4,2,0.999,0.9994969818913481
17,993,5,2,0.9985,0.9992447129909365
18,992,5,3,0.999,0.9994959677419355
19,992,5,3,0.999,0.9994959677419355
20,992,5,3,0.999,0.9994959677419355
21,991,6,3,0.998,0.9989909182643795
22,990,6,4,0.998,0.998989898989899
23,988,8,4,0.9985,0.9992408906882592
24,987,9,4,0.998,0.9989868287740629
25,987,9,4,0.998,0.9989868287740629
26,987,9,4,0.998,0.9989868287740629
27,986,10,4,0.999,0.9994929006085193
28,986,9,5,0.999,0.9994929006085193
29,986,9,5,0.999,0.9994929006085193
30,986,8,6,0.999,0.9994929006085193
31,986,8,6,0.999,0.9994929006085193
32,986,7,7,0.999,0.9994929006085193
33,986,7,7,0.999,0.9994929006085193
34,986,7,7,0.999,0.9994929006085193
35,985,8,7,0.9985,0.999238578680203
36,985,7,8,0.9985,0.999238578680203
37,985,7,8,0.9985,0.999238578680203
38,985,7,8,0.9985,0.999238578680203
39,985,7,8,0.9985,0.999238578680203
40,985,7,8,0.9985,0.999238578680203
41,985,7,8,0.9985,0.999238578680203
42,985,7,8,0.9985,0.999238578680203
43,985,7,8,0.9985,0.999238578680203
44,985,7,8,0.9985,0.999238578680203
45,985,6,9,0.9985,0.999238578680203
46,985,6,9,0.9985,0.999238578680203
47,985,6,9,0.9985,0.999238578680203
48,985,6,9,0.9985,0.999238578680203
49,985,5,10,0.999,0.999492385786802
50,985,5,10,0.999,0.999492385786802
51,985,5,10,0.999,0.999492385786802
52,985,5,10,0.999,0.999492385786802
53,985,4,11,0.999,0.999492385786802
54,985,3,12,0.9995,0.999746192893401
55,985,3,12,0.9995,0.999746192893401
56,985,3,12,0.9995,0.999746192893401
57,985,3,12,0.9995,0.999746192893401
58,985,3,12,0.9995,0.999746192893401
59,985,2,13,0.9995,0.999746192893401
60,984,3,13,0.9995,0.9997459349593496
61,984,3,13,0.9995,0.9997459349593496
62,984,3,13,0.9995,0.9997459349593496
63,984,3,13,0.9995,0.9997459349593496
64,984,3,13,0.9995,0.9997459349593496
65,984,3,13,0.9995,0.9997459349593496
66,984,3,13,0.9995,0.9997459349593496
67,984,3,13,0.9995,0.9997459349593496
68,984,3,13,0.9995,0.9997459349593496
69,984,3,13,0.9995,0.9997459349593496
70,983,4,13,1.0,1.0
71,983,4,13,1.0,1.0
72,983,4,13,1.0,1.0
73,983,3,14,1.0,1.0
74,983,3,14,1.0,1.0
75,983,3,14,1.0,1.0
76,983,3,14,1.0,1.0
77,983,3,14,1.0,1.0
78,983,3,14,1.0,1.0
79,983,3,14,1.0,1.0
80,983,3,14,1.0,1.0
81,983,3,14,1.0,1.0
82,983,3,14,1.0,1.0
83,983,3,14,1.0,1.0
84,983,3,14,1.0,1.0
85,983,3,14,1.0,1.0
86,983,3,14,1.0,1.0
87,983,3,14,1.0,1.0
88,983,2,15,1.0,1.0
89,983,2,15,1.0,1.0
90,983,2,15,1.0,1.0
91,983,2,15,1.0,1.0
92,983,2,15,1.0,1.0
93,983,2,15,1.0,1.0
94,983,2,15,1.0,1.0
95,983,2,15,1.0,1.0
96,983,2,15,1.0,1.0
97,983,2,15,1.0,1.0
98,983,2,15,1.0,1.0
99,983,2,15,1.0,1.0
100,983,1,16,1.0,1.0
101,983,1,16,1.0,1.0
102,983,1,16,1.0,1.0
103,983,1,16,1.0,1.0
104,983,1,16,1.0,1.0
105,983,1,16,1.0,1.0
106,983,1,16,1.0,1.0
107,983,1,16,1.0,1.0
108,983,1,16,1.0,1.0
109,983,1,16,1.0,1.0
110,983,1,16,1.0,1.0
111,983,1,16,1.0,1.0
112,983,1,16,1.0,1.0
113,983,1,16,1.0,1.0
114,983,1,16,1.0,1.0
115,983,1,16,1.0,1.0
116,983,1,16,1.0,1.0
117,983,0,17,1.0,1.0
118,983,0,17,1.0,1.0
119,983,0,17,1.0,1.0
120,983,0,17,1.0,1.0
121,983,0,17,1.0,1.0
122,983,0,17,1.0,1.0
123,983,0,17,1.0,1.0
124,983,0,17,1.0,1.0
125,983,0,17,1.0,1.0
126,983,0,17,1.0,1.0
127,983,0,17,1.0,1.0
128,983,0,17,1.0,1.0
129,983,0,17,1.0,1.0
130,983,0,17,1.0,1.0
131,983,0,17,1.0,1.0
132,983,0,17,1.0,1.0
133,983,0,17,1.0,1.0
134,983,0,17,1.0,1.0
135,983,0,17,1.0,1.0
136,983,0,17,1.0,1.0
137,983,0,17,1.0,1.0
138,983,0,17,1.0,1.0
139,983,0,17,1.0,1.0
140,983,0,17,1.0,1.0
141,983,0,17,1.0,1.0
142,983,0,17,1.0,1.0
143,983,0,17,1.0,1.0
144,983,0,17,1.0,1.0
145,983,0,17,1.0,1.0
146,983,0,17,1.0,1.0
147,983,0,17,1.0,1.0
148,983,0,17,1.0,1.0
149,983,0,17,1.0,1.0
150,983,0,17,1.0,1.0
151,983,0,17,1.0,1.0
152,983,0,17,1.0,1.0
153,983,0,17,1.0,1.0
154,983,0,17,1.0,1.0
155,983,0,17,1.0,1.0
156,983,0,17,1.0,1.0
157,983,0,17,1.0,1.0
158,983,0,17,1.0,1.0
159,983,0,17,1.0,1.0
160,983,0,17,1.0,1.0
161,983,0,17,1.0,1.0
162,983,0,17,1.0,1.0
163,983,0,17,1.0,1.0
164,983,0,17,1.0,1.0
165,983,0,17,1.0,1.0
166,983,0,17,1.0,1.0
167,983,0,17,1.0,1.0
168,983,0,17,1.0,1.0
169,983,0,17,1.0,1.0
170,983,0,17,1.0,1.0
171,983,0,17,1.0,1.0
172,983,0,17,1.0,1.0
173,983,0,17,1.0,1.0
174,983,0,17,1.0,1.0
175,983,0,17,1.0,1.0
176,983,0,17,1.0,1.0
177,983,0,17,1.0,1.0
178,983,0,17,1.0,1.0
179,983,0,17,1.0,1.0
180,983,0,17,1.0,1.0
181,983,0,17,1.0,1.0
182,983,0,17,1.0,1.0
183,983,0,17,1.0,1.0
184,983,0,17,1.0,1.0
185,983,0,17,1.0,1.0
186,983,0,17,1.0,1.0
187,983,0,17,1.0,1.0
188,983,0,17,1.0,1.0
189,983,0,17,1.0,1.0
190,983,0,17,1.0,1.0
191,983,0,17,1.0,1.0
192,983,0,17,1.0,1.0
193,983,0,17,1.0,1.0
194,983,0,17,1.0,1.0
195,983,0,17,1.0,1.0
196,983,0,17,1.0,1.0
197,983,0,17,1.0,1.0
198,983,0,17,1.0,1.0
199,983,0,17,1.0,1.0
200,983,0,17,1.0,1.0
1,998,2,0,0.9995,0.999749498997996
2,997,3,0,0.9985,0.9992477432296891
3,997,3,0,0.9985,0.9992477432296891
4,997,3,0,0.9985,0.9992477432296891
5,997,3,0,0.9985,0.9992477432296891
6,997,3,0,0.9985,0.9992477432296891
7,997,3,0,0.9985,0.9992477432296891
8,997,3,0,0.9985,0.9992477432296891
9,997,3,0,0.9985,0.9992477432296891
10,997,3,0,0.9985,0.9992477432296891
11,997,3,0,0.9985,0.9992477432296891
12,997,3,0,0.9985,0.9992477432296891
13,997,3,0,0.9985,0.9992477432296891
14,997,3,0,0.9985,0.9992477432296891
15,997,3,0,0.9985,0.9992477432296891
16,997,3,0,0.9985,0.9992477432296891
17,996,4,0,0.998,0.998995983935743
18,994,6,0,0.9975,0.9987424547283702
19,994,5,1,0.998,0.9989939637826962
20,994,5,1,0.998,0.9989939637826962
21,994,4,2,0.999,0.9994969818913481
22,994,4,2,0.999,0.9994969818913481
23,993,5,2,0.9985,0.9992447129909365
24,993,5,2,0.9985,0.9992447129909365
25,992,6,2,0.999,0.9994959677419355
26,992,6,2,0.999,0.9994959677419355
27,992,6,2,0.999,0.9994959677419355
28,992,6,2,0.999,0.9994959677419355
29,991,7,2,1.0,1.0
30,991,7,2,1.0,1.0
31,991,7,2,1.0,1.0
32,991,6,3,1.0,1.0
33,991,6,3,1.0,1.0
34,991,5,4,1.0,1.0
35,991,5,4,1.0,1.0
36,991,5,4,1.0,1.0
37,991,5,4,1.0,1.0
38,991,5,4,1.0,1.0
39,991,5,4,1.0,1.0
40,991,5,4,1.0,1.0
41,991,5,4,1.0,1.0
42,991,5,4,1.0,1.0
43,991,5,4,1.0,1.0
44,991,4,5,1.0,1.0
45,991,4,5,1.0,1.0
46,991,4,5,1.0,1.0
47,991,4,5,1.0,1.0
48,991,3,6,1.0,1.0
49,991,3,6,1.0,1.0
50,991,3,6,1.0,1.0
51,991,3,6,1.0,1.0
52,991,3,6,1.0,1.0
53,991,2,7,1.0,1.0
54,991,2,7,1.0,1.0
55,991,2,7,1.0,1.0
56,991,2,7,1.0,1.0
57,991,2,7,1.0,1.0
58,991,2,7,1.0,1.0
59,991,2,7,1.0,1.0
60,991,2,7,1.0,1.0
61,991,2,7,1.0,1.0
62,991,2,7,1.0,1.0
63,991,2,7,1.0,1.0
64,991,2,7,1.0,1.0
65,991,2,7,1.0,1.0
66,991,2,7,1.0,1.0
67,991,2,7,1.0,1.0
68,991,2,7,1.0,1.0
69,991,2,7,1.0,1.0
70,991,2,7,1.0,1.0
71,991,2,7,1.0,1.0
72,991,2,7,1.0,1.0
73,991,2,7,1.0,1.0
74,991,2,7,1.0,1.0
75,991,2,7,1.0,1.0
76,991,2,7,1.0,1.0
77,991,2,7,1.0,1.0
78,991,2,7,1.0,1.0
79,991,2,7,1.0,1.0
80,991,2,7,1.0,1.0
81,991,2,7,1.0,1.0
82,991,1,8,1.0,1.0
83,991,1,8,1.0,1.0
84,991,1,8,1.0,1.0
85,991,1,8,1.0,1.0
86,991,1,8,1.0,1.0
87,991,1,8,1.0,1.0
88,991,1,8,1.0,1.0
89,991,1,8,1.0,1.0
90,991,1,8,1.0,1.0
91,991,1,8,1.0,1.0
92,991,0,9,1.0,1.0
93,991,0,9,1.0,1.0
94,991,0,9,1.0,1.0
95,991,0,9,1.0,1.0
96,991,0,9,1.0,1.0
97,991,0,9,1.0,1.0
98,991,0,9,1.0,1.0
99,991,0,9,1.0,1.0
100,991,0,9,1.0,1.0
101,991,0,9,1.0,1.0
102,991,0,9,1.0,1.0
103,991,0,9,1.0,1.0
104,991,0,9,1.0,1.0
105,991,0,9,1.0,1.0
106,991,0,9,1.0,1.0
107,991,0,9,1.0,1.0
108,991,0,9,1.0,1.0
109,991,0,9,1.0,1.0
110,991,0,9,1.0,1.0
111,991,0,9,1.0,1.0
112,991,0,9,1.0,1.0
113,991,0,9,1.0,1.0
114,991,0,9,1.0,1.0
115,991,0,9,1.0,1.0
116,991,0,9,1.0,1.0
117,991,0,9,1.0,1.0
118,991,0,9,1.0,1.0
119,991,0,9,1.0,1.0
120,991,0,9,1.0,1.0
121,991,0,9,1.0,1.0
122,991,0,9,1.0,1.0
123,991,0,9,1.0,1.0
124,991,0,9,1.0,1.0
125,991,0,9,1.0,1.0
126,991,0,9,1.0,1.0
127,991,0,9,1.0,1.0
128,991,0,9,1.0,1.0
129,991,0,9,1.0,1.0
130,991,0,9,1.0,1.0
131,991,0,9,1.0,1.0
132,991,0,9,1.0,1.0
133,991,0,9,1.0,1.0
134,991,0,9,1.0,1.0
135,991,0,9,1.0,1.0
136,991,0,9,1.0,1.0
137,991,0,9,1.0,1.0
138,991,0,9,1.0,1.0
139,991,0,9,1.0,1.0
140,991,0,9,1.0,1.0
141,991,0,9,1.0,1.0
142,991,0,9,1.0,1.0
143,991,0,9,1.0,1.0
144,991,0,9,1.0,1.0
145,991,0,9,1.0,1.0
146,991,0,9,1.0,1.0
147,991,0,9,1.0,1.0
148,991,0,9,1.0,1.0
149,991,0,9,1.0,1.0
150,991,0,9,1.0,1.0
151,991,0,9,1.0,1.0
152,991,0,9,1.0,1.0
153,991,0,9,1.0,1.0
154,991,0,9,1.0,1.0
155,991,0,9,1.0,1.0
156,991,0,9,1.0,1.0
157,991,0,9,1.0,1.0
158,991,0,9,1.0,1.0
159,991,0,9,1.0,1.0
160,991,0,9,1.0,1.0
161,991,0,9,1.0,1.0
162,991,0,9,1.0,1.0
163,991,0,9,1.0,1.0
164,991,0,9,1.0,1.0
165,991,0,9,1.0,1.0
166,991,0,9,1.0,1.0
167,991,0,9,1.0,1.0
168,991,0,9,1.0,1.0
169,991,0,9,1.0,1.0
170,991,0,9,1.0,1.0
171,991,0,9,1.0,1.0
172,991,0,9,1.0,1.0
173,991,0,9,1.0,1.0
174,991,0,9,1.0,1.0
175,991,0,9,1.0,1.0
176,991,0,9,1.0,1.0
177,991,0,9,1.0,1.0
178,991,0,9,1.0,1.0
179,991,0,9,1.0,1.0
180,991,0,9,1.0,1.0
181,991,0,9,1.0,1.0
182,991,0,9,1.0,1.0
183,991,0,9,1.0,1.0
184,991,0,9,1.0,1.0
185,991,0,9,1.0,1.0
186,991,0,9,1.0,1.0
187,991,0,9,1.0,1.0
188,991,0,9,1.0,1.0
189,991,0,9,1.0,1.0
190,991,0,9,1.0,1.0
191,991,0,9,1.0,1.0
192,991,0,9,1.0,1.0
193,991,0,9,1.0,1.0
194,991,0,9,1.0,1.0
195,991,0,9,1.0,1.0
196,991,0,9,1.0,1.0
197,991,0,9,1.0,1.0
198,991,0,9,1.0,1.0
199,991,0,9,1.0,1.0
200,991,0,9,1.0,1.0
1,998,2,0,0.9995,0.999749498997996
2,998,2,0,0.9995,0.999749498997996
3,998,2,0,0.9995,0.999749498997996
4,997,3,0,0.999,0.9994984954864594
5,996,4,0,0.9985,0.9992469879518072
6,995,5,0,0.999,0.9994974874371859
7,995,5,0,0.999,0.9994974874371859
8,995,4,1,0.9995,0.999748743718593
9,995,4,1,0.9995,0.999748743718593
10,995,4,1,0.9995,0.999748743718593
11,995,4,1,0.9995,0.999748743718593
12,995,4,1,0.9995,0.999748743718593
13,995,4,1,0.9995,0.999748743718593
14,995,4,1,0.9995,0.999748743718593
15,995,4,1,0.9995,0.999748743718593
16,995,4,1,0.9995,0.999748743718593
17,995,4,1,0.9995,0.999748743718593
18,995,4,1,0.9995,0.999748743718593
19,995,4,1,0.9995,0.999748743718593
20,995,4,1,0.9995,0.999748743718593
21,995,4,1,0.9995,0.999748743718593
22,995,4,1,0.9995,0.999748743718593
23,995,4,1,0.9995,0.999748743718593
24,995,4,1,0.9995,0.999748743718593
25,995,4,1,0.9995,0.999748743718593
26,995,4,1,0.9995,0.999748743718593
27,995,4,1,0.9995,0.999748743718593
28,995,3,2,0.9995,0.999748743718593
29,995,3,2,0.9995,0.999748743718593
30,995,3,2,0.9995,0.999748743718593
31,995,3,2,0.9995,0.999748743718593
32,995,3,2,0.9995,0.999748743718593
33,995,3,2,0.9995,0.999748743718593
34,994,4,2,0.9995,0.9997484909456741
35,994,4,2,0.9995,0.9997484909456741
36,994,4,2,0.9995,0.9997484909456741
37,994,4,2,0.9995,0.9997484909456741
38,994,4,2,0.9995,0.9997484909456741
39,994,3,3,1.0,1.0
40,994,3,3,1.0,1.0
41,994,3,3,1.0,1.0
42,993,4,3,1.0,1.0
43,992,5,3,1.0,1.0
44,992,5,3,1.0,1.0
45,992,5,3,1.0,1.0
46,992,5,3,1.0,1.0
47,992,5,3,1.0,1.0
48,992,5,3,1.0,1.0
49,992,5,3,1.0,1.0
50,992,4,4,1.0,1.0
51,992,4,4,1.0,1.0
52,992,4,4,1.0,1.0
53,992,4,4,1.0,1.0
54,992,4,4,1.0,1.0
55,992,4,4,1.0,1.0
56,991,5,4,0.9995,0.9997477295660948
57,991,4,5,1.0,1.0
58,989,6,5,0.999,0.9994944388270981
59,989,6,5,0.999,0.9994944388270981
60,989,6,5,0.999,0.9994944388270981
61,988,5,7,0.999,0.9994939271255061
62,988,5,7,0.999,0.9994939271255061
63,988,5,7,0.999,0.9994939271255061
64,988,5,7,0.999,0.9994939271255061
65,988,5,7,0.999,0.9994939271255061
66,988,4,8,0.9995,0.999746963562753
67,988,4,8,0.9995,0.999746963562753
68,987,5,8,0.9995,0.9997467071935157
69,987,5,8,0.9995,0.9997467071935157
70,987,5,8,0.9995,0.9997467071935157
71,987,5,8,0.9995,0.9997467071935157
72,987,5,8,0.9995,0.9997467071935157
73,987,4,9,0.9995,0.9997467071935157
74,987,4,9,0.9995,0.9997467071935157
75,987,4,9,0.9995,0.9997467071935157
76,987,4,9,0.9995,0.9997467071935157
77,986,5,9,1.0,1.0
78,986,4,10,1.0,1.0
79,986,4,10,1.0,1.0
80,986,3,11,1.0,1.0
81,986,2,12,1.0,1.0
82,986,2,12,1.0,1.0
83,986,2,12,1.0,1.0
84,986,2,12,1.0,1.0
85,986,2,12,1.0,1.0
86,986,2,12,1.0,1.0
87,986,2,12,1.0,1.0
88,986,2,12,1.0,1.0
89,986,2,12,1.0,1.0
90,986,1,13,1.0,1.0
91,986,1,13,1.0,1.0
92,986,1,13,1.0,1.0
93,986,1,13,1.0,1.0
94,986,0,14,1.0,1.0
95,986,0,14,1.0,1.0
96,986,0,14,1.0,1.0
97,986,0,14,1.0,1.0
98,986,0,14,1.0,1.0
99,986,0,14,1.0,1.0
100,986,0,14,1.0,1.0
101,986,0,14,1.0,1.0
102,986,0,14,1.0,1.0
103,986,0,14,1.0,1.0
104,986,0,14,1.0,1.0
105,986,0,14,1.0,1.0
106,986,0,14,1.0,1.0
107,986,0,14,1.0,1.0
108,986,0,14,1.0,1.0
109,986,0,14,1.0,1.0
110,986,0,14,1.0,1.0
111,986,0,14,1.0,1.0
112,986,0,14,1.0,1.0
113,986,0,14,1.0,1.0
114,986,0,14,1.0,1.0
115,986,0,14,1.0,1.0
116,986,0,14,1.0,1.0
117,986,0,14,1.0,1.0
118,986,0,14,1.0,1.0
119,986,0,14,1.0,1.0
120,986,0,14,1.0,1.0
121,986,0,14,1.0,1.0
122,986,0,14,1.0,1.0
123,986,0,14,1.0,1.0
124,986,0,14,1.0,1.0
125,986,0,14,1.0,1.0
126,986,0,14,1.0,1.0
127,986,0,14,1.0,1.0
128,986,0,14,1.0,1.0
129,986,0,14,1.0,1.0
130,986,0,14,1.0,1.0
131,986,0,14,1.0,1.0
132,986,0,14,1.0,1.0
133,986,0,14,1.0,1.0
134,986,0,14,1.0,1.0
135,986,0,14,1.0,1.0
136,986,0,14,1.0,1.0
137,986,0,14,1.0,1.0
138,986,0,14,1.0,1.0
139,986,0,14,1.0,1.0
140,986,0,14,1.0,1.0
141,986,0,14,1.0,1.0
142,986,0,14,1.0,1.0
143,986,0,14,1.0,1.0
144,986,0,14,1.0,1.0
145,986,0,14,1.0,1.0
146,986,0,14,1.0,1.0
147,986,0,14,1.0,1.0
148,986,0,14,1.0,1.0
149,986,0,14,1.0,1.0
150,986,0,14,1.0,1.0
151,986,0,14,1.0,1.0
152,986,0,14,1.0,1.0
153,986,0,14,1.0,1.0
154,986,0,14,1.0,1.0
155,986,0,14,1.0,1.0
156,986,0,14,1.0,1.0
157,986,0,14,1.0,1.0
158,986,0,14,1.0,1.0
159,986,0,14,1.0,1.0
160,986,0,14,1.0,1.0
161,986,0,14,1.0,1.0
162,986,0,14,1.0,1.0
163,986,0,14,1.0,1.0
164,986,0,14,1.0,1.0
165,986,0,14,1.0,1.0
166,986,0,14,1.0,1.0
167,986,0,14,1.0,1.0
168,986,0,14,1.0,1.0
169,986,0,14,1.0,1.0
170,986,0,14,1.0,1.0
171,986,0,14,1.0,1.0
172,986,0,14,1.0,1.0
173,986,0,14,1.0,1.0
174,986,0,14,1.0,1.0
175,986,0,14,1.0,1.0
176,986,0,14,1.0,1.0
177,986,0,14,1.0,1.0
178,986,0,14,1.0,1.0
179,986,0,14,1.0,1.0
180,986,0,14,1.0,1.0
181,986,0,14,1.0,1.0
182,986,0,14,1.0,1.0
183,986,0,14,1.0,1.0
184,986,0,14,1.0,1.0
185,986,0,14,1.0,1.0
186,986,0,14,1.0,1.0
187,986,0,14,1.0,1.0
188,986,0,14,1.0,1.0
189,986,0,14,1.0,1.0
190,986,0,14,1.0,1.0
191,986,0,14,1.0,1.0
192,986,0,14,1.0,1.0
193,986,0,14,1.0,1.0
194,986,0,14,1.0,1.0
195,986,0,14,1.0,1.0
196,986,0,14,1.0,1.0
197,986,0,14,1.0,1.0
198,986,0,14,1.0,1.0
199,986,0,14,1.0,1.0
200,986,0,14,1.0,1.0
1,999,1,0,1.0,1.0
2,999,1,0,1.0,1.0
3,999,1,0,1.0,1.0
4,999,1,0,1.0,1.0
5,997,3,0,0.9985,0.9992477432296891
6,997,3,0,0.9985,0.9992477432296891
7,997,3,0,0.9985,0.9992477432296891
8,995,5,0,0.998,0.9989949748743718
9,995,5,0,0.998,0.9989949748743718
10,995,5,0,0.998,0.9989949748743718
11,995,5,0,0.998,0.9989949748743718
12,994,6,0,0.9975,0.9987424547283702
13,994,3,3,0.999,0.9994969818913481
14,994,3,3,0.999,0.9994969818913481
15,994,3,3,0.999,0.9994969818913481
16,994,3,3,0.999,0.9994969818913481
17,994,3,3,0.999,0.9994969818913481
18,993,4,3,0.9985,0.9992447129909365
19,993,4,3,0.9985,0.9992447129909365
20,992,5,3,0.9985,0.9992439516129032
21,992,3,5,0.9995,0.9997479838709677
22,992,3,5,0.9995,0.9997479838709677
23,992,3,5,0.9995,0.9997479838709677
24,992,3,5,0.9995,0.9997479838709677
25,992,3,5,0.9995,0.9997479838709677
26,992,3,5,0.9995,0.9997479838709677
27,992,3,5,0.9995,0.9997479838709677
28,991,4,5,0.9995,0.9997477295660948
29,991,4,5,0.9995,0.9997477295660948
30,991,3,6,1.0,1.0
31,991,3,6,1.0,1.0
32,991,2,7,1.0,1.0
33,991,2,7,1.0,1.0
34,991,2,7,1.0,1.0
35,991,1,8,1.0,1.0
36,991,1,8,1.0,1.0
37,991,1,8,1.0,1.0
38,991,1,8,1.0,1.0
39,991,1,8,1.0,1.0
40,991,1,8,1.0,1.0
41,991,1,8,1.0,1.0
42,991,1,8,1.0,1.0
43,991,1,8,1.0,1.0
44,991,1,8,1.0,1.0
45,991,1,8,1.0,1.0
46,991,1,8,1.0,1.0
47,991,1,8,1.0,1.0
48,991,1,8,1.0,1.0
49,991,1,8,1.0,1.0
50,991,1,8,1.0,1.0
51,991,1,8,1.0,1.0
52,991,1,8,1.0,1.0
53,991,1,8,1.0,1.0
54,991,1,8,1.0,1.0
55,991,1,8,1.0,1.0
56,991,1,8,1.0,1.0
57,991,1,8,1.0,1.0
58,991,1,8,1.0,1.0
59,991,1,8,1.0,1.0
60,991,1,8,1.0,1.0
61,991,1,8,1.0,1.0
62,991,1,8,1.0,1.0
63,991,1,8,1.0,1.0
64,991,1,8,1.0,1.0
65,991,1,8,1.0,1.0
66,991,1,8,1.0,1.0
67,991,1,8,1.0,1.0
68,991,1,8,1.0,1.0
69,991,1,8,1.0,1.0
70,991,1,8,1.0,1.0
71,991,1,8,1.0,1.0
72,991,1,8,1.0,1.0
73,991,1,8,1.0,1.0
74,991,1,8,1.0,1.0
75,991,1,8,1.0,1.0
76,991,0,9,1.0,1.0
77,991,0,9,1.0,1.0
78,991,0,9,1.0,1.0
79,991,0,9,1.0,1.0
80,991,0,9,1.0,1.0
81,991,0,9,1.0,1.0
82,991,0,9,1.0,1.0
83,991,0,9,1.0,1.0
84,991,0,9,1.0,1.0
85,991,0,9,1.0,1.0
86,991,0,9,1.0,1.0
87,991,0,9,1.0,1.0
88,991,0,9,1.0,1.0
89,991,0,9,1.0,1.0
90,991,0,9,1.0,1.0
91,991,0,9,1.0,1.0
92,991,0,9,1.0,1.0
93,991,0,9,1.0,1.0
94,991,0,9,1.0,1.0
95,991,0,9,1.0,1.0
96,991,0,9,1.0,1.0
97,991,0,9,1.0,1.0
98,991,0,9,1.0,1.0
99,991,0,9,1.0,1.0
100,991,0,9,1.0,1.0
101,991,0,9,1.0,1.0
102,991,0,9,1.0,1.0
103,991,0,9,1.0,1.0
104,991,0,9,1.0,1.0
105,991,0,9,1.0,1.0
106,991,0,9,1.0,1.0
107,991,0,9,1.0,1.0
108,991,0,9,1.0,1.0
109,991,0,9,1.0,1.0
110,991,0,9,1.0,1.0
111,991,0,9,1.0,1.0
112,991,0,9,1.0,1.0
113,991,0,9,1.0,1.0
114,991,0,9,1.0,1.0
115,991,0,9,1.0,1.0
116,991,0,9,1.0,1.0
117,991,0,9,1.0,1.0
118,991,0,9,1.0,1.0
119,991,0,9,1.0,1.0
120,991,0,9,1.0,1.0
121,991,0,9,1.0,1.0
122,991,0,9,1.0,1.0
123,991,0,9,1.0,1.0
124,991,0,9,1.0,1.0
125,991,0,9,1.0,1.0
126,991,0,9,1.0,1.0
127,991,0,9,1.0,1.0
128,991,0,9,1.0,1.0
129,991,0,9,1.0,1.0
130,991,0,9,1.0,1.0
131,991,0,9,1.0,1.0
132,991,0,9,1.0,1.0
133,991,0,9,1.0,1.0
134,991,0,9,1.0,1.0
135,991,0,9,1.0,1.0
136,991,0,9,1.0,1.0
137,991,0,9,1.0,1.0
138,991,0,9,1.0,1.0
139,991,0,9,1.0,1.0
140,991,0,9,1.0,1.0
141,991,0,9,1.0,1.0
142,991,0,9,1.0,1.0
143,991,0,9,1.0,1.0
144,991,0,9,1.0,1.0
145,991,0,9,1.0,1.0
146,991,0,9,1.0,1.0
147,991,0,9,1.0,1.0
148,991,0,9,1.0,1.0
149,991,0,9,1.0,1.0
150,991,0,9,1.0,1.0
151,991,0,9,1.0,1.0
152,991,0,9,1.0,1.0
153,991,0,9,1.0,1.0
154,991,0,9,1.0,1.0
155,991,0,9,1.0,1.0
156,991,0,9,1.0,1.0
157,991,0,9,1.0,1.0
158,991,0,9,1.0,1.0
159,991,0,9,1.0,1.0
160,991,0,9,1.0,1.0
161,991,0,9,1.0,1.0
162,991,0,9,1.0,1.0
163,991,0,9,1.0,1.0
164,991,0,9,1.0,1.0
165,991,0,9,1.0,1.0
166,991,0,9,1.0,1.0
167,991,0,9,1.0,1.0
168,991,0,9,1.0,1.0
169,991,0,9,1.0,1.0
170,991,0,9,1.0,1.0
171,991,0,9,1.0,1.0
172,991,0,9,1.0,1.0
173,991,0,9,1.0,1.0
174,991,0,9,1.0,1.0
175,991,0,9,1.0,1.0
176,991,0,9,1.0,1.0
177,991,0,9,1.0,1.0
178,991,0,9,1.0,1.0
179,991,0,9,1.0,1.0
180,991,0,9,1.0,1.0
181,991,0,9,1.0,1.0
182,991,0,9,1.0,1.0
183,991,0,9,1.0,1.0
184,991,0,9,1.0,1.0
185,991,0,9,1.0,1.0
186,991,0,9,1.0,1.0
187,991,0,9,1.0,1.0
188,991,0,9,1.0,1.0
189,991,0,9,1.0,1.0
190,991,0,9,1.0,1.0
191,991,0,9,1.0,1.0
192,991,0,9,1.0,1.0
193,991,0,9,1.0,1.0
194,991,0,9,1.0,1.0
195,991,0,9,1.0,1.0
196,991,0,9,1.0,1.0
197,991,0,9,1.0,1.0
198,991,0,9,1.0,1.0
199,991,0,9,1.0,1.0
200,991,0,9,1.0,1.0
1,998,2,0,0.9995,0.999749498997996
2,998,2,0,0.9995,0.999749498997996
3,998,2,0,0.9995,0.999749498997996
4,997,3,0,0.999,0.9994984954864594
5,996,3,1,0.9995,0.9997489959839357
6,995,3,2,0.999,0.9994974874371859
7,995,3,2,0.999,0.9994974874371859
8,995,3,2,0.999,0.9994974874371859
9,994,4,2,0.998,0.9989939637826962
10,994,4,2,0.998,0.9989939637826962
11,994,4,2,0.998,0.9989939637826962
12,994,3,3,0.9985,0.9992454728370221
13,994,3,3,0.9985,0.9992454728370221
14,994,2,4,0.9995,0.9997484909456741
15,993,3,4,1.0,1.0
16,992,2,6,1.0,1.0
17,992,2,6,1.0,1.0
18,992,2,6,1.0,1.0
19,992,2,6,1.0,1.0
20,992,1,7,1.0,1.0
21,992,1,7,1.0,1.0
22,992,1,7,1.0,1.0
23,992,0,8,1.0,1.0
24,992,0,8,1.0,1.0
25,992,0,8,1.0,1.0
26,992,0,8,1.0,1.0
27,992,0,8,1.0,1.0
28,992,0,8,1.0,1.0
29,992,0,8,1.0,1.0
30,992,0,8,1.0,1.0
31,992,0,8,1.0,1.0
32,992,0,8,1.0,1.0
33,992,0,8,1.0,1.0
34,992,0,8,1.0,1.0
35,992,0,8,1.0,1.0
36,992,0,8,1.0,1.0
37,992,0,8,1.0,1.0
38,992,0,8,1.0,1.0
39,992,0,8,1.0,1.0
40,992,0,8,1.0,1.0
41,992,0,8,1.0,1.0
42,992,0,8,1.0,1.0
43,992,0,8,1.0,1.0
44,992,0,8,1.0,1.0
45,992,0,8,1.0,1.0
46,992,0,8,1.0,1.0
47,992,0,8,1.0,1.0
48,992,0,8,1.0,1.0
49,992,0,8,1.0,1.0
50,992,0,8,1.0,1.0
51,992,0,8,1.0,1.0
52,992,0,8,1.0,1.0
53,992,0,8,1.0,1.0
54,992,0,8,1.0,1.0
55,992,0,8,1.0,1.0
56,992,0,8,1.0,1.0
57,992,0,8,1.0,1.0
58,992,0,8,1.0,1.0
59,992,0,8,1.0,1.0
60,992,0,8,1.0,1.0
61,992,0,8,1.0,1.0
62,992,0,8,1.0,1.0
63,992,0,8,1.0,1.0
64,992,0,8,1.0,1.0
65,992,0,8,1.0,1.0
66,992,0,8,1.0,1.0
67,992,0,8,1.0,1.0
68,992,0,8,1.0,1.0
69,992,0,8,1.0,1.0
70,992,0,8,1.0,1.0
71,992,0,8,1.0,1.0
72,992,0,8,1.0,1.0
73,992,0,8,1.0,1.0
74,992,0,8,1.0,1.0
75,992,0,8,1.0,1.0
76,992,0,8,1.0,1.0
77,992,0,8,1.0,1.0
78,992,0,8,1.0,1.0
79,992,0,8,1.0,1.0
80,992,0,8,1.0,1.0
81,992,0,8,1.0,1.0
82,992,0,8,1.0,1.0
83,992,0,8,1.0,1.0
84,992,0,8,1.0,1.0
85,992,0,8,1.0,1.0
86,992,0,8,1.0,1.0
87,992,0,8,1.0,1.0
88,992,0,8,1.0,1.0
89,992,0,8,1.0,1.0
90,992,0,8,1.0,1.0
91,992,0,8,1.0,1.0
92,992,0,8,1.0,1.0
93,992,0,8,1.0,1.0
94,992,0,8,1.0,1.0
95,992,0,8,1.0,1.0
96,992,0,8,1.0,1.0
97,992,0,8,1.0,1.0
98,992,0,8,1.0,1.0
99,992,0,8,1.0,1.0
100,992,0,8,1.0,1.0
101,992,0,8,1.0,1.0
102,992,0,8,1.0,1.0
103,992,0,8,1.0,1.0
104,992,0,8,1.0,1.0
105,992,0,8,1.0,1.0
106,992,0,8,1.0,1.0
107,992,0,8,1.0,1.0
108,992,0,8,1.0,1.0
109,992,0,8,1.0,1.0
110,992,0,8,1.0,1.0
111,992,0,8,1.0,1.0
112,992,0,8,1.0,1.0
113,992,0,8,1.0,1.0
114,992,0,8,1.0,1.0
115,992,0,8,1.0,1.0
116,992,0,8,1.0,1.0
117,992,0,8,1.0,1.0
118,992,0,8,1.0,1.0
119,992,0,8,1.0,1.0
120,992,0,8,1.0,1.0
121,992,0,8,1.0,1.0
122,992,0,8,1.0,1.0
123,992,0,8,1.0,1.0
124,992,0,8,1.0,1.0
125,992,0,8,1.0,1.0
126,992,0,8,1.0,1.0
127,992,0,8,1.0,1.0
128,992,0,8,1.0,1.0
129,992,0,8,1.0,1.0
130,992,0,8,1.0,1.0
131,992,0,8,1.0,1.0
132,992,0,8,1.0,1.0
133,992,0,8,1.0,1.0
134,992,0,8,1.0,1.0
135,992,0,8,1.0,1.0
136,992,0,8,1.0,1.0
137,992,0,8,1.0,1.0
138,992,0,8,1.0,1.0
139,992,0,8,1.0,1.0
140,992,0,8,1.0,1.0
141,992,0,8,1.0,1.0
142,992,0,8,1.0,1.0
143,992,0,8,1.0,1.0
144,992,0,8,1.0,1.0
145,992,0,8,1.0,1.0
146,992,0,8,1.0,1.0
147,992,0,8,1.0,1.0
148,992,0,8,1.0,1.0
149,992,0,8,1.0,1.0
150,992,0,8,1.0,1.0
151,992,0,8,1.0,1.0
152,992,0,8,1.0,1.0
153,992,0,8,1.0,1.0
154,992,0,8,1.0,1.0
155,992,0,8,1.0,1.0
156,992,0,8,1.0,1.0
157,992,0,8,1.0,1.0
158,992,0,8,1.0,1.0
159,992,0,8,1.0,1.0
160,992,0,8,1.0,1.0
161,992,0,8,1.0,1.0
162,992,0,8,1.0,1.0
163,992,0,8,1.0,1.0
164,992,0,8,1.0,1.0
165,992,0,8,1.0,1.0
166,992,0,8,1.0,1.0
167,992,0,8,1.0,1.0
168,992,0,8,1.0,1.0
169,992,0,8,1.0,1.0
170,992,0,8,1.0,1.0
171,992,0,8,1.0,1.0
172,992,0,8,1.0,1.0
173,992,0,8,1.0,1.0
174,992,0,8,1.0,1.0
175,992,0,8,1.0,1.0
176,992,0,8,1.0,1.0
177,992,0,8,1.0,1.0
178,992,0,8,1.0,1.0
179,992,0,8,1.0,1.0
180,992,0,8,1.0,1.0
181,992,0,8,1.0,1.0
182,992,0,8,1.0,1.0
183,992,0,8,1.0,1.0
184,992,0,8,1.0,1.0
185,992,0,8,1.0,1.0
186,992,0,8,1.0,1.0
187,992,0,8,1.0,1.0
188,992,0,8,1.0,1.0
189,992,0,8,1.0,1.0
190,992,0,8,1.0,1.0
191,992,0,8,1.0,1.0
192,992,0,8,1.0,1.0
193,992,0,8,1.0,1.0
194,992,0,8,1.0,1.0
195,992,0,8,1.0,1.0
196,992,0,8,1.0,1.0
197,992,0,8,1.0,1.0
198,992,0,8,1.0,1.0
199,992,0,8,1.0,1.0
200,992,0,8,1.0,1.0
1,999,1,0,1.0,1.0
2,999,1,0,1.0,1.0
3,997,3,0,0.999,0.9994984954864594
4,997,2,1,1.0,1.0
5,997,2,1,1.0,1.0
6,997,2,1,1.0,1.0
7,997,2,1,1.0,1.0
8,997,1,2,1.0,1.0
9,997,1,2,1.0,1.0
10,997,1,2,1.0,1.0
11,997,1,2,1.0,1.0
12,996,2,2,0.9995,0.9997489959839357
13,996,2,2,0.9995,0.9997489959839357
14,996,2,2,0.9995,0.9997489959839357
15,996,2,2,0.9995,0.9997489959839357
16,996,2,2,0.9995,0.9997489959839357
17,996,2,2,0.9995,0.9997489959839357
18,996,2,2,0.9995,0.9997489959839357
19,996,2,2,0.9995,0.9997489959839357
20,996,2,2,0.9995,0.9997489959839357
21,996,2,2,0.9995,0.9997489959839357
22,996,2,2,0.9995,0.9997489959839357
23,996,2,2,0.9995,0.9997489959839357
24,996,2,2,0.9995,0.9997489959839357
25,996,2,2,0.9995,0.9997489959839357
26,996,1,3,1.0,1.0
27,996,1,3,1.0,1.0
28,996,1,3,1.0,1.0
29,996,1,3,1.0,1.0
30,996,1,3,1.0,1.0
31,996,1,3,1.0,1.0
32,996,1,3,1.0,1.0
33,996,1,3,1.0,1.0
34,996,1,3,1.0,1.0
35,996,1,3,1.0,1.0
36,996,1,3,1.0,1.0
37,996,1,3,1.0,1.0
38,996,1,3,1.0,1.0
39,996,0,4,1.0,1.0
40,996,0,4,1.0,1.0
41,996,0,4,1.0,1.0
42,996,0,4,1.0,1.0
43,996,0,4,1.0,1.0
44,996,0,4,1.0,1.0
45,996,0,4,1.0,1.0
46,996,0,4,1.0,1.0
47,996,0,4,1.0,1.0
48,996,0,4,1.0,1.0
49,996,0,4,1.0,1.0
50,996,0,4,1.0,1.0
51,996,0,4,1.0,1.0
52,996,0,4,1.0,1.0
53,996,0,4,1.0,1.0
54,996,0,4,1.0,1.0
55,996,0,4,1.0,1.0
56,996,0,4,1.0,1.0
57,996,0,4,1.0,1.0
58,996,0,4,1.0,1.0
59,996,0,4,1.0,1.0
60,996,0,4,1.0,1.0
61,996,0,4,1.0,1.0
62,996,0,4,1.0,1.0
63,996,0,4,1.0,1.0
64,996,0,4,1.0,1.0
65,996,0,4,1.0,1.0
66,996,0,4,1.0,1.0
67,996,0,4,1.0,1.0
68,996,0,4,1.0,1.0
69,996,0,4,1.0,1.0
70,996,0,4,1.0,1.0
71,996,0,4,1.0,1.0
72,996,0,4,1.0,1.0
73,996,0,4,1.0,1.0
74,996,0,4,1.0,1.0
75,996,0,4,1.0,1.0
76,996,0,4,1.0,1.0
77,996,0,4,1.0,1.0
78,996,0,4,1.0,1.0
79,996,0,4,1.0,1.0
80,996,0,4,1.0,1.0
81,996,0,4,1.0,1.0
82,996,0,4,1.0,1.0
83,996,0,4,1.0,1.0
84,996,0,4,1.0,1.0
85,996,0,4,1.0,1.0
86,996,0,4,1.0,1.0
87,996,0,4,1.0,1.0
88,996,0,4,1.0,1.0
89,996,0,4,1.0,1.0
90,996,0,4,1.0,1.0
91,996,0,4,1.0,1.0
92,996,0,4,1.0,1.0
93,996,0,4,1.0,1.0
94,996,0,4,1.0,1.0
95,996,0,4,1.0,1.0
96,996,0,4,1.0,1.0
97,996,0,4,1.0,1.0
98,996,0,4,1.0,1.0
99,996,0,4,1.0,1.0
100,996,0,4,1.0,1.0
101,996,0,4,1.0,1.0
102,996,0,4,1.0,1.0
103,996,0,4,1.0,1.0
104,996,0,4,1.0,1.0
105,996,0,4,1.0,1.0
106,996,0,4,1.0,1.0
107,996,0,4,1.0,1.0
108,996,0,4,1.0,1.0
109,996,0,4,1.0,1.0
110,996,0,4,1.0,1.0
111,996,0,4,1.0,1.0
112,996,0,4,1.0,1.0
113,996,0,4,1.0,1.0
114,996,0,4,1.0,1.0
115,996,0,4,1.0,1.0
116,996,0,4,1.0,1.0
117,996,0,4,1.0,1.0
118,996,0,4,1.0,1.0
119,996,0,4,1.0,1.0
120,996,0,4,1.0,1.0
121,996,0,4,1.0,1.0
122,996,0,4,1.0,1.0
123,996,0,4,1.0,1.0
124,996,0,4,1.0,1.0
125,996,0,4,1.0,1.0
126,996,0,4,1.0,1.0
127,996,0,4,1.0,1.0
128,996,0,4,1.0,1.0
129,996,0,4,1.0,1.0
130,996,0,4,1.0,1.0
131,996,0,4,1.0,1.0
132,996,0,4,1.0,1.0
133,996,0,4,1.0,1.0
134,996,0,4,1.0,1.0
135,996,0,4,1.0,1.0
136,996,0,4,1.0,1.0
137,996,0,4,1.0,1.0
138,996,0,4,1.0,1.0
139,996,0,4,1.0,1.0
140,996,0,4,1.0,1.0
141,996,0,4,1.0,1.0
142,996,0,4,1.0,1.0
143,996,0,4,1.0,1.0
144,996,0,4,1.0,1.0
145,996,0,4,1.0,1.0
146,996,0,4,1.0,1.0
147,996,0,4,1.0,1.0
148,996,0,4,1.0,1.0
149,996,0,4,1.0,1.0
150,996,0,4,1.0,1.0
151,996,0,4,1.0,1.0
152,996,0,4,1.0,1.0
153,996,0,4,1.0,1.0
154,996,0,4,1.0,1.0
155,996,0,4,1.0,1.0
156,996,0,4,1.0,1.0
157,996,0,4,1.0,1.0
158,996,0,4,1.0,1.0
159,996,0,4,1.0,1.0
160,996,0,4,1.0,1.0
161,996,0,4,1.0,1.0
162,996,0,4,1.0,1.0
163,996,0,4,1.0,1.0
164,996,0,4,1.0,1.0
165,996,0,4,1.0,1.0
166,996,0,4,1.0,1.0
167,996,0,4,1.0,1.0
168,996,0,4,1.0,1.0
169,996,0,4,1.0,1.0
170,996,0,4,1.0,1.0
171,996,0,4,1.0,1.0
172,996,0,4,1.0,1.0
173,996,0,4,1.0,1.0
174,996,0,4,1.0,1.0
175,996,0,4,1.0,1.0
176,996,0,4,1.0,1.0
177,996,0,4,1.0,1.0
178,996,0,4,1.0,1.0
179,996,0,4,1.0,1.0
180,996,0,4,1.0,1.0
181,996,0,4,1.0,1.0
182,996,0,4,1.0,1.0
183,996,0,4,1.0,1.0
184,996,0,4,1.0,1.0
185,996,0,4,1.0,1.0
186,996,0,4,1.0,1.0
187,996,0,4,1.0,1.0
188,996,0,4,1.0,1.0
189,996,0,4,1.0,1.0
190,996,0,4,1.0,1.0
191,996,0,4,1.0,1.0
192,996,0,4,1.0,1.0
193,996,0,4,1.0,1.0
194,996,0,4,1.0,1.0
195,996,0,4,1.0,1.0
196,996,0,4,1.0,1.0
197,996,0,4,1.0,1.0
198,996,0,4,1.0,1.0
199,996,0,4,1.0,1.0
200,996,0,4,1.0,1.0
1,999,1,0,1.0,1.0
2,999,1,0,1.0,1.0
3,999,0,1,1.0,1.0
4,999,0,1,1.0,1.0
5,999,0,1,1.0,1.0
6,999,0,1,1.0,1.0
7,999,0,1,1.0,1.0
8,999,0,1,1.0,1.0
9,999,0,1,1.0,1.0
10,999,0,1,1.0,1.0
11,999,0,1,1.0,1.0
12,999,0,1,1.0,1.0
13,999,0,1,1.0,1.0
14,999,0,1,1.0,1.0
15,999,0,1,1.0,1.0
16,999,0,1,1.0,1.0
17,999,0,1,1.0,1.0
18,999,0,1,1.0,1.0
19,999,0,1,1.0,1.0
20,999,0,1,1.0,1.0
21,999,0,1,1.0,1.0
22,999,0,1,1.0,1.0
23,999,0,1,1.0,1.0
24,999,0,1,1.0,1.0
25,999,0,1,1.0,1.0
26,999,0,1,1.0,1.0
27,999,0,1,1.0,1.0
28,999,0,1,1.0,1.0
29,999,0,1,1.0,1.0
30,999,0,1,1.0,1.0
31,999,0,1,1.0,1.0
32,999,0,1,1.0,1.0
33,999,0,1,1.0,1.0
34,999,0,1,1.0,1.0
35,999,0,1,1.0,1.0
36,999,0,1,1.0,1.0
37,999,0,1,1.0,1.0
38,999,0,1,1.0,1.0
39,999,0,1,1.0,1.0
40,999,0,1,1.0,1.0
41,999,0,1,1.0,1.0
42,999,0,1,1.0,1.0
43,999,0,1,1.0,1.0
44,999,0,1,1.0,1.0
45,999,0,1,1.0,1.0
46,999,0,1,1.0,1.0
47,999,0,1,1.0,1.0
48,999,0,1,1.0,1.0
49,999,0,1,1.0,1.0
50,999,0,1,1.0,1.0
51,999,0,1,1.0,1.0
52,999,0,1,1.0,1.0
53,999,0,1,1.0,1.0
54,999,0,1,1.0,1.0
55,999,0,1,1.0,1.0
56,999,0,1,1.0,1.0
57,999,0,1,1.0,1.0
58,999,0,1,1.0,1.0
59,999,0,1,1.0,1.0
60,999,0,1,1.0,1.0
61,999,0,1,1.0,1.0
62,999,0,1,1.0,1.0
63,999,0,1,1.0,1.0
64,999,0,1,1.0,1.0
65,999,0,1,1.0,1.0
66,999,0,1,1.0,1.0
67,999,0,1,1.0,1.0
68,999,0,1,1.0,1.0
69,999,0,1,1.0,1.0
70,999,0,1,1.0,1.0
71,999,0,1,1.0,1.0
72,999,0,1,1.0,1.0
73,999,0,1,1.0,1.0
74,999,0,1,1.0,1.0
75,999,0,1,1.0,1.0
76,999,0,1,1.0,1.0
77,999,0,1,1.0,1.0
78,999,0,1,1.0,1.0
79,999,0,1,1.0,1.0
80,999,0,1,1.0,1.0
81,999,0,1,1.0,1.0
82,999,0,1,1.0,1.0
83,999,0,1,1.0,1.0
84,999,0,1,1.0,1.0
85,999,0,1,1.0,1.0
86,999,0,1,1.0,1.0
87,999,0,1,1.0,1.0
88,999,0,1,1.0,1.0
89,999,0,1,1.0,1.0
90,999,0,1,1.0,1.0
91,999,0,1,1.0,1.0
92,999,0,1,1.0,1.0
93,999,0,1,1.0,1.0
94,999,0,1,1.0,1.0
95,999,0,1,1.0,1.0
96,999,0,1,1.0,1.0
97,999,0,1,1.0,1.0
98,999,0,1,1.0,1.0
99,999,0,1,1.0,1.0
100,999,0,1,1.0,1.0
101,999,0,1,1.0,1.0
102,999,0,1,1.0,1.0
103,999,0,1,1.0,1.0
104,999,0,1,1.0,1.0
105,999,0,1,1.0,1.0
106,999,0,1,1.0,1.0
107,999,0,1,1.0,1.0
108,999,0,1,1.0,1.0
109,999,0,1,1.0,1.0
110,999,0,1,1.0,1.0
111,999,0,1,1.0,1.0
112,999,0,1,1.0,1.0
113,999,0,1,1.0,1.0
114,999,0,1,1.0,1.0
115,999,0,1,1.0,1.0
116,999,0,1,1.0,1.0
117,999,0,1,1.0,1.0
118,999,0,1,1.0,1.0
119,999,0,1,1.0,1.0
120,999,0,1,1.0,1.0
121,999,0,1,1.0,1.0
122,999,0,1,1.0,1.0
123,999,0,1,1.0,1.0
124,999,0,1,1.0,1.0
125,999,0,1,1.0,1.0
126,999,0,1,1.0,1.0
127,999,0,1,1.0,1.0
128,999,0,1,1.0,1.0
129,999,0,1,1.0,1.0
130,999,0,1,1.0,1.0
131,999,0,1,1.0,1.0
132,999,0,1,1.0,1.0
133,999,0,1,1.0,1.0
134,999,0,1,1.0,1.0
135,999,0,1,1.0,1.0
136,999,0,1,1.0,1.0
137,999,0,1,1.0,1.0
138,999,0,1,1.0,1.0
139,999,0,1,1.0,1.0
140,999,0,1,1.0,1.0
141,999,0,1,1.0,1.0
142,999,0,1,1.0,1.0
143,999,0,1,1.0,1.0
144,999,0,1,1.0,1.0
145,999,0,1,1.0,1.0
146,999,0,1,1.0,1.0
147,999,0,1,1.0,1.0
148,999,0,1,1.0,1.0
149,999,0,1,1.0,1.0
150,999,0,1,1.0,1.0
151,999,0,1,1.0,1.0
152,999,0,1,1.0,1.0
153,999,0,1,1.0,1.0
154,999,0,1,1.0,1.0
155,999,0,1,1.0,1.0
156,999,0,1,1.0,1.0
157,999,0,1,1.0,1.0
158,999,0,1,1.0,1.0
159,999,0,1,1.0,1.0
160,999,0,1,1.0,1.0
161,999,0,1,1.0,1.0
162,999,0,1,1.0,1.0
163,999,0,1,1.0,1.0
164,999,0,1,1.0,1.0
165,999,0,1,1.0,1.0
166,999,0,1,1.0,1.0
167,999,0,1,1.0,1.0
168,999,0,1,1.0,1.0
169,999,0,1,1.0,1.0
170,999,0,1,1.0,1.0
171,999,0,1,1.0,1.0
172,999,0,1,1.0,1.0
173,999,0,1,1.0,1.0
174,999,0,1,1.0,1.0
175,999,0,1,1.0,1.0
176,999,0,1,1.0,1.0
177,999,0,1,1.0,1.0
178,999,0,1,1.0,1.0
179,999,0,1,1.0,1.0
180,999,0,1,1.0,1.0
181,999,0,1,1.0,1.0
182,999,0,1,1.0,1.0
183,999,0,1,1.0,1.0
184,999,0,1,1.0,1.0
185,999,0,1,1.0,1.0
186,999,0,1,1.0,1.0
187,999,0,1,1.0,1.0
188,999,0,1,1.0,1.0
189,999,0,1,1.0,1.0
190,999,0,1,1.0,1.0
191,999,0,1,1.0,1.0
192,999,0,1,1.0,1.0
193,999,0,1,1.0,1.0
194,999,0,1,1.0,1.0
195,999,0,1,1.0,1.0
196,999,0,1,1.0,1.0
197,999,0,1,1.0,1.0
198,999,0,1,1.0,1.0
199,999,0,1,1.0,1.0
200,999,0,1,1.0,1.0
1,999,1,0,1.0,1.0
2,999,1,0,1.0,1.0
3,997,3,0,0.999,0.9994984954864594
4,997,3,0,0.999,0.9994984954864594
5,997,3,0,0.999,0.9994984954864594
6,997,2,1,0.9995,0.9997492477432297
7,997,2,1,0.9995,0.9997492477432297
8,997,2,1,0.9995,0.9997492477432297
9,996,3,1,0.9995,0.9997489959839357
10,996,2,2,0.9995,0.9997489959839357
11,996,2,2,0.9995,0.9997489959839357
12,996,2,2,0.9995,0.9997489959839357
13,996,2,2,0.9995,0.9997489959839357
14,996,2,2,0.9995,0.9997489959839357
15,996,2,2,0.9995,0.9997489959839357
16,996,1,3,1.0,1.0
17,996,1,3,1.0,1.0
18,996,1,3,1.0,1.0
19,996,1,3,1.0,1.0
20,996,1,3,1.0,1.0
21,995,2,3,0.9995,0.999748743718593
22,994,3,3,0.999,0.9994969818913481
23,993,4,3,0.9985,0.9992447129909365
24,993,4,3,0.9985,0.9992447129909365
25,992,5,3,0.998,0.998991935483871
26,992,5,3,0.998,0.998991935483871
27,992,5,3,0.998,0.998991935483871
28,992,5,3,0.998,0.998991935483871
29,991,6,3,0.9975,0.9987386478304743
30,991,6,3,0.9975,0.9987386478304743
31,991,6,3,0.9975,0.9987386478304743
32,991,6,3,0.9975,0.9987386478304743
33,991,6,3,0.9975,0.9987386478304743
34,991,6,3,0.9975,0.9987386478304743
35,991,6,3,0.9975,0.9987386478304743
36,991,6,3,0.9975,0.9987386478304743
37,991,6,3,0.9975,0.9987386478304743
38,991,6,3,0.9975,0.9987386478304743
39,991,6,3,0.9975,0.9987386478304743
40,990,6,4,0.9975,0.9987373737373737
41,990,6,4,0.9975,0.9987373737373737
42,990,6,4,0.9975,0.9987373737373737
43,990,6,4,0.9975,0.9987373737373737
44,990,6,4,0.9975,0.9987373737373737
45,988,7,5,0.997,0.9984817813765182
46,988,7,5,0.997,0.9984817813765182
47,988,7,5,0.997,0.9984817813765182
48,988,7,5,0.997,0.9984817813765182
49,988,7,5,0.997,0.9984817813765182
50,988,7,5,0.997,0.9984817813765182
51,988,6,6,0.9975,0.9987348178137652
52,987,7,6,0.997,0.9984802431610942
53,986,7,7,0.9985,0.9992393509127789
54,986,6,8,0.9985,0.9992393509127789
55,986,6,8,0.9985,0.9992393509127789
56,986,5,9,0.999,0.9994929006085193
57,986,5,9,0.999,0.9994929006085193
58,984,6,10,0.999,0.9994918699186992
59,984,6,10,0.999,0.9994918699186992
60,984,6,10,0.999,0.9994918699186992
61,984,6,10,0.999,0.9994918699186992
62,984,6,10,0.999,0.9994918699186992
63,984,6,10,0.999,0.9994918699186992
64,984,6,10,0.999,0.9994918699186992
65,983,6,11,1.0,1.0
66,982,7,11,1.0,1.0
67,982,7,11,1.0,1.0
68,982,7,11,1.0,1.0
69,982,7,11,1.0,1.0
70,982,7,11,1.0,1.0
71,982,6,12,1.0,1.0
72,982,6,12,1.0,1.0
73,982,6,12,1.0,1.0
74,982,6,12,1.0,1.0
75,982,6,12,1.0,1.0
76,982,6,12,1.0,1.0
77,982,6,12,1.0,1.0
78,982,6,12,1.0,1.0
79,982,6,12,1.0,1.0
80,982,6,12,1.0,1.0
81,982,5,13,1.0,1.0
82,982,5,13,1.0,1.0
83,982,5,13,1.0,1.0
84,982,4,14,1.0,1.0
85,981,5,14,1.0,1.0
86,981,4,15,1.0,1.0
87,981,3,16,1.0,1.0
88,981,3,16,1.0,1.0
89,981,3,16,1.0,1.0
90,981,3,16,1.0,1.0
91,981,3,16,1.0,1.0
92,980,4,16,0.9995,0.9997448979591836
93,980,3,17,1.0,1.0
94,980,3,17,1.0,1.0
95,980,3,17,1.0,1.0
96,980,3,17,1.0,1.0
97,980,3,17,1.0,1.0
98,980,3,17,1.0,1.0
99,980,3,17,1.0,1.0
100,980,3,17,1.0,1.0
101,980,3,17,1.0,1.0
102,980,3,17,1.0,1.0
103,980,2,18,1.0,1.0
104,980,2,18,1.0,1.0
105,980,2,18,1.0,1.0
106,980,2,18,1.0,1.0
107,980,2,18,1.0,1.0
108,980,2,18,1.0,1.0
109,980,2,18,1.0,1.0
110,979,3,18,1.0,1.0
111,979,3,18,1.0,1.0
112,979,2,19,1.0,1.0
113,979,2,19,1.0,1.0
114,979,2,19,1.0,1.0
115,979,2,19,1.0,1.0
116,979,1,20,1.0,1.0
117,979,1,20,1.0,1.0
118,979,1,20,1.0,1.0
119,979,1,20,1.0,1.0
120,979,1,20,1.0,1.0
121,979,1,20,1.0,1.0
122,979,1,20,1.0,1.0
123,979,1,20,1.0,1.0
124,979,1,20,1.0,1.0
125,979,1,20,1.0,1.0
126,979,1,20,1.0,1.0
127,979,1,20,1.0,1.0
128,979,1,20,1.0,1.0
129,979,1,20,1.0,1.0
130,979,1,20,1.0,1.0
131,979,1,20,1.0,1.0
132,979,1,20,1.0,1.0
133,979,1,20,1.0,1.0
134,979,1,20,1.0,1.0
135,979,1,20,1.0,1.0
136,979,1,20,1.0,1.0
137,979,1,20,1.0,1.0
138,979,1,20,1.0,1.0
139,979,1,20,1.0,1.0
140,979,1,20,1.0,1.0
141,979,1,20,1.0,1.0
142,979,1,20,1.0,1.0
143,979,1,20,1.0,1.0
144,979,1,20,1.0,1.0
145,979,1,20,1.0,1.0
146,979,1,20,1.0,1.0
147,979,1,20,1.0,1.0
148,979,1,20,1.0,1.0
149,979,1,20,1.0,1.0
150,979,1,20,1.0,1.0
151,979,1,20,1.0,1.0
152,979,1,20,1.0,1.0
153,979,1,20,1.0,1.0
154,979,1,20,1.0,1.0
155,979,1,20,1.0,1.0
156,979,1,20,1.0,1.0
157,979,1,20,1.0,1.0
158,979,1,20,1.0,1.0
159,979,1,20,1.0,1.0
160,979,1,20,1.0,1.0
161,979,1,20,1.0,1.0
162,979,1,20,1.0,1.0
163,979,1,20,1.0,1.0
164,979,1,20,1.0,1.0
165,979,1,20,1.0,1.0
166,979,1,20,1.0,1.0
167,979,1,20,1.0,1.0
168,979,1,20,1.0,1.0
169,979,1,20,1.0,1.0
170,979,1,20,1.0,1.0
171,979,1,20,1.0,1.0
172,979,1,20,1.0,1.0
173,979,1,20,1.0,1.0
174,979,1,20,1.0,1.0
175,979,1,20,1.0,1.0
176,979,1,20,1.0,1.0
177,979,1,20,1.0,1.0
178,979,1,20,1.0,1.0
179,979,1,20,1.0,1.0
180,979,1,20,1.0,1.0
181,979,1,20,1.0,1.0
182,979,1,20,1.0,1.0
183,979,1,20,1.0,1.0
184,979,1,20,1.0,1.0
185,979,1,20,1.0,1.0
186,979,1,20,1.0,1.0
187,979,1,20,1.0,1.0
188,979,1,20,1.0,1.0
189,979,1,20,1.0,1.0
190,979,1,20,1.0,1.0
191,979,1,20,1.0,1.0
192,979,1,20,1.0,1.0
193,979,0,21,1.0,1.0
194,979,0,21,1.0,1.0
195,979,0,21,1.0,1.0
196,979,0,21,1.0,1.0
197,979,0,21,1.0,1.0
198,979,0,21,1.0,1.0
199,979,0,21,1.0,1.0
200,979,0,21,1.0,1.0
1,999,1,0,1.0,1.0
2,999,1,0,1.0,1.0
3,999,1,0,1.0,1.0
4,999,1,0,1.0,1.0
5,999,1,0,1.0,1.0
6,998,2,0,0.999,0.999498997995992
7,998,2,0,0.999,0.999498997995992
8,997,3,0,0.999,0.9994984954864594
9,997,3,0,0.999,0.9994984954864594
10,997,3,0,0.999,0.9994984954864594
11,997,3,0,0.999,0.9994984954864594
12,997,3,0,0.999,0.9994984954864594
13,997,2,1,1.0,1.0
14,997,2,1,1.0,1.0
15,997,2,1,1.0,1.0
16,996,3,1,0.9995,0.9997489959839357
17,994,5,1,0.998,0.9989939637826962
18,994,5,1,0.998,0.9989939637826962
19,994,5,1,0.998,0.9989939637826962
20,994,5,1,0.998,0.9989939637826962
21,994,5,1,0.998,0.9989939637826962
22,994,5,1,0.998,0.9989939637826962
23,993,5,2,0.9985,0.9992447129909365
24,992,6,2,0.9975,0.9987399193548387
25,992,6,2,0.9975,0.9987399193548387
26,992,6,2,0.9975,0.9987399193548387
27,992,6,2,0.9975,0.9987399193548387
28,991,7,2,0.9985,0.9992431886982845
29,991,7,2,0.9985,0.9992431886982845
30,990,8,2,0.999,0.9994949494949495
31,990,8,2,0.999,0.9994949494949495
32,989,9,2,0.9985,0.9992416582406471
33,989,9,2,0.9985,0.9992416582406471
34,989,8,3,0.999,0.9994944388270981
35,989,7,4,0.999,0.9994944388270981
36,989,7,4,0.999,0.9994944388270981
37,989,7,4,0.999,0.9994944388270981
38,989,7,4,0.999,0.9994944388270981
39,989,7,4,0.999,0.9994944388270981
40,987,8,5,0.999,0.9994934143870314
41,987,7,6,0.9995,0.9997467071935157
42,987,7,6,0.9995,0.9997467071935157
43,987,7,6,0.9995,0.9997467071935157
44,987,7,6,0.9995,0.9997467071935157
45,987,6,7,0.9995,0.9997467071935157
46,987,4,9,1.0,1.0
47,987,4,9,1.0,1.0
48,987,4,9,1.0,1.0
49,986,5,9,0.9995,0.9997464503042597
50,986,5,9,0.9995,0.9997464503042597
51,985,6,9,0.999,0.999492385786802
52,985,6,9,0.999,0.999492385786802
53,985,6,9,0.999,0.999492385786802
54,984,7,9,0.998,0.9989837398373984
55,984,7,9,0.998,0.9989837398373984
56,984,7,9,0.998,0.9989837398373984
57,984,6,10,0.999,0.9994918699186992
58,983,7,10,0.999,0.9994913530010173
59,983,7,10,0.999,0.9994913530010173
60,983,6,11,0.999,0.9994913530010173
61,982,6,12,0.999,0.9994908350305499
62,982,6,12,0.999,0.9994908350305499
63,982,6,12,0.999,0.9994908350305499
64,982,6,12,0.999,0.9994908350305499
65,981,7,12,0.9985,0.9992354740061162
66,981,7,12,0.9985,0.9992354740061162
67,981,7,12,0.9985,0.9992354740061162
68,981,7,12,0.9985,0.9992354740061162
69,981,7,12,0.9985,0.9992354740061162
70,981,7,12,0.9985,0.9992354740061162
71,980,8,12,0.9975,0.9987244897959183
72,978,9,13,0.998,0.9989775051124744
73,977,9,14,0.9985,0.9992323439099283
74,977,8,15,0.999,0.9994882292732856
75,977,8,15,0.999,0.9994882292732856
76,977,8,15,0.999,0.9994882292732856
77,977,7,16,0.999,0.9994882292732856
78,976,8,16,0.9995,0.9997438524590164
79,976,8,16,0.9995,0.9997438524590164
80,975,9,16,0.9995,0.9997435897435898
81,974,10,16,0.9995,0.9997433264887063
82,974,9,17,0.9995,0.9997433264887063
83,974,9,17,0.9995,0.9997433264887063
84,974,8,18,0.9995,0.9997433264887063
85,974,7,19,0.9995,0.9997433264887063
86,974,7,19,0.9995,0.9997433264887063
87,974,6,20,0.9995,0.9997433264887063
88,974,6,20,0.9995,0.9997433264887063
89,974,5,21,0.9995,0.9997433264887063
90,974,4,22,1.0,1.0
91,974,4,22,1.0,1.0
92,974,3,23,1.0,1.0
93,974,3,23,1.0,1.0
94,974,3,23,1.0,1.0
95,973,4,23,1.0,1.0
96,973,4,23,1.0,1.0
97,973,4,23,1.0,1.0
98,973,4,23,1.0,1.0
99,973,3,24,1.0,1.0
100,973,2,25,1.0,1.0
101,973,2,25,1.0,1.0
102,973,2,25,1.0,1.0
103,973,2,25,1.0,1.0
104,973,2,25,1.0,1.0
105,973,2,25,1.0,1.0
106,973,2,25,1.0,1.0
107,973,2,25,1.0,1.0
108,973,2,25,1.0,1.0
109,973,2,25,1.0,1.0
110,973,2,25,1.0,1.0
111,973,2,25,1.0,1.0
112,973,2,25,1.0,1.0
113,972,3,25,0.9995,0.9997427983539094
114,972,3,25,0.9995,0.9997427983539094
115,972,3,25,0.9995,0.9997427983539094
116,972,3,25,0.9995,0.9997427983539094
117,972,2,26,1.0,1.0
118,972,2,26,1.0,1.0
119,972,2,26,1.0,1.0
120,972,2,26,1.0,1.0
121,972,2,26,1.0,1.0
122,972,2,26,1.0,1.0
123,972,2,26,1.0,1.0
124,972,2,26,1.0,1.0
125,972,2,26,1.0,1.0
126,972,2,26,1.0,1.0
127,972,2,26,1.0,1.0
128,972,2,26,1.0,1.0
129,972,2,26,1.0,1.0
130,972,2,26,1.0,1.0
131,972,2,26,1.0,1.0
132,972,2,26,1.0,1.0
133,972,2,26,1.0,1.0
134,972,2,26,1.0,1.0
135,971,3,26,0.9995,0.9997425334706488
136,971,3,26,0.9995,0.9997425334706488
137,970,4,26,0.9985,0.9992268041237113
138,970,4,26,0.9985,0.9992268041237113
139,970,4,26,0.9985,0.9992268041237113
140,970,4,26,0.9985,0.9992268041237113
141,970,4,26,0.9985,0.9992268041237113
142,970,4,26,0.9985,0.9992268041237113
143,970,4,26,0.9985,0.9992268041237113
144,970,4,26,0.9985,0.9992268041237113
145,970,3,27,0.9995,0.9997422680412371
146,970,3,27,0.9995,0.9997422680412371
147,970,3,27,0.9995,0.9997422680412371
148,969,4,27,1.0,1.0
149,969,4,27,1.0,1.0
150,969,4,27,1.0,1.0
151,969,4,27,1.0,1.0
152,969,4,27,1.0,1.0
153,969,3,28,1.0,1.0
154,969,3,28,1.0,1.0
155,969,3,28,1.0,1.0
156,969,3,28,1.0,1.0
157,969,3,28,1.0,1.0
158,969,3,28,1.0,1.0
159,969,3,28,1.0,1.0
160,969,3,28,1.0,1.0
161,969,3,28,1.0,1.0
162,969,2,29,1.0,1.0
163,969,2,29,1.0,1.0
164,969,2,29,1.0,1.0
165,969,2,29,1.0,1.0
166,969,2,29,1.0,1.0
167,969,2,29,1.0,1.0
168,969,2,29,1.0,1.0
169,969,2,29,1.0,1.0
170,969,2,29,1.0,1.0
171,969,1,30,1.0,1.0
172,969,1,30,1.0,1.0
173,969,1,30,1.0,1.0
174,969,1,30,1.0,1.0
175,969,1,30,1.0,1.0
176,969,1,30,1.0,1.0
177,969,0,31,1.0,1.0
178,969,0,31,1.0,1.0
179,969,0,31,1.0,1.0
180,969,0,31,1.0,1.0
181,969,0,31,1.0,1.0
182,969,0,31,1.0,1.0
183,969,0,31,1.0,1.0
184,969,0,31,1.0,1.0
185,969,0,31,1.0,1.0
186,969,0,31,1.0,1.0
187,969,0,31,1.0,1.0
188,969,0,31,1.0,1.0
189,969,0,31,1.0,1.0
190,969,0,31,1.0,1.0
191,969,0,31,1.0,1.0
192,969,0,31,1.0,1.0
193,969,0,31,1.0,1.0
194,969,0,31,1.0,1.0
195,969,0,31,1.0,1.0
196,969,0,31,1.0,1.0
197,969,0,31,1.0,1.0
198,969,0,31,1.0,1.0
199,969,0,31,1.0,1.0
200,969,0,31,1.0,1.0
1,999,1,0,1.0,1.0
2,999,1,0,1.0,1.0
3,999,1,0,1.0,1.0
4,998,2,0,0.9995,0.999749498997996
5,998,2,0,0.9995,0.999749498997996
6,998,2,0,0.9995,0.999749498997996
7,997,3,0,0.999,0.9994984954864594
8,997,3,0,0.999,0.9994984954864594
9,997,3,0,0.999,0.9994984954864594
10,996,4,0,0.999,0.9994979919678715
11,996,4,0,0.999,0.9994979919678715
12,996,4,0,0.999,0.9994979919678715
13,996,4,0,0.999,0.9994979919678715
14,996,4,0,0.999,0.9994979919678715
15,996,4,0,0.999,0.9994979919678715
16,996,4,0,0.999,0.9994979919678715
17,996,4,0,0.999,0.9994979919678715
18,996,4,0,0.999,0.9994979919678715
19,996,4,0,0.999,0.9994979919678715
20,996,4,0,0.999,0.9994979919678715
21,994,5,1,0.9985,0.9992454728370221
22,994,5,1,0.9985,0.9992454728370221
23,994,4,2,0.999,0.9994969818913481
24,994,4,2,0.999,0.9994969818913481
25,994,4,2,0.999,0.9994969818913481
26,994,4,2,0.999,0.9994969818913481
27,994,4,2,0.999,0.9994969818913481
28,994,4,2,0.999,0.9994969818913481
29,994,4,2,0.999,0.9994969818913481
30,994,4,2,0.999,0.9994969818913481
31,994,4,2,0.999,0.9994969818913481
32,994,4,2,0.999,0.9994969818913481
33,994,4,2,0.999,0.9994969818913481
34,993,5,2,0.9995,0.9997482376636455
35,993,4,3,1.0,1.0
36,993,3,4,1.0,1.0
37,993,2,5,1.0,1.0
38,993,2,5,1.0,1.0
39,993,2,5,1.0,1.0
40,993,2,5,1.0,1.0
41,993,1,6,1.0,1.0
42,993,1,6,1.0,1.0
43,993,1,6,1.0,1.0
44,993,1,6,1.0,1.0
45,993,1,6,1.0,1.0
46,993,1,6,1.0,1.0
47,993,1,6,1.0,1.0
48,993,0,7,1.0,1.0
49,993,0,7,1.0,1.0
50,993,0,7,1.0,1.0
51,993,0,7,1.0,1.0
52,993,0,7,1.0,1.0
53,993,0,7,1.0,1.0
54,993,0,7,1.0,1.0
55,993,0,7,1.0,1.0
56,993,0,7,1.0,1.0
57,993,0,7,1.0,1.0
58,993,0,7,1.0,1.0
59,993,0,7,1.0,1.0
60,993,0,7,1.0,1.0
61,993,0,7,1.0,1.0
62,993,0,7,1.0,1.0
63,993,0,7,1.0,1.0
64,993,0,7,1.0,1.0
65,993,0,7,1.0,1.0
66,993,0,7,1.0,1.0
67,993,0,7,1.0,1.0
68,993,0,7,1.0,1.0
69,993,0,7,1.0,1.0
70,993,0,7,1.0,1.0
71,993,0,7,1.0,1.0
72,993,0,7,1.0,1.0
73,993,0,7,1.0,1.0
74,993,0,7,1.0,1.0
75,993,0,7,1.0,1.0
76,993,0,7,1.0,1.0
77,993,0,7,1.0,1.0
78,993,0,7,1.0,1.0
79,993,0,7,1.0,1.0
80,993,0,7,1.0,1.0
81,993,0,7,1.0,1.0
82,993,0,7,1.0,1.0
83,993,0,7,1.0,1.0
84,993,0,7,1.0,1.0
85,993,0,7,1.0,1.0
86,993,0,7,1.0,1.0
87,993,0,7,1.0,1.0
88,993,0,7,1.0,1.0
89,993,0,7,1.0,1.0
90,993,0,7,1.0,1.0
91,993,0,7,1.0,1.0
92,993,0,7,1.0,1.0
93,993,0,7,1.0,1.0
94,993,0,7,1.0,1.0
95,993,0,7,1.0,1.0
96,993,0,7,1.0,1.0
97,993,0,7,1.0,1.0
98,993,0,7,1.0,1.0
99,993,0,7,1.0,1.0
100,993,0,7,1.0,1.0
101,993,0,7,1.0,1.0
102,993,0,7,1.0,1.0
103,993,0,7,1.0,1.0
104,993,0,7,1.0,1.0
105,993,0,7,1.0,1.0
106,993,0,7,1.0,1.0
107,993,0,7,1.0,1.0
108,993,0,7,1.0,1.0
109,993,0,7,1.0,1.0
110,993,0,7,1.0,1.0
111,993,0,7,1.0,1.0
112,993,0,7,1.0,1.0
113,993,0,7,1.0,1.0
114,993,0,7,1.0,1.0
115,993,0,7,1.0,1.0
116,993,0,7,1.0,1.0
117,993,0,7,1.0,1.0
118,993,0,7,1.0,1.0
119,993,0,7,1.0,1.0
120,993,0,7,1.0,1.0
121,993,0,7,1.0,1.0
122,993,0,7,1.0,1.0
123,993,0,7,1.0,1.0
124,993,0,7,1.0,1.0
125,993,0,7,1.0,1.0
126,993,0,7,1.0,1.0
127,993,0,7,1.0,1.0
128,993,0,7,1.0,1.0
129,993,0,7,1.0,1.0
130,993,0,7,1.0,1.0
131,993,0,7,1.0,1.0
132,993,0,7,1.0,1.0
133,993,0,7,1.0,1.0
134,993,0,7,1.0,1.0
135,993,0,7,1.0,1.0
136,993,0,7,1.0,1.0
137,993,0,7,1.0,1.0
138,993,0,7,1.0,1.0
139,993,0,7,1.0,1.0
140,993,0,7,1.0,1.0
141,993,0,7,1.0,1.0
142,993,0,7,1.0,1.0
143,993,0,7,1.0,1.0
144,993,0,7,1.0,1.0
145,993,0,7,1.0,1.0
146,993,0,7,1.0,1.0
147,993,0,7,1.0,1.0
148,993,0,7,1.0,1.0
149,993,0,7,1.0,1.0
150,993,0,7,1.0,1.0
151,993,0,7,1.0,1.0
152,993,0,7,1.0,1.0
153,993,0,7,1.0,1.0
154,993,0,7,1.0,1.0
155,993,0,7,1.0,1.0
156,993,0,7,1.0,1.0
157,993,0,7,1.0,1.0
158,993,0,7,1.0,1.0
159,993,0,7,1.0,1.0
160,993,0,7,1.0,1.0
161,993,0,7,1.0,1.0
162,993,0,7,1.0,1.0
163,993,0,7,1.0,1.0
164,993,0,7,1.0,1.0
165,993,0,7,1.0,1.0
166,993,0,7,1.0,1.0
167,993,0,7,1.0,1.0
168,993,0,7,1.0,1.0
169,993,0,7,1.0,1.0
170,993,0,7,1.0,1.0
171,993,0,7,1.0,1.0
172,993,0,7,1.0,1.0
173,993,0,7,1.0,1.0
174,993,0,7,1.0,1.0
175,993,0,7,1.0,1.0
176,993,0,7,1.0,1.0
177,993,0,7,1.0,1.0
178,993,0,7,1.0,1.0
179,993,0,7,1.0,1.0
180,993,0,7,1.0,1.0
181,993,0,7,1.0,1.0
182,993,0,7,1.0,1.0
183,993,0,7,1.0,1.0
184,993,0,7,1.0,1.0
185,993,0,7,1.0,1.0
186,993,0,7,1.0,1.0
187,993,0,7,1.0,1.0
188,993,0,7,1.0,1.0
189,993,0,7,1.0,1.0
190,993,0,7,1.0,1.0
191,993,0,7,1.0,1.0
192,993,0,7,1.0,1.0
193,993,0,7,1.0,1.0
194,993,0,7,1.0,1.0
195,993,0,7,1.0,1.0
196,993,0,7,1.0,1.0
197,993,0,7,1.0,1.0
198,993,0,7,1.0,1.0
199,993,0,7,1.0,1.0
200,993,0,7,1.0,1.0
1,999,1,0,1.0,1.0
2,998,2,0,0.999,0.999498997995992
3,998,1,1,1.0,1.0
4,997,2,1,0.9995,0.9997492477432297
5,996,3,1,0.9995,0.9997489959839357
6,996,3,1,0.9995,0.9997489959839357
7,996,3,1,0.9995,0.9997489959839357
8,996,3,1,0.9995,0.9997489959839357
9,995,3,2,1.0,1.0
10,994,4,2,0.9995,0.9997484909456741
11,994,4,2,0.9995,0.9997484909456741
12,993,4,3,0.9995,0.9997482376636455
13,992,5,3,0.999,0.9994959677419355
14,991,6,3,0.9985,0.9992431886982845
15,990,6,4,0.9985,0.9992424242424243
16,990,6,4,0.9985,0.9992424242424243
17,990,6,4,0.9985,0.9992424242424243
18,990,6,4,0.9985,0.9992424242424243
19,990,6,4,0.9985,0.9992424242424243
20,990,6,4,0.9985,0.9992424242424243
21,990,6,4,0.9985,0.9992424242424243
22,990,6,4,0.9985,0.9992424242424243
23,990,6,4,0.9985,0.9992424242424243
24,989,7,4,0.9985,0.9992416582406471
25,989,7,4,0.9985,0.9992416582406471
26,989,7,4,0.9985,0.9992416582406471
27,989,6,5,0.999,0.9994944388270981
28,989,6,5,0.999,0.9994944388270981
29,989,6,5,0.999,0.9994944388270981
30,989,6,5,0.999,0.9994944388270981
31,988,7,5,0.9985,0.9992408906882592
32,988,7,5,0.9985,0.9992408906882592
33,988,6,6,0.999,0.9994939271255061
34,988,6,6,0.999,0.9994939271255061
35,987,7,6,0.9985,0.9992401215805471
36,987,7,6,0.9985,0.9992401215805471
37,986,8,6,0.9985,0.9992393509127789
38,986,8,6,0.9985,0.9992393509127789
39,986,8,6,0.9985,0.9992393509127789
40,986,7,7,0.9985,0.9992393509127789
41,986,7,7,0.9985,0.9992393509127789
42,985,7,8,0.998,0.9989847715736041
43,984,8,8,0.9975,0.998729674796748
44,983,9,8,0.9985,0.9992370295015259
45,983,9,8,0.9985,0.9992370295015259
46,983,7,10,0.9985,0.9992370295015259
47,983,5,12,0.9995,0.9997456765005086
48,983,5,12,0.9995,0.9997456765005086
49,983,5,12,0.9995,0.9997456765005086
50,983,5,12,0.9995,0.9997456765005086
51,983,5,12,0.9995,0.9997456765005086
52,983,5,12,0.9995,0.9997456765005086
53,983,5,12,0.9995,0.9997456765005086
54,982,6,12,0.9995,0.9997454175152749
55,982,5,13,0.9995,0.9997454175152749
56,982,5,13,0.9995,0.9997454175152749
57,982,4,14,0.9995,0.9997454175152749
58,982,4,14,0.9995,0.9997454175152749
59,982,4,14,0.9995,0.9997454175152749
60,982,4,14,0.9995,0.9997454175152749
61,982,4,14,0.9995,0.9997454175152749
62,982,4,14,0.9995,0.9997454175152749
63,981,5,14,0.999,0.9994903160040775
64,981,5,14,0.999,0.9994903160040775
65,981,5,14,0.999,0.9994903160040775
66,980,6,14,0.9985,0.999234693877551
67,980,6,14,0.9985,0.999234693877551
68,980,6,14,0.9985,0.999234693877551
69,979,7,14,0.998,0.9989785495403473
70,979,7,14,0.998,0.9989785495403473
71,979,7,14,0.998,0.9989785495403473
72,979,7,14,0.998,0.9989785495403473
73,979,7,14,0.998,0.9989785495403473
74,979,7,14,0.998,0.9989785495403473
75,979,5,16,0.9995,0.9997446373850868
76,978,5,17,0.9985,0.9992331288343558
77,978,5,17,0.9985,0.9992331288343558
78,978,5,17,0.9985,0.9992331288343558
79,978,4,18,0.999,0.9994887525562373
80,978,3,19,0.9995,0.9997443762781186
81,978,3,19,0.9995,0.9997443762781186
82,978,3,19,0.9995,0.9997443762781186
83,978,3,19,0.9995,0.9997443762781186
84,978,3,19,0.9995,0.9997443762781186
85,978,3,19,0.9995,0.9997443762781186
86,978,2,20,1.0,1.0
87,978,2,20,1.0,1.0
88,978,2,20,1.0,1.0
89,978,2,20,1.0,1.0
90,978,2,20,1.0,1.0
91,978,2,20,1.0,1.0
92,978,2,20,1.0,1.0
93,978,2,20,1.0,1.0
94,978,2,20,1.0,1.0
95,978,2,20,1.0,1.0
96,978,2,20,1.0,1.0
97,978,2,20,1.0,1.0
98,978,2,20,1.0,1.0
99,978,2,20,1.0,1.0
100,978,2,20,1.0,1.0
101,978,1,21,1.0,1.0
102,978,1,21,1.0,1.0
103,978,1,21,1.0,1.0
104,978,1,21,1.0,1.0
105,978,1,21,1.0,1.0
106,978,1,21,1.0,1.0
107,978,1,21,1.0,1.0
108,978,1,21,1.0,1.0
109,978,1,21,1.0,1.0
110,978,1,21,1.0,1.0
111,978,1,21,1.0,1.0
112,978,1,21,1.0,1.0
113,977,2,21,1.0,1.0
114,977,2,21,1.0,1.0
115,977,2,21,1.0,1.0
116,977,2,21,1.0,1.0
117,977,2,21,1.0,1.0
118,977,2,21,1.0,1.0
119,977,2,21,1.0,1.0
120,977,2,21,1.0,1.0
121,977,2,21,1.0,1.0
122,977,2,21,1.0,1.0
123,977,2,21,1.0,1.0
124,977,2,21,1.0,1.0
125,977,2,21,1.0,1.0
126,977,1,22,1.0,1.0
127,977,1,22,1.0,1.0
128,977,1,22,1.0,1.0
129,977,0,23,1.0,1.0
130,977,0,23,1.0,1.0
131,977,0,23,1.0,1.0
132,977,0,23,1.0,1.0
133,977,0,23,1.0,1.0
134,977,0,23,1.0,1.0
135,977,0,23,1.0,1.0
136,977,0,23,1.0,1.0
137,977,0,23,1.0,1.0
138,977,0,23,1.0,1.0
139,977,0,23,1.0,1.0
140,977,0,23,1.0,1.0
141,977,0,23,1.0,1.0
142,977,0,23,1.0,1.0
143,977,0,23,1.0,1.0
144,977,0,23,1.0,1.0
145,977,0,23,1.0,1.0
146,977,0,23,1.0,1.0
147,977,0,23,1.0,1.0
148,977,0,23,1.0,1.0
149,977,0,23,1.0,1.0
150,977,0,23,1.0,1.0
151,977,0,23,1.0,1.0
152,977,0,23,1.0,1.0
153,977,0,23,1.0,1.0
154,977,0,23,1.0,1.0
155,977,0,23,1.0,1.0
156,977,0,23,1.0,1.0
157,977,0,23,1.0,1.0
158,977,0,23,1.0,1.0
159,977,0,23,1.0,1.0
160,977,0,23,1.0,1.0
161,977,0,23,1.0,1.0
162,977,0,23,1.0,1.0
163,977,0,23,1.0,1.0
164,977,0,23,1.0,1.0
165,977,0,23,1.0,1.0
166,977,0,23,1.0,1.0
167,977,0,23,1.0,1.0
168,977,0,23,1.0,1.0
169,977,0,23,1.0,1.0
170,977,0,23,1.0,1.0
171,977,0,23,1.0,1.0
172,977,0,23,1.0,1.0
173,977,0,23,1.0,1.0
174,977,0,23,1.0,1.0
175,977,0,23,1.0,1.0
176,977,0,23,1.0,1.0
177,977,0,23,1.0,1.0
178,977,0,23,1.0,1.0
179,977,0,23,1.0,1.0
180,977,0,23,1.0,1.0
181,977,0,23,1.0,1.0
182,977,0,23,1.0,1.0
183,977,0,23,1.0,1.0
184,977,0,23,1.0,1.0
185,977,0,23,1.0,1.0
186,977,0,23,1.0,1.0
187,977,0,23,1.0,1.0
188,977,0,23,1.0,1.0
189,977,0,23,1.0,1.0
190,977,0,23,1.0,1.0
191,977,0,23,1.0,1.0
192,977,0,23,1.0,1.0
193,977,0,23,1.0,1.0
194,977,0,23,1.0,1.0
195,977,0,23,1.0,1.0
196,977,0,23,1.0,1.0
197,977,0,23,1.0,1.0
198,977,0,23,1.0,1.0
199,977,0,23,1.0,1.0
200,977,0,23,1.0,1.0
1,998,2,0,0.999,0.999498997995992
2,997,3,0,0.999,0.9994984954864594
3,997,2,1,0.9995,0.9997492477432297
4,997,1,2,1.0,1.0
5,997,1,2,1.0,1.0
6,997,1,2,1.0,1.0
7,997,1,2,1.0,1.0
8,997,1,2,1.0,1.0
9,997,1,2,1.0,1.0
10,997,1,2,1.0,1.0
11,997,1,2,1.0,1.0
12,997,1,2,1.0,1.0
13,997,1,2,1.0,1.0
14,997,1,2,1.0,1.0
15,997,1,2,1.0,1.0
16,997,1,2,1.0,1.0
17,996,2,2,1.0,1.0
18,996,2,2,1.0,1.0
19,996,2,2,1.0,1.0
20,996,2,2,1.0,1.0
21,996,2,2,1.0,1.0
22,995,3,2,0.9995,0.999748743718593
23,995,3,2,0.9995,0.999748743718593
24,994,4,2,0.9995,0.9997484909456741
25,994,4,2,0.9995,0.9997484909456741
26,994,3,3,0.9995,0.9997484909456741
27,994,3,3,0.9995,0.9997484909456741
28,994,3,3,0.9995,0.9997484909456741
29,994,3,3,0.9995,0.9997484909456741
30,994,3,3,0.9995,0.9997484909456741
31,994,3,3,0.9995,0.9997484909456741
32,994,3,3,0.9995,0.9997484909456741
33,994,3,3,0.9995,0.9997484909456741
34,994,3,3,0.9995,0.9997484909456741
35,994,3,3,0.9995,0.9997484909456741
36,994,3,3,0.9995,0.9997484909456741
37,994,3,3,0.9995,0.9997484909456741
38,994,3,3,0.9995,0.9997484909456741
39,994,3,3,0.9995,0.9997484909456741
40,994,3,3,0.9995,0.9997484909456741
41,994,3,3,0.9995,0.9997484909456741
42,993,4,3,0.999,0.999496475327291
43,993,4,3,0.999,0.999496475327291
44,993,3,4,0.9995,0.9997482376636455
45,993,2,5,1.0,1.0
46,991,4,5,0.9995,0.9997477295660948
47,991,4,5,0.9995,0.9997477295660948
48,991,4,5,0.9995,0.9997477295660948
49,991,3,6,1.0,1.0
50,991,3,6,1.0,1.0
51,990,4,6,0.9995,0.9997474747474747
52,990,4,6,0.9995,0.9997474747474747
53,990,4,6,0.9995,0.9997474747474747
54,990,4,6,0.9995,0.9997474747474747
55,990,3,7,0.9995,0.9997474747474747
56,990,3,7,0.9995,0.9997474747474747
57,990,2,8,0.9995,0.9997474747474747
58,990,2,8,0.9995,0.9997474747474747
59,990,2,8,0.9995,0.9997474747474747
60,990,2,8,0.9995,0.9997474747474747
61,990,2,8,0.9995,0.9997474747474747
62,990,2,8,0.9995,0.9997474747474747
63,990,2,8,0.9995,0.9997474747474747
64,989,3,8,0.9995,0.999747219413549
65,988,4,8,0.999,0.9994939271255061
66,988,4,8,0.999,0.9994939271255061
67,988,4,8,0.999,0.9994939271255061
68,988,4,8,0.999,0.9994939271255061
69,988,4,8,0.999,0.9994939271255061
70,988,4,8,0.999,0.9994939271255061
71,988,4,8,0.999,0.9994939271255061
72,987,5,8,0.9995,0.9997467071935157
73,987,4,9,1.0,1.0
74,987,4,9,1.0,1.0
75,987,4,9,1.0,1.0
76,987,3,10,1.0,1.0
77,987,3,10,1.0,1.0
78,987,3,10,1.0,1.0
79,987,3,10,1.0,1.0
80,987,3,10,1.0,1.0
81,987,3,10,1.0,1.0
82,987,3,10,1.0,1.0
83,987,3,10,1.0,1.0
84,987,2,11,1.0,1.0
85,987,2,11,1.0,1.0
86,987,2,11,1.0,1.0
87,987,2,11,1.0,1.0
88,987,2,11,1.0,1.0
89,987,2,11,1.0,1.0
90,987,2,11,1.0,1.0
91,987,2,11,1.0,1.0
92,987,2,11,1.0,1.0
93,987,2,11,1.0,1.0
94,987,2,11,1.0,1.0
95,987,2,11,1.0,1.0
96,987,2,11,1.0,1.0
97,987,2,11,1.0,1.0
98,987,2,11,1.0,1.0
99,987,2,11,1.0,1.0
100,987,2,11,1.0,1.0
101,987,2,11,1.0,1.0
102,987,2,11,1.0,1.0
103,987,2,11,1.0,1.0
104,987,2,11,1.0,1.0
105,987,2,11,1.0,1.0
106,987,2,11,1.0,1.0
107,987,2,11,1.0,1.0
108,987,2,11,1.0,1.0
109,987,2,11,1.0,1.0
110,987,2,11,1.0,1.0
111,987,2,11,1.0,1.0
112,987,2,11,1.0,1.0
113,987,2,11,1.0,1.0
114,987,2,11,1.0,1.0
115,987,2,11,1.0,1.0
116,987,2,11,1.0,1.0
117,987,2,11,1.0,1.0
118,987,2,11,1.0,1.0
119,987,2,11,1.0,1.0
120,987,2,11,1.0,1.0
121,987,2,11,1.0,1.0
122,987,2,11,1.0,1.0
123,987,2,11,1.0,1.0
124,987,2,11,1.0,1.0
125,987,2,11,1.0,1.0
126,987,2,11,1.0,1.0
127,987,2,11,1.0,1.0
128,987,2,11,1.0,1.0
129,987,2,11,1.0,1.0
130,987,2,11,1.0,1.0
131,987,2,11,1.0,1.0
132,987,2,11,1.0,1.0
133,987,2,11,1.0,1.0
134,987,2,11,1.0,1.0
135,987,2,11,1.0,1.0
136,987,2,11,1.0,1.0
137,987,2,11,1.0,1.0
138,987,2,11,1.0,1.0
139,987,2,11,1.0,1.0
140,987,2,11,1.0,1.0
141,987,2,11,1.0,1.0
142,987,2,11,1.0,1.0
143,987,1,12,1.0,1.0
144,987,1,12,1.0,1.0
145,987,1,12,1.0,1.0
146,987,1,12,1.0,1.0
147,987,1,12,1.0,1.0
148,987,1,12,1.0,1.0
149,987,1,12,1.0,1.0
150,987,1,12,1.0,1.0
151,987,1,12,1.0,1.0
152,987,1,12,1.0,1.0
153,987,0,13,1.0,1.0
154,987,0,13,1.0,1.0
155,987,0,13,1.0,1.0
156,987,0,13,1.0,1.0
157,987,0,13,1.0,1.0
158,987,0,13,1.0,1.0
159,987,0,13,1.0,1.0
160,987,0,13,1.0,1.0
161,987,0,13,1.0,1.0
162,987,0,13,1.0,1.0
163,987,0,13,1.0,1.0
164,987,0,13,1.0,1.0
165,987,0,13,1.0,1.0
166,987,0,13,1.0,1.0
167,987,0,13,1.0,1.0
168,987,0,13,1.0,1.0
169,987,0,13,1.0,1.0
170,987,0,13,1.0,1.0
171,987,0,13,1.0,1.0
172,987,0,13,1.0,1.0
173,987,0,13,1.0,1.0
174,987,0,13,1.0,1.0
175,987,0,13,1.0,1.0
176,987,0,13,1.0,1.0
177,987,0,13,1.0,1.0
178,987,0,13,1.0,1.0
179,987,0,13,1.0,1.0
180,987,0,13,1.0,1.0
181,987,0,13,1.0,1.0
182,987,0,13,1.0,1.0
183,987,0,13,1.0,1.0
184,987,0,13,1.0,1.0
185,987,0,13,1.0,1.0
186,987,0,13,1.0,1.0
187,987,0,13,1.0,1.0
188,987,0,13,1.0,1.0
189,987,0,13,1.0,1.0
190,987,0,13,1.0,1.0
191,987,0,13,1.0,1.0
192,987,0,13,1.0,1.0
193,987,0,13,1.0,1.0
194,987,0,13,1.0,1.0
195,987,0,13,1.0,1.0
196,987,0,13,1.0,1.0
197,987,0,13,1.0,1.0
198,987,0,13,1.0,1.0
199,987,0,13,1.0,1.0
200,987,0,13,1.0,1.0
1,999,1,0,1.0,1.0
2,999,1,0,1.0,1.0
3,998,2,0,0.999,0.999498997995992
4,997,2,1,1.0,1.0
5,997,2,1,1.0,1.0
6,997,2,1,1.0,1.0
7,997,2,1,1.0,1.0
8,997,2,1,1.0,1.0
9,997,2,1,1.0,1.0
10,997,2,1,1.0,1.0
11,997,2,1,1.0,1.0
12,997,2,1,1.0,1.0
13,997,2,1,1.0,1.0
14,997,2,1,1.0,1.0
15,997,2,1,1.0,1.0
16,996,3,1,0.9995,0.9997489959839357
17,996,3,1,0.9995,0.9997489959839357
18,996,3,1,0.9995,0.9997489959839357
19,996,3,1,0.9995,0.9997489959839357
20,995,4,1,0.9985,0.9992462311557789
21,995,4,1,0.9985,0.9992462311557789
22,995,4,1,0.9985,0.9992462311557789
23,995,4,1,0.9985,0.9992462311557789
24,995,4,1,0.9985,0.9992462311557789
25,994,5,1,0.998,0.9989939637826962
26,993,6,1,0.999,0.999496475327291
27,992,7,1,0.9985,0.9992439516129032
28,990,9,1,0.9975,0.9987373737373737
29,990,9,1,0.9975,0.9987373737373737
30,989,9,2,0.997,0.9984833164812943
31,989,9,2,0.997,0.9984833164812943
32,989,8,3,0.9975,0.9987360970677452
33,988,9,3,0.9985,0.9992408906882592
34,988,8,4,0.9995,0.999746963562753
35,988,7,5,0.9995,0.999746963562753
36,987,8,5,0.999,0.9994934143870314
37,987,8,5,0.999,0.9994934143870314
38,987,8,5,0.999,0.9994934143870314
39,987,8,5,0.999,0.9994934143870314
40,987,7,6,0.999,0.9994934143870314
41,987,6,7,0.999,0.9994934143870314
42,987,5,8,0.9995,0.9997467071935157
43,987,5,8,0.9995,0.9997467071935157
44,986,6,8,0.999,0.9994929006085193
45,986,6,8,0.999,0.9994929006085193
46,986,6,8,0.999,0.9994929006085193
47,986,6,8,0.999,0.9994929006085193
48,986,6,8,0.999,0.9994929006085193
49,986,6,8,0.999,0.9994929006085193
50,986,6,8,0.999,0.9994929006085193
51,986,6,8,0.999,0.9994929006085193
52,985,7,8,0.9985,0.999238578680203
53,985,6,9,0.999,0.999492385786802
54,985,6,9,0.999,0.999492385786802
55,985,6,9,0.999,0.999492385786802
56,985,6,9,0.999,0.999492385786802
57,985,6,9,0.999,0.999492385786802
58,983,8,9,0.998,0.9989827060020345
59,983,8,9,0.998,0.9989827060020345
60,982,8,10,0.998,0.9989816700610998
61,982,8,10,0.998,0.9989816700610998
62,982,8,10,0.998,0.9989816700610998
63,982,8,10,0.998,0.9989816700610998
64,982,7,11,0.9985,0.9992362525458248
65,982,7,11,0.9985,0.9992362525458248
66,981,8,11,0.998,0.9989806320081549
67,980,9,11,0.9975,0.9987244897959183
68,980,8,12,0.998,0.9989795918367347
69,980,8,12,0.998,0.9989795918367347
70,978,10,12,0.9985,0.9992331288343558
71,978,10,12,0.9985,0.9992331288343558
72,978,9,13,0.999,0.9994887525562373
73,977,9,14,0.999,0.9994882292732856
74,977,9,14,0.999,0.9994882292732856
75,977,8,15,0.999,0.9994882292732856
76,977,7,16,0.9995,0.9997441146366428
77,977,7,16,0.9995,0.9997441146366428
78,977,7,16,0.9995,0.9997441146366428
79,977,7,16,0.9995,0.9997441146366428
80,977,6,17,0.9995,0.9997441146366428
81,976,7,17,1.0,1.0
82,976,7,17,1.0,1.0
83,976,7,17,1.0,1.0
84,976,7,17,1.0,1.0
85,976,6,18,1.0,1.0
86,976,6,18,1.0,1.0
87,976,6,18,1.0,1.0
88,976,6,18,1.0,1.0
89,976,5,19,1.0,1.0
90,976,5,19,1.0,1.0
91,976,5,19,1.0,1.0
92,976,5,19,1.0,1.0
93,976,5,19,1.0,1.0
94,976,5,19,1.0,1.0
95,975,6,19,1.0,1.0
96,975,6,19,1.0,1.0
97,975,5,20,1.0,1.0
98,975,4,21,1.0,1.0
99,975,4,21,1.0,1.0
100,975,4,21,1.0,1.0
101,975,4,21,1.0,1.0
102,975,3,22,1.0,1.0
103,975,3,22,1.0,1.0
104,975,3,22,1.0,1.0
105,975,2,23,1.0,1.0
106,975,2,23,1.0,1.0
107,975,2,23,1.0,1.0
108,975,2,23,1.0,1.0
109,975,2,23,1.0,1.0
110,975,2,23,1.0,1.0
111,975,2,23,1.0,1.0
112,975,2,23,1.0,1.0
113,975,2,23,1.0,1.0
114,975,2,23,1.0,1.0
115,975,2,23,1.0,1.0
116,975,1,24,1.0,1.0
117,975,1,24,1.0,1.0
118,975,1,24,1.0,1.0
119,975,1,24,1.0,1.0
120,975,1,24,1.0,1.0
121,975,1,24,1.0,1.0
122,975,1,24,1.0,1.0
123,975,1,24,1.0,1.0
124,975,1,24,1.0,1.0
125,975,1,24,1.0,1.0
126,975,1,24,1.0,1.0
127,975,1,24,1.0,1.0
128,975,1,24,1.0,1.0
129,975,1,24,1.0,1.0
130,975,1,24,1.0,1.0
131,975,1,24,1.0,1.0
132,975,1,24,1.0,1.0
133,975,1,24,1.0,1.0
134,975,1,24,1.0,1.0
135,975,1,24,1.0,1.0
136,975,1,24,1.0,1.0
137,975,1,24,1.0,1.0
138,975,1,24,1.0,1.0
139,975,1,24,1.0,1.0
140,975,1,24,1.0,1.0
141,975,1,24,1.0,1.0
142,975,0,25,1.0,1.0
143,975,0,25,1.0,1.0
144,975,0,25,1.0,1.0
145,975,0,25,1.0,1.0
146,975,0,25,1.0,1.0
147,975,0,25,1.0,1.0
148,975,0,25,1.0,1.0
149,975,0,25,1.0,1.0
150,975,0,25,1.0,1.0
151,975,0,25,1.0,1.0
152,975,0,25,1.0,1.0
153,975,0,25,1.0,1.0
154,975,0,25,1.0,1.0
155,975,0,25,1.0,1.0
156,975,0,25,1.0,1.0
157,975,0,25,1.0,1.0
158,975,0,25,1.0,1.0
159,975,0,25,1.0,1.0
160,975,0,25,1.0,1.0
161,975,0,25,1.0,1.0
162,975,0,25,1.0,1.0
163,975,0,25,1.0,1.0
164,975,0,25,1.0,1.0
165,975,0,25,1.0,1.0
166,975,0,25,1.0,1.0
167,975,0,25,1.0,1.0
168,975,0,25,1.0,1.0
169,975,0,25,1.0,1.0
170,975,0,25,1.0,1.0
171,975,0,25,1.0,1.0
172,975,0,25,1.0,1.0
173,975,0,25,1.0,1.0
174,975,0,25,1.0,1.0
175,975,0,25,1.0,1.0
176,975,0,25,1.0,1.0
177,975,0,25,1.0,1.0
178,975,0,25,1.0,1.0
179,975,0,25,1.0,1.0
180,975,0,25,1.0,1.0
181,975,0,25,1.0,1.0
182,975,0,25,1.0,1.0
183,975,0,25,1.0,1.0
184,975,0,25,1.0,1.0
185,975,0,25,1.0,1.0
186,975,0,25,1.0,1.0
187,975,0,25,1.0,1.0
188,975,0,25,1.0,1.0
189,975,0,25,1.0,1.0
190,975,0,25,1.0,1.0
191,975,0,25,1.0,1.0
192,975,0,25,1.0,1.0
193,975,0,25,1.0,1.0
194,975,0,25,1.0,1.0
195,975,0,25,1.0,1.0
196,975,0,25,1.0,1.0
197,975,0,25,1.0,1.0
198,975,0,25,1.0,1.0
199,975,0,25,1.0,1.0
200,975,0,25,1.0,1.0
1,999,1,0,1.0,1.0
2,999,1,0,1.0,1.0
3,999,0,1,1.0,1.0
4,999,0,1,1.0,1.0
5,999,0,1,1.0,1.0
6,999,0,1,1.0,1.0
7,999,0,1,1.0,1.0
8,999,0,1,1.0,1.0
9,999,0,1,1.0,1.0
10,999,0,1,1.0,1.0
11,999,0,1,1.0,1.0
12,999,0,1,1.0,1.0
13,999,0,1,1.0,1.0
14,999,0,1,1.0,1.0
15,999,0,1,1.0,1.0
16,999,0,1,1.0,1.0
17,999,0,1,1.0,1.0
18,999,0,1,1.0,1.0
19,999,0,1,1.0,1.0
20,999,0,1,1.0,1.0
21,999,0,1,1.0,1.0
22,999,0,1,1.0,1.0
23,999,0,1,1.0,1.0
24,999,0,1,1.0,1.0
25,999,0,1,1.0,1.0
26,999,0,1,1.0,1.0
27,999,0,1,1.0,1.0
28,999,0,1,1.0,1.0
29,999,0,1,1.0,1.0
30,999,0,1,1.0,1.0
31,999,0,1,1.0,1.0
32,999,0,1,1.0,1.0
33,999,0,1,1.0,1.0
34,999,0,1,1.0,1.0
35,999,0,1,1.0,1.0
36,999,0,1,1.0,1.0
37,999,0,1,1.0,1.0
38,999,0,1,1.0,1.0
39,999,0,1,1.0,1.0
40,999,0,1,1.0,1.0
41,999,0,1,1.0,1.0
42,999,0,1,1.0,1.0
43,999,0,1,1.0,1.0
44,999,0,1,1.0,1.0
45,999,0,1,1.0,1.0
46,999,0,1,1.0,1.0
47,999,0,1,1.0,1.0
48,999,0,1,1.0,1.0
49,999,0,1,1.0,1.0
50,999,0,1,1.0,1.0
51,999,0,1,1.0,1.0
52,999,0,1,1.0,1.0
53,999,0,1,1.0,1.0
54,999,0,1,1.0,1.0
55,999,0,1,1.0,1.0
56,999,0,1,1.0,1.0
57,999,0,1,1.0,1.0
58,999,0,1,1.0,1.0
59,999,0,1,1.0,1.0
60,999,0,1,1.0,1.0
61,999,0,1,1.0,1.0
62,999,0,1,1.0,1.0
63,999,0,1,1.0,1.0
64,999,0,1,1.0,1.0
65,999,0,1,1.0,1.0
66,999,0,1,1.0,1.0
67,999,0,1,1.0,1.0
68,999,0,1,1.0,1.0
69,999,0,1,1.0,1.0
70,999,0,1,1.0,1.0
71,999,0,1,1.0,1.0
72,999,0,1,1.0,1.0
73,999,0,1,1.0,1.0
74,999,0,1,1.0,1.0
75,999,0,1,1.0,1.0
76,999,0,1,1.0,1.0
77,999,0,1,1.0,1.0
78,999,0,1,1.0,1.0
79,999,0,1,1.0,1.0
80,999,0,1,1.0,1.0
81,999,0,1,1.0,1.0
82,999,0,1,1.0,1.0
83,999,0,1,1.0,1.0
84,999,0,1,1.0,1.0
85,999,0,1,1.0,1.0
86,999,0,1,1.0,1.0
87,999,0,1,1.0,1.0
88,999,0,1,1.0,1.0
89,999,0,1,1.0,1.0
90,999,0,1,1.0,1.0
91,999,0,1,1.0,1.0
92,999,0,1,1.0,1.0
93,999,0,1,1.0,1.0
94,999,0,1,1.0,1.0
95,999,0,1,1.0,1.0
96,999,0,1,1.0,1.0
97,999,0,1,1.0,1.0
98,999,0,1,1.0,1.0
99,999,0,1,1.0,1.0
100,999,0,1,1.0,1.0
101,999,0,1,1.0,1.0
102,999,0,1,1.0,1.0
103,999,0,1,1.0,1.0
104,999,0,1,1.0,1.0
105,999,0,1,1.0,1.0
106,999,0,1,1.0,1.0
107,999,0,1,1.0,1.0
108,999,0,1,1.0,1.0
109,999,0,1,1.0,1.0
110,999,0,1,1.0,1.0
111,999,0,1,1.0,1.0
112,999,0,1,1.0,1.0
113,999,0,1,1.0,1.0
114,999,0,1,1.0,1.0
115,999,0,1,1.0,1.0
116,999,0,1,1.0,1.0
117,999,0,1,1.0,1.0
118,999,0,1,1.0,1.0
119,999,0,1,1.0,1.0
120,999,0,1,1.0,1.0
121,999,0,1,1.0,1.0
122,999,0,1,1.0,1.0
123,999,0,1,1.0,1.0
124,999,0,1,1.0,1.0
125,999,0,1,1.0,1.0
126,999,0,1,1.0,1.0
127,999,0,1,1.0,1.0
128,999,0,1,1.0,1.0
129,999,0,1,1.0,1.0
130,999,0,1,1.0,1.0
131,999,0,1,1.0,1.0
132,999,0,1,1.0,1.0
133,999,0,1,1.0,1.0
134,999,0,1,1.0,1.0
135,999,0,1,1.0,1.0
136,999,0,1,1.0,1.0
137,999,0,1,1.0,1.0
138,999,0,1,1.0,1.0
139,999,0,1,1.0,1.0
140,999,0,1,1.0,1.0
141,999,0,1,1.0,1.0
142,999,0,1,1.0,1.0
143,999,0,1,1.0,1.0
144,999,0,1,1.0,1.0
145,999,0,1,1.0,1.0
146,999,0,1,1.0,1.0
147,999,0,1,1.0,1.0
148,999,0,1,1.0,1.0
149,999,0,1,1.0,1.0
150,999,0,1,1.0,1.0
151,999,0,1,1.0,1.0
152,999,0,1,1.0,1.0
153,999,0,1,1.0,1.0
154,999,0,1,1.0,1.0
155,999,0,1,1.0,1.0
156,999,0,1,1.0,1.0
157,999,0,1,1.0,1.0
158,999,0,1,1.0,1.0
159,999,0,1,1.0,1.0
160,999,0,1,1.0,1.0
161,999,0,1,1.0,1.0
162,999,0,1,1.0,1.0
163,999,0,1,1.0,1.0
164,999,0,1,1.0,1.0
165,999,0,1,1.0,1.0
166,999,0,1,1.0,1.0
167,999,0,1,1.0,1.0
168,999,0,1,1.0,1.0
169,999,0,1,1.0,1.0
170,999,0,1,1.0,1.0
171,999,0,1,1.0,1.0
172,999,0,1,1.0,1.0
173,999,0,1,1.0,1.0
174,999,0,1,1.0,1.0
175,999,0,1,1.0,1.0
176,999,0,1,1.0,1.0
177,999,0,1,1.0,1.0
178,999,0,1,1.0,1.0
179,999,0,1,1.0,1.0
180,999,0,1,1.0,1.0
181,999,0,1,1.0,1.0
182,999,0,1,1.0,1.0
183,999,0,1,1.0,1.0
184,999,0,1,1.0,1.0
185,999,0,1,1.0,1.0
186,999,0,1,1.0,1.0
187,999,0,1,1.0,1.0
188,999,0,1,1.0,1.0
189,999,0,1,1.0,1.0
190,999,0,1,1.0,1.0
191,999,0,1,1.0,1.0
192,999,0,1,1.0,1.0
193,999,0,1,1.0,1.0
194,999,0,1,1.0,1.0
195,999,0,1,1.0,1.0
196,999,0,1,1.0,1.0
197,999,0,1,1.0,1.0
198,999,0,1,1.0,1.0
199,999,0,1,1.0,1.0
200,999,0,1,1.0,1.0
1,999,1,0,1.0,1.0
2,999,1,0,1.0,1.0
3,999,1,0,1.0,1.0
4,998,2,0,0.9995,0.999749498997996
5,998,2,0,0.9995,0.999749498997996
6,997,3,0,0.999,0.9994984954864594
7,996,4,0,0.9985,0.9992469879518072
8,996,4,0,0.9985,0.9992469879518072
9,995,5,0,0.9985,0.9992462311557789
10,994,6,0,0.998,0.9989939637826962
11,994,6,0,0.998,0.9989939637826962
12,994,6,0,0.998,0.9989939637826962
13,994,6,0,0.998,0.9989939637826962
14,994,6,0,0.998,0.9989939637826962
15,994,5,1,0.9985,0.9992454728370221
16,994,5,1,0.9985,0.9992454728370221
17,994,5,1,0.9985,0.9992454728370221
18,994,5,1,0.9985,0.9992454728370221
19,994,5,1,0.9985,0.9992454728370221
20,994,5,1,0.9985,0.9992454728370221
21,994,5,1,0.9985,0.9992454728370221
22,994,5,1,0.9985,0.9992454728370221
23,994,5,1,0.9985,0.9992454728370221
24,994,4,2,0.999,0.9994969818913481
25,993,5,2,0.9985,0.9992447129909365
26,992,6,2,0.998,0.998991935483871
27,992,6,2,0.998,0.998991935483871
28,991,7,2,0.9975,0.9987386478304743
29,991,5,4,0.999,0.9994954591321897
30,991,5,4,0.999,0.9994954591321897
31,990,6,4,0.9995,0.9997474747474747
32,989,7,4,0.9985,0.9992416582406471
33,989,7,4,0.9985,0.9992416582406471
34,989,7,4,0.9985,0.9992416582406471
35,988,7,5,0.9985,0.9992408906882592
36,988,6,6,0.999,0.9994939271255061
37,987,6,7,1.0,1.0
38,987,6,7,1.0,1.0
39,987,6,7,1.0,1.0
40,987,6,7,1.0,1.0
41,986,7,7,1.0,1.0
42,985,8,7,0.9995,0.999746192893401
43,985,8,7,0.9995,0.999746192893401
44,985,8,7,0.9995,0.999746192893401
45,985,8,7,0.9995,0.999746192893401
46,985,8,7,0.9995,0.999746192893401
47,985,8,7,0.9995,0.999746192893401
48,985,7,8,0.9995,0.999746192893401
49,985,7,8,0.9995,0.999746192893401
50,985,7,8,0.9995,0.999746192893401
51,985,7,8,0.9995,0.999746192893401
52,985,6,9,0.9995,0.999746192893401
53,985,5,10,0.9995,0.999746192893401
54,985,5,10,0.9995,0.999746192893401
55,985,5,10,0.9995,0.999746192893401
56,985,5,10,0.9995,0.999746192893401
57,984,6,10,0.9995,0.9997459349593496
58,983,6,11,0.9995,0.9997456765005086
59,983,6,11,0.9995,0.9997456765005086
60,983,5,12,0.9995,0.9997456765005086
61,983,5,12,0.9995,0.9997456765005086
62,983,5,12,0.9995,0.9997456765005086
63,983,5,12,0.9995,0.9997456765005086
64,983,5,12,0.9995,0.9997456765005086
65,983,5,12,0.9995,0.9997456765005086
66,983,4,13,1.0,1.0
67,982,4,14,1.0,1.0
68,982,4,14,1.0,1.0
69,981,5,14,0.9995,0.9997451580020388
70,981,5,14,0.9995,0.9997451580020388
71,981,5,14,0.9995,0.9997451580020388
72,981,5,14,0.9995,0.9997451580020388
73,980,6,14,0.999,0.9994897959183674
74,980,6,14,0.999,0.9994897959183674
75,980,6,14,0.999,0.9994897959183674
76,980,6,14,0.999,0.9994897959183674
77,980,6,14,0.999,0.9994897959183674
78,980,6,14,0.999,0.9994897959183674
79,978,7,15,0.999,0.9994887525562373
80,978,6,16,0.9995,0.9997443762781186
81,978,5,17,1.0,1.0
82,978,5,17,1.0,1.0
83,978,5,17,1.0,1.0
84,977,6,17,0.9995,0.9997441146366428
85,976,7,17,0.9995,0.9997438524590164
86,976,7,17,0.9995,0.9997438524590164
87,976,7,17,0.9995,0.9997438524590164
88,975,6,19,0.9995,0.9997435897435898
89,974,7,19,0.999,0.9994866529774127
90,974,7,19,0.999,0.9994866529774127
91,974,7,19,0.999,0.9994866529774127
92,973,8,19,0.9985,0.9992291880781089
93,973,8,19,0.9985,0.9992291880781089
94,973,7,20,0.999,0.9994861253854059
95,973,7,20,0.999,0.9994861253854059
96,973,7,20,0.999,0.9994861253854059
97,973,7,20,0.999,0.9994861253854059
98,973,7,20,0.999,0.9994861253854059
99,973,7,20,0.999,0.9994861253854059
100,973,7,20,0.999,0.9994861253854059
101,973,7,20,0.999,0.9994861253854059
102,973,6,21,0.9995,0.999743062692703
103,972,7,21,0.999,0.9994855967078189
104,971,8,21,1.0,1.0
105,971,8,21,1.0,1.0
106,970,9,21,1.0,1.0
107,970,9,21,1.0,1.0
108,970,8,22,1.0,1.0
109,970,6,24,1.0,1.0
110,970,6,24,1.0,1.0
111,970,5,25,1.0,1.0
112,970,5,25,1.0,1.0
113,970,5,25,1.0,1.0
114,970,5,25,1.0,1.0
115,970,5,25,1.0,1.0
116,970,5,25,1.0,1.0
117,970,5,25,1.0,1.0
118,970,5,25,1.0,1.0
119,970,5,25,1.0,1.0
120,970,4,26,1.0,1.0
121,970,4,26,1.0,1.0
122,970,4,26,1.0,1.0
123,970,4,26,1.0,1.0
124,970,4,26,1.0,1.0
125,970,3,27,1.0,1.0
126,970,3,27,1.0,1.0
127,970,3,27,1.0,1.0
128,970,3,27,1.0,1.0
129,970,2,28,1.0,1.0
130,969,3,28,1.0,1.0
131,969,3,28,1.0,1.0
132,969,2,29,1.0,1.0
133,969,2,29,1.0,1.0
134,969,2,29,1.0,1.0
135,969,2,29,1.0,1.0
136,969,2,29,1.0,1.0
137,969,2,29,1.0,1.0
138,969,2,29,1.0,1.0
139,969,2,29,1.0,1.0
140,969,2,29,1.0,1.0
141,969,2,29,1.0,1.0
142,969,2,29,1.0,1.0
143,969,2,29,1.0,1.0
144,969,2,29,1.0,1.0
145,969,2,29,1.0,1.0
146,969,1,30,1.0,1.0
147,969,1,30,1.0,1.0
148,969,1,30,1.0,1.0
149,969,1,30,1.0,1.0
150,969,1,30,1.0,1.0
151,969,1,30,1.0,1.0
152,969,1,30,1.0,1.0
153,969,0,31,1.0,1.0
154,969,0,31,1.0,1.0
155,969,0,31,1.0,1.0
156,969,0,31,1.0,1.0
157,969,0,31,1.0,1.0
158,969,0,31,1.0,1.0
159,969,0,31,1.0,1.0
160,969,0,31,1.0,1.0
161,969,0,31,1.0,1.0
162,969,0,31,1.0,1.0
163,969,0,31,1.0,1.0
164,969,0,31,1.0,1.0
165,969,0,31,1.0,1.0
166,969,0,31,1.0,1.0
167,969,0,31,1.0,1.0
168,969,0,31,1.0,1.0
169,969,0,31,1.0,1.0
170,969,0,31,1.0,1.0
171,969,0,31,1.0,1.0
172,969,0,31,1.0,1.0
173,969,0,31,1.0,1.0
174,969,0,31,1.0,1.0
175,969,0,31,1.0,1.0
176,969,0,31,1.0,1.0
177,969,0,31,1.0,1.0
178,969,0,31,1.0,1.0
179,969,0,31,1.0,1.0
180,969,0,31,1.0,1.0
181,969,0,31,1.0,1.0
182,969,0,31,1.0,1.0
183,969,0,31,1.0,1.0
184,969,0,31,1.0,1.0
185,969,0,31,1.0,1.0
186,969,0,31,1.0,1.0
187,969,0,31,1.0,1.0
188,969,0,31,1.0,1.0
189,969,0,31,1.0,1.0
190,969,0,31,1.0,1.0
191,969,0,31,1.0,1.0
192,969,0,31,1.0,1.0
193,969,0,31,1.0,1.0
194,969,0,31,1.0,1.0
195,969,0,31,1.0,1.0
196,969,0,31,1.0,1.0
197,969,0,31,1.0,1.0
198,969,0,31,1.0,1.0
199,969,0,31,1.0,1.0
200,969,0,31,1.0,1.0
1,999,1,0,1.0,1.0
2,999,1,0,1.0,1.0
3,998,2,0,0.999,0.999498997995992
4,998,2,0,0.999,0.999498997995992
5,997,3,0,0.999,0.9994984954864594
6,997,3,0,0.999,0.9994984954864594
7,997,3,0,0.999,0.9994984954864594
8,996,4,0,0.999,0.9994979919678715
9,996,4,0,0.999,0.9994979919678715
10,996,3,1,0.9995,0.9997489959839357
11,996,3,1,0.9995,0.9997489959839357
12,996,3,1,0.9995,0.9997489959839357
13,996,3,1,0.9995,0.9997489959839357
14,996,2,2,0.9995,0.9997489959839357
15,996,2,2,0.9995,0.9997489959839357
16,996,2,2,0.9995,0.9997489959839357
17,996,2,2,0.9995,0.9997489959839357
18,995,2,3,0.9995,0.999748743718593
19,995,2,3,0.9995,0.999748743718593
20,995,2,3,0.9995,0.999748743718593
21,995,2,3,0.9995,0.999748743718593
22,995,1,4,1.0,1.0
23,995,1,4,1.0,1.0
24,994,2,4,1.0,1.0
25,994,2,4,1.0,1.0
26,994,2,4,1.0,1.0
27,994,2,4,1.0,1.0
28,994,2,4,1.0,1.0
29,994,2,4,1.0,1.0
30,994,2,4,1.0,1.0
31,994,2,4,1.0,1.0
32,994,2,4,1.0,1.0
33,994,2,4,1.0,1.0
34,994,1,5,1.0,1.0
35,994,1,5,1.0,1.0
36,994,1,5,1.0,1.0
37,994,1,5,1.0,1.0
38,994,1,5,1.0,1.0
39,994,1,5,1.0,1.0
40,994,1,5,1.0,1.0
41,994,1,5,1.0,1.0
42,994,1,5,1.0,1.0
43,994,1,5,1.0,1.0
44,994,1,5,1.0,1.0
45,994,1,5,1.0,1.0
46,994,1,5,1.0,1.0
47,994,1,5,1.0,1.0
48,994,1,5,1.0,1.0
49,994,1,5,1.0,1.0
50,994,1,5,1.0,1.0
51,994,1,5,1.0,1.0
52,994,1,5,1.0,1.0
53,994,1,5,1.0,1.0
54,994,1,5,1.0,1.0
55,994,1,5,1.0,1.0
56,994,1,5,1.0,1.0
57,994,1,5,1.0,1.0
58,994,1,5,1.0,1.0
59,994,1,5,1.0,1.0
60,994,1,5,1.0,1.0
61,994,1,5,1.0,1.0
62,994,1,5,1.0,1.0
63,994,1,5,1.0,1.0
64,994,1,5,1.0,1.0
65,994,1,5,1.0,1.0
66,994,1,5,1.0,1.0
67,994,1,5,1.0,1.0
68,994,1,5,1.0,1.0
69,994,1,5,1.0,1.0
70,994,1,5,1.0,1.0
71,994,1,5,1.0,1.0
72,994,1,5,1.0,1.0
73,994,1,5,1.0,1.0
74,994,1,5,1.0,1.0
75,994,1,5,1.0,1.0
76,994,0,6,1.0,1.0
77,994,0,6,1.0,1.0
78,994,0,6,1.0,1.0
79,994,0,6,1.0,1.0
80,994,0,6,1.0,1.0
81,994,0,6,1.0,1.0
82,994,0,6,1.0,1.0
83,994,0,6,1.0,1.0
84,994,0,6,1.0,1.0
85,994,0,6,1.0,1.0
86,994,0,6,1.0,1.0
87,994,0,6,1.0,1.0
88,994,0,6,1.0,1.0
89,994,0,6,1.0,1.0
90,994,0,6,1.0,1.0
91,994,0,6,1.0,1.0
92,994,0,6,1.0,1.0
93,994,0,6,1.0,1.0
94,994,0,6,1.0,1.0
95,994,0,6,1.0,1.0
96,994,0,6,1.0,1.0
97,994,0,6,1.0,1.0
98,994,0,6,1.0,1.0
99,994,0,6,1.0,1.0
100,994,0,6,1.0,1.0
101,994,0,6,1.0,1.0
102,994,0,6,1.0,1.0
103,994,0,6,1.0,1.0
104,994,0,6,1.0,1.0
105,994,0,6,1.0,1.0
106,994,0,6,1.0,1.0
107,994,0,6,1.0,1.0
108,994,0,6,1.0,1.0
109,994,0,6,1.0,1.0
110,994,0,6,1.0,1.0
111,994,0,6,1.0,1.0
112,994,0,6,1.0,1.0
113,994,0,6,1.0,1.0
114,994,0,6,1.0,1.0
115,994,0,6,1.0,1.0
116,994,0,6,1.0,1.0
117,994,0,6,1.0,1.0
118,994,0,6,1.0,1.0
119,994,0,6,1.0,1.0
120,994,0,6,1.0,1.0
121,994,0,6,1.0,1.0
122,994,0,6,1.0,1.0
123,994,0,6,1.0,1.0
124,994,0,6,1.0,1.0
125,994,0,6,1.0,1.0
126,994,0,6,1.0,1.0
127,994,0,6,1.0,1.0
128,994,0,6,1.0,1.0
129,994,0,6,1.0,1.0
130,994,0,6,1.0,1.0
131,994,0,6,1.0,1.0
132,994,0,6,1.0,1.0
133,994,0,6,1.0,1.0
134,994,0,6,1.0,1.0
135,994,0,6,1.0,1.0
136,994,0,6,1.0,1.0
137,994,0,6,1.0,1.0
138,994,0,6,1.0,1.0
139,994,0,6,1.0,1.0
140,994,0,6,1.0,1.0
141,994,0,6,1.0,1.0
142,994,0,6,1.0,1.0
143,994,0,6,1.0,1.0
144,994,0,6,1.0,1.0
145,994,0,6,1.0,1.0
146,994,0,6,1.0,1.0
147,994,0,6,1.0,1.0
148,994,0,6,1.0,1.0
149,994,0,6,1.0,1.0
150,994,0,6,1.0,1.0
151,994,0,6,1.0,1.0
152,994,0,6,1.0,1.0
153,994,0,6,1.0,1.0
154,994,0,6,1.0,1.0
155,994,0,6,1.0,1.0
156,994,0,6,1.0,1.0
157,994,0,6,1.0,1.0
158,994,0,6,1.0,1.0
159,994,0,6,1.0,1.0
160,994,0,6,1.0,1.0
161,994,0,6,1.0,1.0
162,994,0,6,1.0,1.0
163,994,0,6,1.0,1.0
164,994,0,6,1.0,1.0
165,994,0,6,1.0,1.0
166,994,0,6,1.0,1.0
167,994,0,6,1.0,1.0
168,994,0,6,1.0,1.0
169,994,0,6,1.0,1.0
170,994,0,6,1.0,1.0
171,994,0,6,1.0,1.0
172,994,0,6,1.0,1.0
173,994,0,6,1.0,1.0
174,994,0,6,1.0,1.0
175,994,0,6,1.0,1.0
176,994,0,6,1.0,1.0
177,994,0,6,1.0,1.0
178,994,0,6,1.0,1.0
179,994,0,6,1.0,1.0
180,994,0,6,1.0,1.0
181,994,0,6,1.0,1.0
182,994,0,6,1.0,1.0
183,994,0,6,1.0,1.0
184,994,0,6,1.0,1.0
185,994,0,6,1.0,1.0
186,994,0,6,1.0,1.0
187,994,0,6,1.0,1.0
188,994,0,6,1.0,1.0
189,994,0,6,1.0,1.0
190,994,0,6,1.0,1.0
191,994,0,6,1.0,1.0
192,994,0,6,1.0,1.0
193,994,0,6,1.0,1.0
194,994,0,6,1.0,1.0
195,994,0,6,1.0,1.0
196,994,0,6,1.0,1.0
197,994,0,6,1.0,1.0
198,994,0,6,1.0,1.0
199,994,0,6,1.0,1.0
200,994,0,6,1.0,1.0
1,999,1,0,1.0,1.0
2,999,1,0,1.0,1.0
3,998,2,0,0.999,0.999498997995992
4,998,2,0,0.999,0.999498997995992
5,998,2,0,0.999,0.999498997995992
6,998,2,0,0.999,0.999498997995992
7,998,2,0,0.999,0.999498997995992
8,997,3,0,0.999,0.9994984954864594
9,996,3,1,0.9995,0.9997489959839357
10,995,4,1,0.999,0.9994974874371859
11,995,4,1,0.999,0.9994974874371859
12,995,4,1,0.999,0.9994974874371859
13,995,4,1,0.999,0.9994974874371859
14,995,4,1,0.999,0.9994974874371859
15,995,4,1,0.999,0.9994974874371859
16,994,4,2,0.999,0.9994969818913481
17,994,4,2,0.999,0.9994969818913481
18,994,4,2,0.999,0.9994969818913481
19,994,4,2,0.999,0.9994969818913481
20,994,3,3,0.9995,0.9997484909456741
21,993,4,3,1.0,1.0
22,992,4,4,1.0,1.0
23,992,4,4,1.0,1.0
24,992,4,4,1.0,1.0
25,991,5,4,0.9995,0.9997477295660948
26,991,5,4,0.9995,0.9997477295660948
27,991,5,4,0.9995,0.9997477295660948
28,991,5,4,0.9995,0.9997477295660948
29,991,5,4,0.9995,0.9997477295660948
30,991,4,5,0.9995,0.9997477295660948
31,991,4,5,0.9995,0.9997477295660948
32,991,4,5,0.9995,0.9997477295660948
33,991,4,5,0.9995,0.9997477295660948
34,991,4,5,0.9995,0.9997477295660948
35,991,4,5,0.9995,0.9997477295660948
36,991,3,6,0.9995,0.9997477295660948
37,991,3,6,0.9995,0.9997477295660948
38,991,3,6,0.9995,0.9997477295660948
39,991,3,6,0.9995,0.9997477295660948
40,991,3,6,0.9995,0.9997477295660948
41,991,3,6,0.9995,0.9997477295660948
42,991,3,6,0.9995,0.9997477295660948
43,991,3,6,0.9995,0.9997477295660948
44,991,2,7,1.0,1.0
45,991,2,7,1.0,1.0
46,991,2,7,1.0,1.0
47,991,2,7,1.0,1.0
48,991,2,7,1.0,1.0
49,991,2,7,1.0,1.0
50,991,2,7,1.0,1.0
51,991,2,7,1.0,1.0
52,991,1,8,1.0,1.0
53,991,1,8,1.0,1.0
54,991,1,8,1.0,1.0
55,991,1,8,1.0,1.0
56,991,1,8,1.0,1.0
57,991,1,8,1.0,1.0
58,991,1,8,1.0,1.0
59,991,1,8,1.0,1.0
60,991,1,8,1.0,1.0
61,991,1,8,1.0,1.0
62,991,1,8,1.0,1.0
63,991,1,8,1.0,1.0
64,991,1,8,1.0,1.0
65,991,1,8,1.0,1.0
66,991,1,8,1.0,1.0
67,991,1,8,1.0,1.0
68,991,1,8,1.0,1.0
69,991,1,8,1.0,1.0
70,991,1,8,1.0,1.0
71,991,1,8,1.0,1.0
72,991,1,8,1.0,1.0
73,991,1,8,1.0,1.0
74,991,1,8,1.0,1.0
75,991,1,8,1.0,1.0
76,991,1,8,1.0,1.0
77,991,1,8,1.0,1.0
78,991,1,8,1.0,1.0
79,991,1,8,1.0,1.0
80,991,1,8,1.0,1.0
81,991,1,8,1.0,1.0
82,991,1,8,1.0,1.0
83,991,1,8,1.0,1.0
84,991,1,8,1.0,1.0
85,991,1,8,1.0,1.0
86,991,1,8,1.0,1.0
87,991,1,8,1.0,1.0
88,991,1,8,1.0,1.0
89,991,1,8,1.0,1.0
90,991,1,8,1.0,1.0
91,991,1,8,1.0,1.0
92,991,1,8,1.0,1.0
93,991,1,8,1.0,1.0
94,991,1,8,1.0,1.0
95,991,1,8,1.0,1.0
96,991,1,8,1.0,1.0
97,991,1,8,1.0,1.0
98,991,1,8,1.0,1.0
99,991,1,8,1.0,1.0
100,991,1,8,1.0,1.0
101,991,1,8,1.0,1.0
102,991,1,8,1.0,1.0
103,991,1,8,1.0,1.0
104,991,1,8,1.0,1.0
105,991,1,8,1.0,1.0
106,991,1,8,1.0,1.0
107,991,1,8,1.0,1.0
108,991,1,8,1.0,1.0
109,991,1,8,1.0,1.0
110,991,1,8,1.0,1.0
111,991,1,8,1.0,1.0
112,991,1,8,1.0,1.0
113,991,1,8,1.0,1.0
114,991,1,8,1.0,1.0
115,991,1,8,1.0,1.0
116,991,1,8,1.0,1.0
117,991,1,8,1.0,1.0
118,991,1,8,1.0,1.0
119,991,1,8,1.0,1.0
120,991,1,8,1.0,1.0
121,991,1,8,1.0,1.0
122,991,1,8,1.0,1.0
123,991,1,8,1.0,1.0
124,991,1,8,1.0,1.0
125,991,1,8,1.0,1.0
126,991,1,8,1.0,1.0
127,991,1,8,1.0,1.0
128,991,1,8,1.0,1.0
129,991,1,8,1.0,1.0
130,991,1,8,1.0,1.0
131,991,1,8,1.0,1.0
132,991,1,8,1.0,1.0
133,991,1,8,1.0,1.0
134,991,1,8,1.0,1.0
135,991,0,9,1.0,1.0
136,991,0,9,1.0,1.0
137,991,0,9,1.0,1.0
138,991,0,9,1.0,1.0
139,991,0,9,1.0,1.0
140,991,0,9,1.0,1.0
141,991,0,9,1.0,1.0
142,991,0,9,1.0,1.0
143,991,0,9,1.0,1.0
144,991,0,9,1.0,1.0
145,991,0,9,1.0,1.0
146,991,0,9,1.0,1.0
147,991,0,9,1.0,1.0
148,991,0,9,1.0,1.0
149,991,0,9,1.0,1.0
150,991,0,9,1.0,1.0
151,991,0,9,1.0,1.0
152,991,0,9,1.0,1.0
153,991,0,9,1.0,1.0
154,991,0,9,1.0,1.0
155,991,0,9,1.0,1.0
156,991,0,9,1.0,1.0
157,991,0,9,1.0,1.0
158,991,0,9,1.0,1.0
159,991,0,9,1.0,1.0
160,991,0,9,1.0,1.0
161,991,0,9,1.0,1.0
162,991,0,9,1.0,1.0
163,991,0,9,1.0,1.0
164,991,0,9,1.0,1.0
165,991,0,9,1.0,1.0
166,991,0,9,1.0,1.0
167,991,0,9,1.0,1.0
168,991,0,9,1.0,1.0
169,991,0,9,1.0,1.0
170,991,0,9,1.0,1.0
171,991,0,9,1.0,1.0
172,991,0,9,1.0,1.0
173,991,0,9,1.0,1.0
174,991,0,9,1.0,1.0
175,991,0,9,1.0,1.0
176,991,0,9,1.0,1.0
177,991,0,9,1.0,1.0
178,991,0,9,1.0,1.0
179,991,0,9,1.0,1.0
180,991,0,9,1.0,1.0
181,991,0,9,1.0,1.0
182,991,0,9,1.0,1.0
183,991,0,9,1.0,1.0
184,991,0,9,1.0,1.0
185,991,0,9,1.0,1.0
186,991,0,9,1.0,1.0
187,991,0,9,1.0,1.0
188,991,0,9,1.0,1.0
189,991,0,9,1.0,1.0
190,991,0,9,1.0,1.0
191,991,0,9,1.0,1.0
192,991,0,9,1.0,1.0
193,991,0,9,1.0,1.0
194,991,0,9,1.0,1.0
195,991,0,9,1.0,1.0
196,991,0,9,1.0,1.0
197,991,0,9,1.0,1.0
198,991,0,9,1.0,1.0
199,991,0,9,1.0,1.0
200,991,0,9,1.0,1.0
1,999,1,0,1.0,1.0
2,998,2,0,0.9995,0.999749498997996
3,998,2,0,0.9995,0.999749498997996
4,998,2,0,0.9995,0.999749498997996
5,997,3,0,0.999,0.9994984954864594
6,997,3,0,0.999,0.9994984954864594
7,997,2,1,1.0,1.0
8,997,2,1,1.0,1.0
9,997,2,1,1.0,1.0
10,997,2,1,1.0,1.0
11,997,2,1,1.0,1.0
12,997,2,1,1.0,1.0
13,997,2,1,1.0,1.0
14,997,2,1,1.0,1.0
15,996,3,1,0.9995,0.9997489959839357
16,996,3,1,0.9995,0.9997489959839357
17,996,3,1,0.9995,0.9997489959839357
18,996,3,1,0.9995,0.9997489959839357
19,996,3,1,0.9995,0.9997489959839357
20,994,3,3,0.999,0.9994969818913481
21,994,3,3,0.999,0.9994969818913481
22,994,3,3,0.999,0.9994969818913481
23,994,3,3,0.999,0.9994969818913481
24,994,3,3,0.999,0.9994969818913481
25,994,3,3,0.999,0.9994969818913481
26,994,3,3,0.999,0.9994969818913481
27,994,3,3,0.999,0.9994969818913481
28,993,4,3,0.999,0.999496475327291
29,993,3,4,0.9995,0.9997482376636455
30,993,3,4,0.9995,0.9997482376636455
31,993,3,4,0.9995,0.9997482376636455
32,992,4,4,0.999,0.9994959677419355
33,992,4,4,0.999,0.9994959677419355
34,992,4,4,0.999,0.9994959677419355
35,992,4,4,0.999,0.9994959677419355
36,991,5,4,0.999,0.9994954591321897
37,991,5,4,0.999,0.9994954591321897
38,991,5,4,0.999,0.9994954591321897
39,991,5,4,0.999,0.9994954591321897
40,991,5,4,0.999,0.9994954591321897
41,991,5,4,0.999,0.9994954591321897
42,991,5,4,0.999,0.9994954591321897
43,991,5,4,0.999,0.9994954591321897
44,991,5,4,0.999,0.9994954591321897
45,991,5,4,0.999,0.9994954591321897
46,991,5,4,0.999,0.9994954591321897
47,991,4,5,0.999,0.9994954591321897
48,991,4,5,0.999,0.9994954591321897
49,990,4,6,0.9995,0.9997474747474747
50,990,4,6,0.9995,0.9997474747474747
51,990,4,6,0.9995,0.9997474747474747
52,990,4,6,0.9995,0.9997474747474747
53,990,3,7,1.0,1.0
54,990,3,7,1.0,1.0
55,988,5,7,0.999,0.9994939271255061
56,988,5,7,0.999,0.9994939271255061
57,988,4,8,0.9995,0.999746963562753
58,988,4,8,0.9995,0.999746963562753
59,988,4,8,0.9995,0.999746963562753
60,988,4,8,0.9995,0.999746963562753
61,988,4,8,0.9995,0.999746963562753
62,988,4,8,0.9995,0.999746963562753
63,988,3,9,1.0,1.0
64,988,3,9,1.0,1.0
65,988,3,9,1.0,1.0
66,988,3,9,1.0,1.0
67,988,2,10,1.0,1.0
68,988,2,10,1.0,1.0
69,988,2,10,1.0,1.0
70,988,2,10,1.0,1.0
71,988,2,10,1.0,1.0
72,988,2,10,1.0,1.0
73,988,2,10,1.0,1.0
74,988,2,10,1.0,1.0
75,988,2,10,1.0,1.0
76,988,2,10,1.0,1.0
77,988,1,11,1.0,1.0
78,988,1,11,1.0,1.0
79,988,1,11,1.0,1.0
80,988,1,11,1.0,1.0
81,988,1,11,1.0,1.0
82,988,1,11,1.0,1.0
83,988,1,11,1.0,1.0
84,988,1,11,1.0,1.0
85,988,1,11,1.0,1.0
86,988,1,11,1.0,1.0
87,988,1,11,1.0,1.0
88,988,1,11,1.0,1.0
89,988,1,11,1.0,1.0
90,988,1,11,1.0,1.0
91,987,2,11,1.0,1.0
92,987,2,11,1.0,1.0
93,987,2,11,1.0,1.0
94,987,2,11,1.0,1.0
95,987,2,11,1.0,1.0
96,987,2,11,1.0,1.0
97,987,2,11,1.0,1.0
98,987,2,11,1.0,1.0
99,987,2,11,1.0,1.0
100,987,2,11,1.0,1.0
101,987,2,11,1.0,1.0
102,987,2,11,1.0,1.0
103,987,1,12,1.0,1.0
104,987,1,12,1.0,1.0
105,987,1,12,1.0,1.0
106,987,1,12,1.0,1.0
107,987,1,12,1.0,1.0
108,987,1,12,1.0,1.0
109,987,1,12,1.0,1.0
110,987,1,12,1.0,1.0
111,987,1,12,1.0,1.0
112,987,1,12,1.0,1.0
113,987,1,12,1.0,1.0
114,987,1,12,1.0,1.0
115,987,1,12,1.0,1.0
116,987,1,12,1.0,1.0
117,987,1,12,1.0,1.0
118,987,1,12,1.0,1.0
119,987,1,12,1.0,1.0
120,987,1,12,1.0,1.0
121,987,1,12,1.0,1.0
122,987,1,12,1.0,1.0
123,987,1,12,1.0,1.0
124,987,1,12,1.0,1.0
125,987,1,12,1.0,1.0
126,987,1,12,1.0,1.0
127,987,0,13,1.0,1.0
128,987,0,13,1.0,1.0
129,987,0,13,1.0,1.0
130,987,0,13,1.0,1.0
131,987,0,13,1.0,1.0
132,987,0,13,1.0,1.0
133,987,0,13,1.0,1.0
134,987,0,13,1.0,1.0
135,987,0,13,1.0,1.0
136,987,0,13,1.0,1.0
137,987,0,13,1.0,1.0
138,987,0,13,1.0,1.0
139,987,0,13,1.0,1.0
140,987,0,13,1.0,1.0
141,987,0,13,1.0,1.0
142,987,0,13,1.0,1.0
143,987,0,13,1.0,1.0
144,987,0,13,1.0,1.0
145,987,0,13,1.0,1.0
146,987,0,13,1.0,1.0
147,987,0,13,1.0,1.0
148,987,0,13,1.0,1.0
149,987,0,13,1.0,1.0
150,987,0,13,1.0,1.0
151,987,0,13,1.0,1.0
152,987,0,13,1.0,1.0
153,987,0,13,1.0,1.0
154,987,0,13,1.0,1.0
155,987,0,13,1.0,1.0
156,987,0,13,1.0,1.0
157,987,0,13,1.0,1.0
158,987,0,13,1.0,1.0
159,987,0,13,1.0,1.0
160,987,0,13,1.0,1.0
161,987,0,13,1.0,1.0
162,987,0,13,1.0,1.0
163,987,0,13,1.0,1.0
164,987,0,13,1.0,1.0
165,987,0,13,1.0,1.0
166,987,0,13,1.0,1.0
167,987,0,13,1.0,1.0
168,987,0,13,1.0,1.0
169,987,0,13,1.0,1.0
170,987,0,13,1.0,1.0
171,987,0,13,1.0,1.0
172,987,0,13,1.0,1.0
173,987,0,13,1.0,1.0
174,987,0,13,1.0,1.0
175,987,0,13,1.0,1.0
176,987,0,13,1.0,1.0
177,987,0,13,1.0,1.0
178,987,0,13,1.0,1.0
179,987,0,13,1.0,1.0
180,987,0,13,1.0,1.0
181,987,0,13,1.0,1.0
182,987,0,13,1.0,1.0
183,987,0,13,1.0,1.0
184,987,0,13,1.0,1.0
185,987,0,13,1.0,1.0
186,987,0,13,1.0,1.0
187,987,0,13,1.0,1.0
188,987,0,13,1.0,1.0
189,987,0,13,1.0,1.0
190,987,0,13,1.0,1.0
191,987,0,13,1.0,1.0
192,987,0,13,1.0,1.0
193,987,0,13,1.0,1.0
194,987,0,13,1.0,1.0
195,987,0,13,1.0,1.0
196,987,0,13,1.0,1.0
197,987,0,13,1.0,1.0
198,987,0,13,1.0,1.0
199,987,0,13,1.0,1.0
200,987,0,13,1.0,1.0
1,999,1,0,1.0,1.0
2,999,1,0,1.0,1.0
3,999,1,0,1.0,1.0
4,999,1,0,1.0,1.0
5,999,1,0,1.0,1.0
6,999,1,0,1.0,1.0
7,999,1,0,1.0,1.0
8,999,1,0,1.0,1.0
9,999,1,0,1.0,1.0
10,998,2,0,0.9995,0.999749498997996
11,997,3,0,0.999,0.9994984954864594
12,997,3,0,0.999,0.9994984954864594
13,997,2,1,0.9995,0.9997492477432297
14,997,2,1,0.9995,0.9997492477432297
15,997,2,1,0.9995,0.9997492477432297
16,997,2,1,0.9995,0.9997492477432297
17,997,2,1,0.9995,0.9997492477432297
18,997,2,1,0.9995,0.9997492477432297
19,997,2,1,0.9995,0.9997492477432297
20,997,2,1,0.9995,0.9997492477432297
21,997,2,1,0.9995,0.9997492477432297
22,997,2,1,0.9995,0.9997492477432297
23,997,2,1,0.9995,0.9997492477432297
24,997,2,1,0.9995,0.9997492477432297
25,996,3,1,0.999,0.9994979919678715
26,995,4,1,0.9985,0.9992462311557789
27,995,3,2,0.999,0.9994974874371859
28,995,3,2,0.999,0.9994974874371859
29,995,2,3,0.9995,0.999748743718593
30,995,2,3,0.9995,0.999748743718593
31,995,2,3,0.9995,0.999748743718593
32,995,2,3,0.9995,0.999748743718593
33,995,2,3,0.9995,0.999748743718593
34,995,2,3,0.9995,0.999748743718593
35,995,2,3,0.9995,0.999748743718593
36,994,3,3,0.9995,0.9997484909456741
37,994,3,3,0.9995,0.9997484909456741
38,994,3,3,0.9995,0.9997484909456741
39,994,3,3,0.9995,0.9997484909456741
40,994,3,3,0.9995,0.9997484909456741
41,993,4,3,0.9995,0.9997482376636455
42,993,3,4,0.9995,0.9997482376636455
43,993,3,4,0.9995,0.9997482376636455
44,993,3,4,0.9995,0.9997482376636455
45,993,3,4,0.9995,0.9997482376636455
46,993,2,5,0.9995,0.9997482376636455
47,993,1,6,1.0,1.0
48,993,1,6,1.0,1.0
49,993,1,6,1.0,1.0
50,993,1,6,1.0,1.0
51,993,1,6,1.0,1.0
52,993,1,6,1.0,1.0
53,993,1,6,1.0,1.0
54,993,1,6,1.0,1.0
55,993,1,6,1.0,1.0
56,992,2,6,1.0,1.0
57,992,2,6,1.0,1.0
58,992,2,6,1.0,1.0
59,992,2,6,1.0,1.0
60,992,1,7,1.0,1.0
61,992,1,7,1.0,1.0
62,992,1,7,1.0,1.0
63,991,1,8,1.0,1.0
64,991,1,8,1.0,1.0
65,991,1,8,1.0,1.0
66,991,1,8,1.0,1.0
67,991,1,8,1.0,1.0
68,991,1,8,1.0,1.0
69,991,1,8,1.0,1.0
70,991,1,8,1.0,1.0
71,991,1,8,1.0,1.0
72,991,1,8,1.0,1.0
73,991,1,8,1.0,1.0
74,991,1,8,1.0,1.0
75,991,1,8,1.0,1.0
76,991,1,8,1.0,1.0
77,991,1,8,1.0,1.0
78,991,1,8,1.0,1.0
79,991,1,8,1.0,1.0
80,991,1,8,1.0,1.0
81,991,1,8,1.0,1.0
82,991,1,8,1.0,1.0
83,991,1,8,1.0,1.0
84,991,1,8,1.0,1.0
85,991,1,8,1.0,1.0
86,991,1,8,1.0,1.0
87,991,1,8,1.0,1.0
88,991,1,8,1.0,1.0
89,991,1,8,1.0,1.0
90,991,1,8,1.0,1.0
91,991,1,8,1.0,1.0
92,991,1,8,1.0,1.0
93,991,1,8,1.0,1.0
94,991,1,8,1.0,1.0
95,991,1,8,1.0,1.0
96,991,1,8,1.0,1.0
97,991,1,8,1.0,1.0
98,991,1,8,1.0,1.0
99,991,1,8,1.0,1.0
100,991,1,8,1.0,1.0
101,991,1,8,1.0,1.0
102,991,1,8,1.0,1.0
103,991,1,8,1.0,1.0
104,991,1,8,1.0,1.0
105,991,1,8,1.0,1.0
106,991,1,8,1.0,1.0
107,991,1,8,1.0,1.0
108,991,1,8,1.0,1.0
109,991,1,8,1.0,1.0
110,991,1,8,1.0,1.0
111,991,1,8,1.0,1.0
112,991,1,8,1.0,1.0
113,991,1,8,1.0,1.0
114,991,1,8,1.0,1.0
115,991,1,8,1.0,1.0
116,991,0,9,1.0,1.0
117,991,0,9,1.0,1.0
118,991,0,9,1.0,1.0
119,991,0,9,1.0,1.0
120,991,0,9,1.0,1.0
121,991,0,9,1.0,1.0
122,991,0,9,1.0,1.0
123,991,0,9,1.0,1.0
124,991,0,9,1.0,1.0
125,991,0,9,1.0,1.0
126,991,0,9,1.0,1.0
127,991,0,9,1.0,1.0
128,991,0,9,1.0,1.0
129,991,0,9,1.0,1.0
130,991,0,9,1.0,1.0
131,991,0,9,1.0,1.0
132,991,0,9,1.0,1.0
133,991,0,9,1.0,1.0
134,991,0,9,1.0,1.0
135,991,0,9,1.0,1.0
136,991,0,9,1.0,1.0
137,991,0,9,1.0,1.0
138,991,0,9,1.0,1.0
139,991,0,9,1.0,1.0
140,991,0,9,1.0,1.0
141,991,0,9,1.0,1.0
142,991,0,9,1.0,1.0
143,991,0,9,1.0,1.0
144,991,0,9,1.0,1.0
145,991,0,9,1.0,1.0
146,991,0,9,1.0,1.0
147,991,0,9,1.0,1.0
148,991,0,9,1.0,1.0
149,991,0,9,1.0,1.0
150,991,0,9,1.0,1.0
151,991,0,9,1.0,1.0
152,991,0,9,1.0,1.0
153,991,0,9,1.0,1.0
154,991,0,9,1.0,1.0
155,991,0,9,1.0,1.0
156,991,0,9,1.0,1.0
157,991,0,9,1.0,1.0
158,991,0,9,1.0,1.0
159,991,0,9,1.0,1.0
160,991,0,9,1.0,1.0
161,991,0,9,1.0,1.0
162,991,0,9,1.0,1.0
163,991,0,9,1.0,1.0
164,991,0,9,1.0,1.0
165,991,0,9,1.0,1.0
166,991,0,9,1.0,1.0
167,991,0,9,1.0,1.0
168,991,0,9,1.0,1.0
169,991,0,9,1.0,1.0
170,991,0,9,1.0,1.0
171,991,0,9,1.0,1.0
172,991,0,9,1.0,1.0
173,991,0,9,1.0,1.0
174,991,0,9,1.0,1.0
175,991,0,9,1.0,1.0
176,991,0,9,1.0,1.0
177,991,0,9,1.0,1.0
178,991,0,9,1.0,1.0
179,991,0,9,1.0,1.0
180,991,0,9,1.0,1.0
181,991,0,9,1.0,1.0
182,991,0,9,1.0,1.0
183,991,0,9,1.0,1.0
184,991,0,9,1.0,1.0
185,991,0,9,1.0,1.0
186,991,0,9,1.0,1.0
187,991,0,9,1.0,1.0
188,991,0,9,1.0,1.0
189,991,0,9,1.0,1.0
190,991,0,9,1.0,1.0
191,991,0,9,1.0,1.0
192,991,0,9,1.0,1.0
193,991,0,9,1.0,1.0
194,991,0,9,1.0,1.0
195,991,0,9,1.0,1.0
196,991,0,9,1.0,1.0
197,991,0,9,1.0,1.0
198,991,0,9,1.0,1.0
199,991,0,9,1.0,1.0
200,991,0,9,1.0,1.0
1,999,1,0,1.0,1.0
2,999,1,0,1.0,1.0
3,999,1,0,1.0,1.0
4,999,1,0,1.0,1.0
5,999,1,0,1.0,1.0
6,998,2,0,0.9995,0.999749498997996
7,998,2,0,0.9995,0.999749498997996
8,997,3,0,0.9985,0.9992477432296891
9,997,2,1,0.9995,0.9997492477432297
10,997,2,1,0.9995,0.9997492477432297
11,997,2,1,0.9995,0.9997492477432297
12,997,2,1,0.9995,0.9997492477432297
13,997,2,1,0.9995,0.9997492477432297
14,996,3,1,0.999,0.9994979919678715
15,996,3,1,0.999,0.9994979919678715
16,996,3,1,0.999,0.9994979919678715
17,995,4,1,0.9985,0.9992462311557789
18,995,4,1,0.9985,0.9992462311557789
19,995,3,2,0.999,0.9994974874371859
20,995,3,2,0.999,0.9994974874371859
21,995,3,2,0.999,0.9994974874371859
22,995,3,2,0.999,0.9994974874371859
23,995,3,2,0.999,0.9994974874371859
24,995,3,2,0.999,0.9994974874371859
25,994,3,3,0.999,0.9994969818913481
26,994,3,3,0.999,0.9994969818913481
27,994,2,4,0.9995,0.9997484909456741
28,994,2,4,0.9995,0.9997484909456741
29,994,2,4,0.9995,0.9997484909456741
30,994,2,4,0.9995,0.9997484909456741
31,993,3,4,0.999,0.999496475327291
32,993,3,4,0.999,0.999496475327291
33,993,3,4,0.999,0.999496475327291
34,992,4,4,1.0,1.0
35,992,4,4,1.0,1.0
36,992,4,4,1.0,1.0
37,992,4,4,1.0,1.0
38,992,4,4,1.0,1.0
39,992,3,5,1.0,1.0
40,992,3,5,1.0,1.0
41,992,3,5,1.0,1.0
42,992,3,5,1.0,1.0
43,992,3,5,1.0,1.0
44,992,3,5,1.0,1.0
45,992,2,6,1.0,1.0
46,992,2,6,1.0,1.0
47,991,3,6,1.0,1.0
48,991,3,6,1.0,1.0
49,991,3,6,1.0,1.0
50,991,3,6,1.0,1.0
51,991,3,6,1.0,1.0
52,991,3,6,1.0,1.0
53,991,3,6,1.0,1.0
54,991,3,6,1.0,1.0
55,991,3,6,1.0,1.0
56,991,2,7,1.0,1.0
57,991,2,7,1.0,1.0
58,991,2,7,1.0,1.0
59,991,1,8,1.0,1.0
60,991,1,8,1.0,1.0
61,991,1,8,1.0,1.0
62,991,1,8,1.0,1.0
63,991,1,8,1.0,1.0
64,991,1,8,1.0,1.0
65,991,1,8,1.0,1.0
66,991,1,8,1.0,1.0
67,991,1,8,1.0,1.0
68,991,1,8,1.0,1.0
69,991,0,9,1.0,1.0
70,991,0,9,1.0,1.0
71,991,0,9,1.0,1.0
72,991,0,9,1.0,1.0
73,991,0,9,1.0,1.0
74,991,0,9,1.0,1.0
75,991,0,9,1.0,1.0
76,991,0,9,1.0,1.0
77,991,0,9,1.0,1.0
78,991,0,9,1.0,1.0
79,991,0,9,1.0,1.0
80,991,0,9,1.0,1.0
81,991,0,9,1.0,1.0
82,991,0,9,1.0,1.0
83,991,0,9,1.0,1.0
84,991,0,9,1.0,1.0
85,991,0,9,1.0,1.0
86,991,0,9,1.0,1.0
87,991,0,9,1.0,1.0
88,991,0,9,1.0,1.0
89,991,0,9,1.0,1.0
90,991,0,9,1.0,1.0
91,991,0,9,1.0,1.0
92,991,0,9,1.0,1.0
93,991,0,9,1.0,1.0
94,991,0,9,1.0,1.0
95,991,0,9,1.0,1.0
96,991,0,9,1.0,1.0
97,991,0,9,1.0,1.0
98,991,0,9,1.0,1.0
99,991,0,9,1.0,1.0
100,991,0,9,1.0,1.0
101,991,0,9,1.0,1.0
102,991,0,9,1.0,1.0
103,991,0,9,1.0,1.0
104,991,0,9,1.0,1.0
105,991,0,9,1.0,1.0
106,991,0,9,1.0,1.0
107,991,0,9,1.0,1.0
108,991,0,9,1.0,1.0
109,991,0,9,1.0,1.0
110,991,0,9,1.0,1.0
111,991,0,9,1.0,1.0
112,991,0,9,1.0,1.0
113,991,0,9,1.0,1.0
114,991,0,9,1.0,1.0
115,991,0,9,1.0,1.0
116,991,0,9,1.0,1.0
117,991,0,9,1.0,1.0
118,991,0,9,1.0,1.0
119,991,0,9,1.0,1.0
120,991,0,9,1.0,1.0
121,991,0,9,1.0,1.0
122,991,0,9,1.0,1.0
123,991,0,9,1.0,1.0
124,991,0,9,1.0,1.0
125,991,0,9,1.0,1.0
126,991,0,9,1.0,1.0
127,991,0,9,1.0,1.0
128,991,0,9,1.0,1.0
129,991,0,9,1.0,1.0
130,991,0,9,1.0,1.0
131,991,0,9,1.0,1.0
132,991,0,9,1.0,1.0
133,991,0,9,1.0,1.0
134,991,0,9,1.0,1.0
135,991,0,9,1.0,1.0
136,991,0,9,1.0,1.0
137,991,0,9,1.0,1.0
138,991,0,9,1.0,1.0
139,991,0,9,1.0,1.0
140,991,0,9,1.0,1.0
141,991,0,9,1.0,1.0
142,991,0,9,1.0,1.0
143,991,0,9,1.0,1.0
144,991,0,9,1.0,1.0
145,991,0,9,1.0,1.0
146,991,0,9,1.0,1.0
147,991,0,9,1.0,1.0
148,991,0,9,1.0,1.0
149,991,0,9,1.0,1.0
150,991,0,9,1.0,1.0
151,991,0,9,1.0,1.0
152,991,0,9,1.0,1.0
153,991,0,9,1.0,1.0
154,991,0,9,1.0,1.0
155,991,0,9,1.0,1.0
156,991,0,9,1.0,1.0
157,991,0,9,1.0,1.0
158,991,0,9,1.0,1.0
159,991,0,9,1.0,1.0
160,991,0,9,1.0,1.0
161,991,0,9,1.0,1.0
162,991,0,9,1.0,1.0
163,991,0,9,1.0,1.0
164,991,0,9,1.0,1.0
165,991,0,9,1.0,1.0
166,991,0,9,1.0,1.0
167,991,0,9,1.0,1.0
168,991,0,9,1.0,1.0
169,991,0,9,1.0,1.0
170,991,0,9,1.0,1.0
171,991,0,9,1.0,1.0
172,991,0,9,1.0,1.0
173,991,0,9,1.0,1.0
174,991,0,9,1.0,1.0
175,991,0,9,1.0,1.0
176,991,0,9,1.0,1.0
177,991,0,9,1.0,1.0
178,991,0,9,1.0,1.0
179,991,0,9,1.0,1.0
180,991,0,9,1.0,1.0
181,991,0,9,1.0,1.0
182,991,0,9,1.0,1.0
183,991,0,9,1.0,1.0
184,991,0,9,1.0,1.0
185,991,0,9,1.0,1.0
186,991,0,9,1.0,1.0
187,991,0,9,1.0,1.0
188,991,0,9,1.0,1.0
189,991,0,9,1.0,1.0
190,991,0,9,1.0,1.0
191,991,0,9,1.0,1.0
192,991,0,9,1.0,1.0
193,991,0,9,1.0,1.0
194,991,0,9,1.0,1.0
195,991,0,9,1.0,1.0
196,991,0,9,1.0,1.0
197,991,0,9,1.0,1.0
198,991,0,9,1.0,1.0
199,991,0,9,1.0,1.0
200,991,0,9,1.0,1.0
1,999,1,0,1.0,1.0
2,998,2,0,0.9995,0.999749498997996
3,998,2,0,0.9995,0.999749498997996
4,998,2,0,0.9995,0.999749498997996
5,997,3,0,0.999,0.9994984954864594
6,997,3,0,0.999,0.9994984954864594
7,997,3,0,0.999,0.9994984954864594
8,997,3,0,0.999,0.9994984954864594
9,997,3,0,0.999,0.9994984954864594
10,997,3,0,0.999,0.9994984954864594
11,997,3,0,0.999,0.9994984954864594
12,997,3,0,0.999,0.9994984954864594
13,997,2,1,0.9995,0.9997492477432297
14,995,4,1,0.9985,0.9992462311557789
15,994,5,1,0.9985,0.9992454728370221
16,993,6,1,0.998,0.998992950654582
17,993,6,1,0.998,0.998992950654582
18,993,6,1,0.998,0.998992950654582
19,993,5,2,0.999,0.999496475327291
20,993,5,2,0.999,0.999496475327291
21,993,5,2,0.999,0.999496475327291
22,993,5,2,0.999,0.999496475327291
23,992,6,2,0.998,0.998991935483871
24,991,7,2,0.998,0.9989909182643795
25,990,8,2,0.9975,0.9987373737373737
26,989,9,2,0.997,0.9984833164812943
27,987,10,3,0.9975,0.9987335359675785
28,987,9,4,0.9975,0.9987335359675785
29,987,8,5,0.998,0.9989868287740629
30,987,8,5,0.998,0.9989868287740629
31,987,8,5,0.998,0.9989868287740629
32,987,8,5,0.998,0.9989868287740629
33,986,8,6,0.9985,0.9992393509127789
34,984,10,6,0.9975,0.998729674796748
35,984,9,7,0.998,0.9989837398373984
36,984,9,7,0.998,0.9989837398373984
37,983,8,9,0.999,0.9994913530010173
38,983,8,9,0.999,0.9994913530010173
39,983,8,9,0.999,0.9994913530010173
40,983,8,9,0.999,0.9994913530010173
41,983,7,10,0.9995,0.9997456765005086
42,983,7,10,0.9995,0.9997456765005086
43,983,7,10,0.9995,0.9997456765005086
44,980,10,10,0.999,0.9994897959183674
45,978,12,10,0.9985,0.9992331288343558
46,978,12,10,0.9985,0.9992331288343558
47,978,12,10,0.9985,0.9992331288343558
48,978,10,12,0.9995,0.9997443762781186
49,977,10,13,0.9995,0.9997441146366428
50,976,11,13,0.9995,0.9997438524590164
51,975,12,13,0.999,0.9994871794871795
52,975,10,15,0.999,0.9994871794871795
53,975,10,15,0.999,0.9994871794871795
54,975,10,15,0.999,0.9994871794871795
55,974,11,15,0.9985,0.9992299794661191
56,974,11,15,0.9985,0.9992299794661191
57,974,11,15,0.9985,0.9992299794661191
58,974,11,15,0.9985,0.9992299794661191
59,974,10,16,0.9985,0.9992299794661191
60,973,11,16,0.998,0.998972250770812
61,973,11,16,0.998,0.998972250770812
62,973,9,18,0.999,0.9994861253854059
63,973,9,18,0.999,0.9994861253854059
64,972,10,18,0.9985,0.9992283950617284
65,972,10,18,0.9985,0.9992283950617284
66,972,9,19,0.9985,0.9992283950617284
67,971,9,20,0.9995,0.9997425334706488
68,970,10,20,0.9995,0.9997422680412371
69,968,11,21,0.999,0.9994834710743802
70,968,11,21,0.999,0.9994834710743802
71,968,11,21,0.999,0.9994834710743802
72,968,11,21,0.999,0.9994834710743802
73,968,11,21,0.999,0.9994834710743802
74,968,10,22,0.999,0.9994834710743802
75,968,10,22,0.999,0.9994834710743802
76,967,11,22,0.9995,0.999741468459152
77,967,11,22,0.9995,0.999741468459152
78,967,11,22,0.9995,0.999741468459152
79,967,11,22,0.9995,0.999741468459152
80,967,11,22,0.9995,0.999741468459152
81,967,11,22,0.9995,0.999741468459152
82,967,10,23,0.9995,0.999741468459152
83,967,10,23,0.9995,0.999741468459152
84,967,10,23,0.9995,0.999741468459152
85,967,10,23,0.9995,0.999741468459152
86,967,10,23,0.9995,0.999741468459152
87,967,10,23,0.9995,0.999741468459152
88,967,10,23,0.9995,0.999741468459152
89,967,10,23,0.9995,0.999741468459152
90,967,8,25,0.9995,0.999741468459152
91,967,7,26,0.9995,0.999741468459152
92,967,7,26,0.9995,0.999741468459152
93,967,7,26,0.9995,0.999741468459152
94,967,7,26,0.9995,0.999741468459152
95,967,7,26,0.9995,0.999741468459152
96,967,6,27,0.9995,0.999741468459152
97,967,6,27,0.9995,0.999741468459152
98,967,6,27,0.9995,0.999741468459152
99,967,6,27,0.9995,0.999741468459152
100,967,6,27,0.9995,0.999741468459152
101,967,5,28,0.9995,0.999741468459152
102,967,5,28,0.9995,0.999741468459152
103,967,5,28,0.9995,0.999741468459152
104,967,5,28,0.9995,0.999741468459152
105,967,5,28,0.9995,0.999741468459152
106,967,5,28,0.9995,0.999741468459152
107,967,5,28,0.9995,0.999741468459152
108,967,5,28,0.9995,0.999741468459152
109,967,5,28,0.9995,0.999741468459152
110,967,5,28,0.9995,0.999741468459152
111,967,5,28,0.9995,0.999741468459152
112,967,5,28,0.9995,0.999741468459152
113,967,5,28,0.9995,0.999741468459152
114,967,5,28,0.9995,0.999741468459152
115,967,5,28,0.9995,0.999741468459152
116,967,5,28,0.9995,0.999741468459152
117,967,5,28,0.9995,0.999741468459152
118,967,5,28,0.9995,0.999741468459152
119,967,4,29,0.9995,0.999741468459152
120,967,3,30,0.9995,0.999741468459152
121,967,3,30,0.9995,0.999741468459152
122,967,2,31,0.9995,0.999741468459152
123,967,2,31,0.9995,0.999741468459152
124,967,2,31,0.9995,0.999741468459152
125,967,2,31,0.9995,0.999741468459152
126,967,1,32,1.0,1.0
127,967,1,32,1.0,1.0
128,967,1,32,1.0,1.0
129,967,1,32,1.0,1.0
130,967,1,32,1.0,1.0
131,967,1,32,1.0,1.0
132,967,1,32,1.0,1.0
133,967,1,32,1.0,1.0
134,967,1,32,1.0,1.0
135,967,1,32,1.0,1.0
136,967,1,32,1.0,1.0
137,967,1,32,1.0,1.0
138,967,1,32,1.0,1.0
139,967,1,32,1.0,1.0
140,967,1,32,1.0,1.0
141,967,1,32,1.0,1.0
142,967,1,32,1.0,1.0
143,967,1,32,1.0,1.0
144,967,1,32,1.0,1.0
145,967,1,32,1.0,1.0
146,967,1,32,1.0,1.0
147,967,1,32,1.0,1.0
148,967,1,32,1.0,1.0
149,967,1,32,1.0,1.0
150,966,2,32,1.0,1.0
151,966,2,32,1.0,1.0
152,966,2,32,1.0,1.0
153,966,2,32,1.0,1.0
154,966,2,32,1.0,1.0
155,966,2,32,1.0,1.0
156,965,3,32,0.9995,0.9997409326424871
157,965,3,32,0.9995,0.9997409326424871
158,965,3,32,0.9995,0.9997409326424871
159,965,3,32,0.9995,0.9997409326424871
160,965,3,32,0.9995,0.9997409326424871
161,965,3,32,0.9995,0.9997409326424871
162,965,2,33,1.0,1.0
163,965,2,33,1.0,1.0
164,965,2,33,1.0,1.0
165,965,2,33,1.0,1.0
166,965,2,33,1.0,1.0
167,965,2,33,1.0,1.0
168,964,3,33,1.0,1.0
169,964,3,33,1.0,1.0
170,964,3,33,1.0,1.0
171,964,3,33,1.0,1.0
172,964,2,34,1.0,1.0
173,964,2,34,1.0,1.0
174,963,2,35,1.0,1.0
175,962,3,35,0.9995,0.9997401247401247
176,962,3,35,0.9995,0.9997401247401247
177,962,3,35,0.9995,0.9997401247401247
178,962,3,35,0.9995,0.9997401247401247
179,962,3,35,0.9995,0.9997401247401247
180,962,3,35,0.9995,0.9997401247401247
181,962,3,35,0.9995,0.9997401247401247
182,962,2,36,1.0,1.0
183,961,3,36,0.9995,0.9997398543184183
184,961,3,36,0.9995,0.9997398543184183
185,961,2,37,1.0,1.0
186,961,2,37,1.0,1.0
187,961,1,38,1.0,1.0
188,961,1,38,1.0,1.0
189,961,1,38,1.0,1.0
190,961,1,38,1.0,1.0
191,961,1,38,1.0,1.0
192,961,1,38,1.0,1.0
193,961,1,38,1.0,1.0
194,961,1,38,1.0,1.0
195,961,1,38,1.0,1.0
196,961,1,38,1.0,1.0
197,960,2,38,0.9995,0.9997395833333333
198,960,2,38,0.9995,0.9997395833333333
199,960,2,38,0.9995,0.9997395833333333
200,959,1,40,1.0,1.0
