day,s,i,r,edgecount,suscedgecount
1,496,4,0,0.9925882352941177,1.0
2,494,6,0,0.9885882352941177,0.9979546647685057
3,491,9,0,0.9818823529411764,0.9944936994207176
4,483,14,3,0.9722352941176471,0.9893281202896369
5,476,20,4,0.9623529411764706,0.9839114323880138
6,468,27,5,0.9525882352941176,0.9783256106055521
7,457,37,6,0.9455294117647058,0.9738412327979503
8,448,45,7,0.9405882352941176,0.970450069670867
9,442,49,9,0.9427058823529412,0.9712225991381696
10,433,56,11,0.9409411764705883,0.9695238851621962
11,413,70,17,0.9445882352941176,0.9700886827545208
12,405,74,21,0.9451764705882353,0.9697883082312974
13,393,83,24,0.9498823529411765,0.9717626386918643
14,376,97,27,0.946,0.9677252717687393
15,350,119,31,0.932235294117647,0.9551648782709413
16,337,130,33,0.9314117647058824,0.9526616717702803
17,319,144,37,0.9170588235294118,0.9384658672456724
18,296,159,45,0.8990588235294118,0.9180547268626761
19,281,168,51,0.9005882352941177,0.9148621427221539
20,264,177,59,0.9121176470588235,0.9200970567288425
21,246,185,69,0.916,0.9179360142052593
22,233,192,75,0.9221176470588235,0.9198403496866263
23,216,203,81,0.9348235294117647,0.928059026924688
24,200,215,85,0.9395294117647058,0.9279295175252062
25,185,224,91,0.9409411764705883,0.9237151043289092
26,179,225,96,0.944,0.9252729038415765
27,171,222,107,0.9404705882352942,0.9164432675284079
28,161,223,116,0.9441176470588235,0.9167103050314038
29,147,229,124,0.9370588235294117,0.8963771183864719
30,134,236,130,0.9475294117647058,0.9055685626848692
31,122,240,138,0.9461176470588235,0.8929180518556085
32,110,246,144,0.9501176470588235,0.8899526575863269
33,99,246,155,0.955764705882353,0.8916225861758201
34,87,243,170,0.9545882352941176,0.8727639098634404
35,79,245,176,0.9482352941176471,0.839320301962399
36,64,252,184,0.9535294117647058,0.8215405663249081
37,53,247,200,0.9611764705882353,0.8199304362859209
38,44,248,208,0.9583529411764706,0.7662288411969131
39,40,244,216,0.9591764705882353,0.7476434306004555
40,31,243,226,0.9624705882352941,0.6999559551524821
41,23,239,238,0.9705882352941176,0.6828555819210134
42,20,229,251,0.9732941176470589,0.6686722094017893
43,15,224,261,0.9782352941176471,0.6396422900826535
44,11,222,267,0.9834117647058823,0.6253286164584263
45,8,212,280,0.9888235294117647,0.6531731846805559
46,7,203,290,0.9907058823529412,0.6705700491635732
47,5,201,294,0.9929411764705882,0.6494829406993098
48,4,194,302,0.9947058823529412,0.6716244045867863
49,3,188,309,0.995764705882353,0.6494829406993098
50,2,179,319,0.9974117647058823,0.6790048925492784
51,2,173,325,0.9975294117647059,0.6937658684742627
52,1,165,334,0.9985882352941177,0.6494829406993098
53,0,159,341,1.0,
54,0,153,347,1.0,
55,0,149,351,1.0,
56,0,148,352,1.0,
57,0,142,358,1.0,
58,0,135,365,1.0,
59,0,123,377,1.0,
60,0,115,385,1.0,
61,0,109,391,1.0,
62,0,106,394,1.0,
63,0,104,396,1.0,
64,0,100,400,1.0,
65,0,99,401,1.0,
66,0,97,403,1.0,
67,0,92,408,1.0,
68,0,89,411,1.0,
69,0,86,414,1.0,
70,0,84,416,1.0,
71,0,81,419,1.0,
72,0,80,420,1.0,
73,0,76,424,1.0,
74,0,71,429,1.0,
75,0,69,431,1.0,
76,0,66,434,1.0,
77,0,63,437,1.0,
78,0,62,438,1.0,
79,0,59,441,1.0,
80,0,56,444,1.0,
81,0,52,448,1.0,
82,0,50,450,1.0,
83,0,50,450,1.0,
84,0,48,452,1.0,
85,0,44,456,1.0,
86,0,42,458,1.0,
87,0,37,463,1.0,
88,0,37,463,1.0,
89,0,35,465,1.0,
90,0,35,465,1.0,
91,0,33,467,1.0,
92,0,31,469,1.0,
93,0,29,471,1.0,
94,0,26,474,1.0,
95,0,24,476,1.0,
96,0,24,476,1.0,
97,0,21,479,1.0,
98,0,21,479,1.0,
99,0,20,480,1.0,
100,0,19,481,1.0,
101,0,18,482,1.0,
102,0,18,482,1.0,
103,0,17,483,1.0,
104,0,16,484,1.0,
105,0,16,484,1.0,
106,0,15,485,1.0,
107,0,15,485,1.0,
108,0,15,485,1.0,
109,0,14,486,1.0,
110,0,13,487,1.0,
111,0,13,487,1.0,
112,0,13,487,1.0,
113,0,12,488,1.0,
114,0,11,489,1.0,
115,0,11,489,1.0,
116,0,10,490,1.0,
117,0,9,491,1.0,
118,0,8,492,1.0,
119,0,8,492,1.0,
120,0,8,492,1.0,
121,0,7,493,1.0,
122,0,7,493,1.0,
123,0,7,493,1.0,
124,0,7,493,1.0,
125,0,7,493,1.0,
126,0,7,493,1.0,
127,0,6,494,1.0,
128,0,6,494,1.0,
129,0,6,494,1.0,
130,0,6,494,1.0,
131,0,6,494,1.0,
132,0,6,494,1.0,
133,0,4,496,1.0,
134,0,4,496,1.0,
135,0,4,496,1.0,
136,0,4,496,1.0,
137,0,4,496,1.0,
138,0,4,496,1.0,
139,0,4,496,1.0,
140,0,4,496,1.0,
141,0,4,496,1.0,
142,0,4,496,1.0,
143,0,4,496,1.0,
144,0,4,496,1.0,
145,0,4,496,1.0,
146,0,4,496,1.0,
147,0,4,496,1.0,
148,0,4,496,1.0,
149,0,3,497,1.0,
150,0,3,497,1.0,
151,0,3,497,1.0,
152,0,3,497,1.0,
153,0,2,498,1.0,
154,0,2,498,1.0,
155,0,2,498,1.0,
156,0,2,498,1.0,
157,0,2,498,1.0,
158,0,1,499,1.0,
159,0,1,499,1.0,
160,0,1,499,1.0,
161,0,1,499,1.0,
162,0,1,499,1.0,
163,0,1,499,1.0,
164,0,1,499,1.0,
165,0,1,499,1.0,
166,0,1,499,1.0,
167,0,1,499,1.0,
168,0,1,499,1.0,
169,0,1,499,1.0,
170,0,1,499,1.0,
171,0,1,499,1.0,
172,0,1,499,1.0,
173,0,1,499,1.0,
174,0,1,499,1.0,
175,0,0,500,1.0,
176,0,0,500,1.0,
177,0,0,500,1.0,
178,0,0,500,1.0,
179,0,0,500,1.0,
180,0,0,500,1.0,
181,0,0,500,1.0,
182,0,0,500,1.0,
183,0,0,500,1.0,
184,0,0,500,1.0,
185,0,0,500,1.0,
186,0,0,500,1.0,
187,0,0,500,1.0,
188,0,0,500,1.0,
189,0,0,500,1.0,
190,0,0,500,1.0,
191,0,0,500,1.0,
192,0,0,500,1.0,
193,0,0,500,1.0,
194,0,0,500,1.0,
195,0,0,500,1.0,
196,0,0,500,1.0,
197,0,0,500,1.0,
198,0,0,500,1.0,
199,0,0,500,1.0,
200,0,0,500,1.0,
1,497,3,0,0.9928235294117647,1.0
2,496,4,0,0.9927058823529412,0.9999331828710578
3,493,7,0,0.9863529411764705,0.9966774855098541
4,490,8,2,0.9851764705882353,0.9960325473659202
5,486,11,3,0.9798823529411764,0.9932350561696426
6,479,18,3,0.965764705882353,0.9856861817001549
7,472,24,4,0.96,0.9823519775811087
8,462,31,7,0.9507058823529412,0.9768364271104448
9,455,38,7,0.9391764705882353,0.9700585577832118
10,440,51,9,0.9229411764705883,0.9596605951637079
11,430,61,9,0.916,0.9545858267198449
12,415,72,13,0.9092941176470588,0.9487566741505321
13,397,87,16,0.9032941176470588,0.9424742389024154
14,369,111,20,0.8976470588235295,0.9340181316884774
15,347,127,26,0.8971764705882352,0.9292690002385731
16,327,140,33,0.9017647058823529,0.9282412652890407
17,310,150,40,0.9089411764705883,0.9299124937275937
18,295,157,48,0.9148235294117647,0.931167088991493
19,281,166,53,0.9135294117647059,0.9263885689354762
20,261,178,61,0.9147058823529411,0.9215793579516331
21,244,191,65,0.9196470588235294,0.9209438082292265
22,222,205,73,0.9271764705882353,0.9213040255209286
23,208,211,81,0.9343529411764706,0.9244758030965491
24,195,212,93,0.9485882352941176,0.9375333850287819
25,184,208,108,0.95,0.9354378978069426
26,172,211,117,0.9370588235294117,0.911769073138068
27,159,214,127,0.9369411764705883,0.9040415303228224
28,144,222,134,0.9383529411764706,0.8961283235834819
29,132,221,147,0.9521176470588235,0.9125200505925857
30,125,215,160,0.9522352941176471,0.9076544335077327
31,117,218,165,0.9543529411764706,0.9056337624966241
32,108,217,175,0.9582352941176471,0.9065951530909659
33,99,216,185,0.9542352941176471,0.8876368363806743
34,91,216,193,0.9523529411764706,0.8722502181550705
35,82,215,203,0.9498823529411765,0.8502716867757856
36,67,218,215,0.9504705882352941,0.8181421691211342
37,59,218,223,0.9528235294117647,0.8029984406819928
38,48,225,227,0.9496470588235294,0.7404179287679911
39,40,225,235,0.9561176470588235,0.7283646136485122
40,34,222,244,0.9621176470588235,0.7240670931317232
41,20,229,251,0.972,0.652354932588941
42,17,220,263,0.9751764705882353,0.6372484968329554
43,14,218,268,0.9788235294117648,0.6241016808219989
44,9,214,277,0.9863529411764705,0.6231645912111553
45,6,213,281,0.9912941176470588,0.6395636594009225
46,5,208,287,0.9927058823529412,0.6375957712181505
47,1,203,296,0.9984705882352941,0.6198847775732019
48,0,197,303,1.0,
49,0,189,311,1.0,
50,0,184,316,1.0,
51,0,173,327,1.0,
52,0,165,335,1.0,
53,0,160,340,1.0,
54,0,152,348,1.0,
55,0,143,357,1.0,
56,0,136,364,1.0,
57,0,131,369,1.0,
58,0,126,374,1.0,
59,0,122,378,1.0,
60,0,118,382,1.0,
61,0,113,387,1.0,
62,0,106,394,1.0,
63,0,104,396,1.0,
64,0,96,404,1.0,
65,0,92,408,1.0,
66,0,86,414,1.0,
67,0,81,419,1.0,
68,0,75,425,1.0,
69,0,74,426,1.0,
70,0,66,434,1.0,
71,0,66,434,1.0,
72,0,65,435,1.0,
73,0,63,437,1.0,
74,0,60,440,1.0,
75,0,60,440,1.0,
76,0,59,441,1.0,
77,0,57,443,1.0,
78,0,55,445,1.0,
79,0,54,446,1.0,
80,0,53,447,1.0,
81,0,49,451,1.0,
82,0,46,454,1.0,
83,0,46,454,1.0,
84,0,44,456,1.0,
85,0,42,458,1.0,
86,0,39,461,1.0,
87,0,38,462,1.0,
88,0,38,462,1.0,
89,0,36,464,1.0,
90,0,35,465,1.0,
91,0,34,466,1.0,
92,0,33,467,1.0,
93,0,32,468,1.0,
94,0,31,469,1.0,
95,0,31,469,1.0,
96,0,30,470,1.0,
97,0,30,470,1.0,
98,0,29,471,1.0,
99,0,29,471,1.0,
100,0,29,471,1.0,
101,0,27,473,1.0,
102,0,27,473,1.0,
103,0,27,473,1.0,
104,0,24,476,1.0,
105,0,23,477,1.0,
106,0,21,479,1.0,
107,0,20,480,1.0,
108,0,20,480,1.0,
109,0,17,483,1.0,
110,0,15,485,1.0,
111,0,12,488,1.0,
112,0,11,489,1.0,
113,0,11,489,1.0,
114,0,11,489,1.0,
115,0,10,490,1.0,
116,0,10,490,1.0,
117,0,10,490,1.0,
118,0,10,490,1.0,
119,0,9,491,1.0,
120,0,8,492,1.0,
121,0,8,492,1.0,
122,0,7,493,1.0,
123,0,7,493,1.0,
124,0,7,493,1.0,
125,0,6,494,1.0,
126,0,6,494,1.0,
127,0,5,495,1.0,
128,0,5,495,1.0,
129,0,5,495,1.0,
130,0,5,495,1.0,
131,0,4,496,1.0,
132,0,4,496,1.0,
133,0,4,496,1.0,
134,0,4,496,1.0,
135,0,4,496,1.0,
136,0,3,497,1.0,
137,0,3,497,1.0,
138,0,3,497,1.0,
139,0,3,497,1.0,
140,0,3,497,1.0,
141,0,2,498,1.0,
142,0,2,498,1.0,
143,0,2,498,1.0,
144,0,2,498,1.0,
145,0,2,498,1.0,
146,0,2,498,1.0,
147,0,2,498,1.0,
148,0,2,498,1.0,
149,0,2,498,1.0,
150,0,2,498,1.0,
151,0,2,498,1.0,
152,0,1,499,1.0,
153,0,1,499,1.0,
154,0,1,499,1.0,
155,0,1,499,1.0,
156,0,1,499,1.0,
157,0,1,499,1.0,
158,0,1,499,1.0,
159,0,1,499,1.0,
160,0,1,499,1.0,
161,0,1,499,1.0,
162,0,1,499,1.0,
163,0,1,499,1.0,
164,0,1,499,1.0,
165,0,1,499,1.0,
166,0,1,499,1.0,
167,0,1,499,1.0,
168,0,1,499,1.0,
169,0,1,499,1.0,
170,0,1,499,1.0,
171,0,1,499,1.0,
172,0,1,499,1.0,
173,0,1,499,1.0,
174,0,1,499,1.0,
175,0,1,499,1.0,
176,0,1,499,1.0,
177,0,1,499,1.0,
178,0,0,500,1.0,
179,0,0,500,1.0,
180,0,0,500,1.0,
181,0,0,500,1.0,
182,0,0,500,1.0,
183,0,0,500,1.0,
184,0,0,500,1.0,
185,0,0,500,1.0,
186,0,0,500,1.0,
187,0,0,500,1.0,
188,0,0,500,1.0,
189,0,0,500,1.0,
190,0,0,500,1.0,
191,0,0,500,1.0,
192,0,0,500,1.0,
193,0,0,500,1.0,
194,0,0,500,1.0,
195,0,0,500,1.0,
196,0,0,500,1.0,
197,0,0,500,1.0,
198,0,0,500,1.0,
199,0,0,500,1.0,
200,0,0,500,1.0,
1,498,1,1,1.0,1.0
2,496,3,1,0.9935294117647059,0.996738614800759
3,496,3,1,0.9935294117647059,0.996738614800759
4,496,3,1,0.9935294117647059,0.996738614800759
5,495,4,1,0.9929411764705882,0.9964349376114082
6,491,7,2,0.9861176470588235,0.992936726625477
7,491,7,2,0.9861176470588235,0.992936726625477
8,488,10,2,0.9810588235294118,0.9903034164485467
9,479,17,4,0.9727058823529412,0.9857721794354485
10,475,21,4,0.9698823529411764,0.9841733746130031
11,470,25,5,0.9683529411764706,0.9832004291078135
12,465,30,5,0.9627058823529412,0.9799836259039295
13,455,39,6,0.9536470588235294,0.974549596062201
14,443,48,9,0.9461176470588235,0.9696069521590701
15,430,59,11,0.9458823529411765,0.9685238154458401
16,426,63,11,0.9489411764705883,0.9700212564752747
17,412,68,20,0.9490588235294117,0.9690715385889571
18,401,75,24,0.9496470588235294,0.9685876345550689
19,391,81,28,0.9451764705882353,0.9649321342115085
20,382,86,32,0.9405882352941176,0.9611052226697439
21,370,96,34,0.9371764705882353,0.9575430663665958
22,353,109,38,0.9398823529411765,0.9574475682624325
23,342,117,41,0.937764705882353,0.9545333923042901
24,327,125,48,0.9416470588235294,0.9553876596510162
25,307,137,56,0.9411764705882353,0.9521035775873867
26,294,141,65,0.9483529411764706,0.9560967244040472
27,282,146,72,0.9527058823529412,0.9580904702306455
28,273,149,78,0.9523529411764706,0.9563823664664
29,265,152,83,0.9515294117647058,0.9542819666460065
30,253,158,89,0.9464705882352941,0.9471277695411617
31,242,161,97,0.9363529411764706,0.9342713193466718
32,231,161,108,0.9317647058823529,0.9261569090446096
33,218,166,116,0.9238823529411765,0.9127308471345168
34,208,168,124,0.9216470588235294,0.9058000822706705
35,193,177,130,0.9168235294117647,0.8922168961791028
36,177,185,138,0.9217647058823529,0.8894427827628226
37,162,195,143,0.9215294117647059,0.8788263902642988
38,149,197,154,0.9268235294117647,0.8771309622079462
39,131,210,159,0.9331764705882353,0.8724537698493694
40,116,219,165,0.9428235294117647,0.8767210646013893
41,102,226,172,0.9514117647058824,0.8808412848205238
42,91,223,186,0.9444705882352942,0.8473574045002618
43,82,220,198,0.9522352941176471,0.8542550944989973
44,73,218,209,0.9504705882352941,0.8301941947389166
45,64,214,222,0.945764705882353,0.787904252610135
46,59,212,229,0.9438823529411765,0.7619228893406361
47,44,213,243,0.952,0.7268809176563187
48,33,214,253,0.9545882352941176,0.6562261268143621
49,24,216,260,0.9665882352941176,0.6523459383753502
50,15,213,272,0.9785882352941176,0.6437535014005602
51,13,208,279,0.9808235294117648,0.6319974143503555
52,8,197,295,0.9887058823529412,0.6470588235294118
53,4,193,303,0.9951764705882353,0.6985294117647058
54,2,183,315,0.9982352941176471,0.7794117647058824
55,2,175,323,0.9981176470588236,0.7647058823529411
56,2,172,326,0.9981176470588236,0.7647058823529411
57,1,167,332,0.9994117647058823,0.8529411764705882
58,1,160,339,0.9994117647058823,0.8529411764705882
59,1,154,345,0.9995294117647059,0.8823529411764706
60,1,147,352,0.9995294117647059,0.8823529411764706
61,1,141,358,0.9995294117647059,0.8823529411764706
62,0,137,363,1.0,
63,0,130,370,1.0,
64,0,126,374,1.0,
65,0,123,377,1.0,
66,0,120,380,1.0,
67,0,115,385,1.0,
68,0,110,390,1.0,
69,0,105,395,1.0,
70,0,101,399,1.0,
71,0,97,403,1.0,
72,0,93,407,1.0,
73,0,87,413,1.0,
74,0,82,418,1.0,
75,0,80,420,1.0,
76,0,77,423,1.0,
77,0,75,425,1.0,
78,0,73,427,1.0,
79,0,67,433,1.0,
80,0,65,435,1.0,
81,0,62,438,1.0,
82,0,58,442,1.0,
83,0,56,444,1.0,
84,0,53,447,1.0,
85,0,50,450,1.0,
86,0,48,452,1.0,
87,0,44,456,1.0,
88,0,43,457,1.0,
89,0,42,458,1.0,
90,0,41,459,1.0,
91,0,40,460,1.0,
92,0,40,460,1.0,
93,0,38,462,1.0,
94,0,36,464,1.0,
95,0,35,465,1.0,
96,0,34,466,1.0,
97,0,31,469,1.0,
98,0,31,469,1.0,
99,0,30,470,1.0,
100,0,27,473,1.0,
101,0,25,475,1.0,
102,0,25,475,1.0,
103,0,24,476,1.0,
104,0,23,477,1.0,
105,0,19,481,1.0,
106,0,19,481,1.0,
107,0,17,483,1.0,
108,0,17,483,1.0,
109,0,17,483,1.0,
110,0,17,483,1.0,
111,0,17,483,1.0,
112,0,17,483,1.0,
113,0,16,484,1.0,
114,0,15,485,1.0,
115,0,15,485,1.0,
116,0,15,485,1.0,
117,0,15,485,1.0,
118,0,15,485,1.0,
119,0,14,486,1.0,
120,0,13,487,1.0,
121,0,13,487,1.0,
122,0,12,488,1.0,
123,0,12,488,1.0,
124,0,11,489,1.0,
125,0,11,489,1.0,
126,0,11,489,1.0,
127,0,10,490,1.0,
128,0,8,492,1.0,
129,0,8,492,1.0,
130,0,7,493,1.0,
131,0,7,493,1.0,
132,0,7,493,1.0,
133,0,7,493,1.0,
134,0,7,493,1.0,
135,0,7,493,1.0,
136,0,7,493,1.0,
137,0,6,494,1.0,
138,0,6,494,1.0,
139,0,6,494,1.0,
140,0,6,494,1.0,
141,0,6,494,1.0,
142,0,6,494,1.0,
143,0,6,494,1.0,
144,0,6,494,1.0,
145,0,5,495,1.0,
146,0,5,495,1.0,
147,0,5,495,1.0,
148,0,5,495,1.0,
149,0,5,495,1.0,
150,0,5,495,1.0,
151,0,5,495,1.0,
152,0,5,495,1.0,
153,0,5,495,1.0,
154,0,5,495,1.0,
155,0,5,495,1.0,
156,0,5,495,1.0,
157,0,5,495,1.0,
158,0,5,495,1.0,
159,0,5,495,1.0,
160,0,5,495,1.0,
161,0,5,495,1.0,
162,0,5,495,1.0,
163,0,5,495,1.0,
164,0,5,495,1.0,
165,0,5,495,1.0,
166,0,4,496,1.0,
167,0,4,496,1.0,
168,0,2,498,1.0,
169,0,2,498,1.0,
170,0,2,498,1.0,
171,0,2,498,1.0,
172,0,2,498,1.0,
173,0,2,498,1.0,
174,0,2,498,1.0,
175,0,2,498,1.0,
176,0,2,498,1.0,
177,0,2,498,1.0,
178,0,1,499,1.0,
179,0,1,499,1.0,
180,0,1,499,1.0,
181,0,1,499,1.0,
182,0,1,499,1.0,
183,0,1,499,1.0,
184,0,1,499,1.0,
185,0,1,499,1.0,
186,0,1,499,1.0,
187,0,1,499,1.0,
188,0,1,499,1.0,
189,0,1,499,1.0,
190,0,1,499,1.0,
191,0,1,499,1.0,
192,0,1,499,1.0,
193,0,1,499,1.0,
194,0,1,499,1.0,
195,0,1,499,1.0,
196,0,0,500,1.0,
197,0,0,500,1.0,
198,0,0,500,1.0,
199,0,0,500,1.0,
200,0,0,500,1.0,
1,498,2,0,0.998,1.0
2,494,5,1,0.992,0.9969523732020426
3,489,10,1,0.9805882352941176,0.9910742763671428
4,484,15,1,0.9704705882352941,0.9857369003500731
5,476,23,1,0.9561176470588235,0.9779306590021062
6,468,30,2,0.9442352941176471,0.9711805289990334
7,457,40,3,0.9318823529411765,0.9636981231210843
8,448,48,4,0.9281176470588235,0.9608396142833562
9,443,53,4,0.9283529411764706,0.9605191980177251
10,428,61,11,0.9315294117647058,0.9609450750751537
11,411,74,15,0.9261176470588235,0.9559758405334504
12,395,87,18,0.9232941176470588,0.9523493527243028
13,377,102,21,0.9171764705882353,0.9459653979094998
14,358,118,24,0.9015294117647059,0.9321288879279952
15,340,128,32,0.9027058823529411,0.929382237661141
16,320,145,35,0.8970588235294118,0.9204865081711077
17,296,165,39,0.8929411764705882,0.9105147192407022
18,279,173,48,0.904235294117647,0.9151371683821408
19,263,183,54,0.9057647058823529,0.9113489648161217
20,243,190,67,0.9043529411764706,0.9024841884144934
21,224,197,79,0.9037647058823529,0.8934661274285868
22,207,206,87,0.8947058823529411,0.8736952641107687
23,186,215,99,0.8955294117647059,0.8604199951101442
24,156,239,105,0.8934117647058823,0.8299044929845995
25,137,249,114,0.9055294117647059,0.8282904039695728
26,110,270,120,0.9104705882352941,0.79711371636989
27,87,280,133,0.9245882352941176,0.7839534509476516
28,72,279,149,0.9334117647058824,0.7695635037934772
29,65,276,159,0.9381176470588235,0.7627567702767231
30,53,276,171,0.9435294117647058,0.7343666166570924
31,33,278,189,0.9510588235294117,0.6298659070754844
32,24,278,198,0.9636470588235294,0.6219479751699675
33,17,277,206,0.9752941176470589,0.6373180782806768
34,7,278,215,0.9912941176470588,0.6897681685739623
35,2,272,226,0.9970588235294118,0.6329884717706178
36,2,260,238,0.9970588235294118,0.6329884717706178
37,1,251,248,0.9984705882352941,0.6182678096364174
38,1,244,255,0.9984705882352941,0.6182678096364174
39,1,229,270,0.9987058823529412,0.6771504581732191
40,1,226,273,0.9987058823529412,0.6771504581732191
41,1,212,287,0.9987058823529412,0.6771504581732191
42,1,205,294,0.9987058823529412,0.6771504581732191
43,1,197,302,0.9988235294117647,0.7065917824416199
44,0,193,307,1.0,
45,0,188,312,1.0,
46,0,182,318,1.0,
47,0,175,325,1.0,
48,0,164,336,1.0,
49,0,153,347,1.0,
50,0,146,354,1.0,
51,0,142,358,1.0,
52,0,134,366,1.0,
53,0,130,370,1.0,
54,0,123,377,1.0,
55,0,116,384,1.0,
56,0,112,388,1.0,
57,0,107,393,1.0,
58,0,102,398,1.0,
59,0,96,404,1.0,
60,0,92,408,1.0,
61,0,86,414,1.0,
62,0,82,418,1.0,
63,0,80,420,1.0,
64,0,78,422,1.0,
65,0,77,423,1.0,
66,0,75,425,1.0,
67,0,71,429,1.0,
68,0,64,436,1.0,
69,0,62,438,1.0,
70,0,60,440,1.0,
71,0,58,442,1.0,
72,0,58,442,1.0,
73,0,55,445,1.0,
74,0,51,449,1.0,
75,0,50,450,1.0,
76,0,49,451,1.0,
77,0,45,455,1.0,
78,0,44,456,1.0,
79,0,44,456,1.0,
80,0,39,461,1.0,
81,0,38,462,1.0,
82,0,36,464,1.0,
83,0,35,465,1.0,
84,0,34,466,1.0,
85,0,32,468,1.0,
86,0,32,468,1.0,
87,0,31,469,1.0,
88,0,29,471,1.0,
89,0,29,471,1.0,
90,0,28,472,1.0,
91,0,27,473,1.0,
92,0,24,476,1.0,
93,0,24,476,1.0,
94,0,22,478,1.0,
95,0,20,480,1.0,
96,0,19,481,1.0,
97,0,19,481,1.0,
98,0,19,481,1.0,
99,0,19,481,1.0,
100,0,19,481,1.0,
101,0,19,481,1.0,
102,0,16,484,1.0,
103,0,16,484,1.0,
104,0,16,484,1.0,
105,0,15,485,1.0,
106,0,15,485,1.0,
107,0,15,485,1.0,
108,0,13,487,1.0,
109,0,12,488,1.0,
110,0,12,488,1.0,
111,0,12,488,1.0,
112,0,12,488,1.0,
113,0,11,489,1.0,
114,0,11,489,1.0,
115,0,10,490,1.0,
116,0,9,491,1.0,
117,0,9,491,1.0,
118,0,9,491,1.0,
119,0,9,491,1.0,
120,0,9,491,1.0,
121,0,9,491,1.0,
122,0,9,491,1.0,
123,0,9,491,1.0,
124,0,9,491,1.0,
125,0,9,491,1.0,
126,0,8,492,1.0,
127,0,8,492,1.0,
128,0,8,492,1.0,
129,0,8,492,1.0,
130,0,8,492,1.0,
131,0,8,492,1.0,
132,0,7,493,1.0,
133,0,7,493,1.0,
134,0,7,493,1.0,
135,0,6,494,1.0,
136,0,6,494,1.0,
137,0,6,494,1.0,
138,0,6,494,1.0,
139,0,6,494,1.0,
140,0,6,494,1.0,
141,0,6,494,1.0,
142,0,5,495,1.0,
143,0,5,495,1.0,
144,0,5,495,1.0,
145,0,5,495,1.0,
146,0,5,495,1.0,
147,0,4,496,1.0,
148,0,4,496,1.0,
149,0,4,496,1.0,
150,0,4,496,1.0,
151,0,4,496,1.0,
152,0,3,497,1.0,
153,0,3,497,1.0,
154,0,3,497,1.0,
155,0,3,497,1.0,
156,0,3,497,1.0,
157,0,3,497,1.0,
158,0,1,499,1.0,
159,0,0,500,1.0,
160,0,0,500,1.0,
161,0,0,500,1.0,
162,0,0,500,1.0,
163,0,0,500,1.0,
164,0,0,500,1.0,
165,0,0,500,1.0,
166,0,0,500,1.0,
167,0,0,500,1.0,
168,0,0,500,1.0,
169,0,0,500,1.0,
170,0,0,500,1.0,
171,0,0,500,1.0,
172,0,0,500,1.0,
173,0,0,500,1.0,
174,0,0,500,1.0,
175,0,0,500,1.0,
176,0,0,500,1.0,
177,0,0,500,1.0,
178,0,0,500,1.0,
179,0,0,500,1.0,
180,0,0,500,1.0,
181,0,0,500,1.0,
182,0,0,500,1.0,
183,0,0,500,1.0,
184,0,0,500,1.0,
185,0,0,500,1.0,
186,0,0,500,1.0,
187,0,0,500,1.0,
188,0,0,500,1.0,
189,0,0,500,1.0,
190,0,0,500,1.0,
191,0,0,500,1.0,
192,0,0,500,1.0,
193,0,0,500,1.0,
194,0,0,500,1.0,
195,0,0,500,1.0,
196,0,0,500,1.0,
197,0,0,500,1.0,
198,0,0,500,1.0,
199,0,0,500,1.0,
200,0,0,500,1.0,
1,496,4,0,0.9927058823529412,1.0
2,493,6,1,0.9890588235294118,0.9981196023911547
3,491,8,1,0.9841176470588235,0.9955734836332456
4,488,11,1,0.9771764705882353,0.9919544465182439
5,476,23,1,0.9578823529411765,0.9814840349844777
6,467,31,2,0.9528235294117647,0.9783396733711553
7,457,40,3,0.9496470588235294,0.976029616410634
8,449,46,5,0.9474117647058824,0.9742856321837234
9,438,55,7,0.9448235294117647,0.9720806783891818
10,421,71,8,0.9434117647058824,0.9699709413874925
11,405,83,12,0.9402352941176471,0.9666747927484773
12,397,90,13,0.9367058823529412,0.9637021705499343
13,379,104,17,0.9337647058823529,0.9598716937311814
14,363,113,24,0.9352941176470588,0.9589926521239883
15,351,122,27,0.932,0.9550805767453077
16,337,132,31,0.9301176470588235,0.9516781384221622
17,320,144,36,0.9241176470588235,0.9442155794113297
18,307,151,42,0.9263529411764706,0.9435296698563348
19,290,160,50,0.9294117647058824,0.942626503168542
20,271,167,62,0.936,0.9444418619142801
21,256,176,68,0.928,0.9331321690799755
22,244,182,74,0.9225882352941176,0.9240746951552531
23,227,191,82,0.9337647058823529,0.9304662777362444
24,216,192,92,0.9438823529411765,0.938494712594552
25,198,203,99,0.9535294117647058,0.9447201272430786
26,188,205,107,0.9582352941176471,0.9479120064978185
27,180,203,117,0.9588235294117647,0.9462480958473788
28,171,203,126,0.9575294117647059,0.941315499885182
29,162,202,136,0.9598823529411765,0.9414889798698332
30,152,198,150,0.9578823529411765,0.9341230555933507
31,139,206,155,0.9507058823529412,0.9147392507014979
32,133,195,172,0.9491764705882353,0.907847414414425
33,123,200,177,0.943764705882353,0.8890290928174941
34,117,202,181,0.9455294117647058,0.8868688990647057
35,107,206,187,0.9444705882352942,0.8734681839628464
36,98,212,190,0.9461176470588235,0.865726368803378
37,88,215,197,0.9438823529411765,0.843675183933418
38,68,225,207,0.9423529411764706,0.7909689176186909
39,56,225,219,0.9367058823529412,0.7200831192151966
40,37,233,230,0.9498823529411765,0.6638065903698794
41,31,232,237,0.9578823529411765,0.662777113647842
42,25,222,253,0.9656470588235294,0.6588918684988718
43,19,223,258,0.9721176470588235,0.6354621161479873
44,16,216,268,0.9755294117647059,0.6199251450930245
45,9,216,275,0.9862352941176471,0.6199251450930245
46,7,211,282,0.9894117647058823,0.6241423229508003
47,5,206,289,0.9929411764705882,0.6494453900974543
48,5,201,294,0.9927058823529412,0.6376372920956823
49,2,196,302,0.9972941176470588,0.6642055125996692
50,0,191,309,1.0,
51,0,185,315,1.0,
52,0,177,323,1.0,
53,0,168,332,1.0,
54,0,162,338,1.0,
55,0,155,345,1.0,
56,0,144,356,1.0,
57,0,135,365,1.0,
58,0,129,371,1.0,
59,0,126,374,1.0,
60,0,123,377,1.0,
61,0,119,381,1.0,
62,0,115,385,1.0,
63,0,111,389,1.0,
64,0,108,392,1.0,
65,0,105,395,1.0,
66,0,102,398,1.0,
67,0,95,405,1.0,
68,0,90,410,1.0,
69,0,86,414,1.0,
70,0,83,417,1.0,
71,0,80,420,1.0,
72,0,78,422,1.0,
73,0,76,424,1.0,
74,0,74,426,1.0,
75,0,71,429,1.0,
76,0,68,432,1.0,
77,0,63,437,1.0,
78,0,61,439,1.0,
79,0,60,440,1.0,
80,0,59,441,1.0,
81,0,58,442,1.0,
82,0,56,444,1.0,
83,0,53,447,1.0,
84,0,49,451,1.0,
85,0,48,452,1.0,
86,0,45,455,1.0,
87,0,44,456,1.0,
88,0,41,459,1.0,
89,0,41,459,1.0,
90,0,40,460,1.0,
91,0,39,461,1.0,
92,0,38,462,1.0,
93,0,37,463,1.0,
94,0,36,464,1.0,
95,0,35,465,1.0,
96,0,35,465,1.0,
97,0,34,466,1.0,
98,0,32,468,1.0,
99,0,32,468,1.0,
100,0,31,469,1.0,
101,0,30,470,1.0,
102,0,26,474,1.0,
103,0,24,476,1.0,
104,0,23,477,1.0,
105,0,21,479,1.0,
106,0,21,479,1.0,
107,0,19,481,1.0,
108,0,19,481,1.0,
109,0,19,481,1.0,
110,0,15,485,1.0,
111,0,14,486,1.0,
112,0,13,487,1.0,
113,0,13,487,1.0,
114,0,12,488,1.0,
115,0,12,488,1.0,
116,0,12,488,1.0,
117,0,11,489,1.0,
118,0,11,489,1.0,
119,0,11,489,1.0,
120,0,11,489,1.0,
121,0,11,489,1.0,
122,0,11,489,1.0,
123,0,10,490,1.0,
124,0,10,490,1.0,
125,0,9,491,1.0,
126,0,9,491,1.0,
127,0,8,492,1.0,
128,0,7,493,1.0,
129,0,7,493,1.0,
130,0,6,494,1.0,
131,0,3,497,1.0,
132,0,3,497,1.0,
133,0,2,498,1.0,
134,0,2,498,1.0,
135,0,2,498,1.0,
136,0,2,498,1.0,
137,0,2,498,1.0,
138,0,1,499,1.0,
139,0,1,499,1.0,
140,0,1,499,1.0,
141,0,1,499,1.0,
142,0,1,499,1.0,
143,0,1,499,1.0,
144,0,1,499,1.0,
145,0,1,499,1.0,
146,0,1,499,1.0,
147,0,1,499,1.0,
148,0,1,499,1.0,
149,0,1,499,1.0,
150,0,1,499,1.0,
151,0,1,499,1.0,
152,0,1,499,1.0,
153,0,1,499,1.0,
154,0,1,499,1.0,
155,0,1,499,1.0,
156,0,1,499,1.0,
157,0,1,499,1.0,
158,0,1,499,1.0,
159,0,1,499,1.0,
160,0,1,499,1.0,
161,0,1,499,1.0,
162,0,1,499,1.0,
163,0,1,499,1.0,
164,0,0,500,1.0,
165,0,0,500,1.0,
166,0,0,500,1.0,
167,0,0,500,1.0,
168,0,0,500,1.0,
169,0,0,500,1.0,
170,0,0,500,1.0,
171,0,0,500,1.0,
172,0,0,500,1.0,
173,0,0,500,1.0,
174,0,0,500,1.0,
175,0,0,500,1.0,
176,0,0,500,1.0,
177,0,0,500,1.0,
178,0,0,500,1.0,
179,0,0,500,1.0,
180,0,0,500,1.0,
181,0,0,500,1.0,
182,0,0,500,1.0,
183,0,0,500,1.0,
184,0,0,500,1.0,
185,0,0,500,1.0,
186,0,0,500,1.0,
187,0,0,500,1.0,
188,0,0,500,1.0,
189,0,0,500,1.0,
190,0,0,500,1.0,
191,0,0,500,1.0,
192,0,0,500,1.0,
193,0,0,500,1.0,
194,0,0,500,1.0,
195,0,0,500,1.0,
196,0,0,500,1.0,
197,0,0,500,1.0,
198,0,0,500,1.0,
199,0,0,500,1.0,
200,0,0,500,1.0,
1,497,3,0,0.9943529411764706,1.0
2,491,9,0,0.981764705882353,0.9935336570869125
3,487,13,0,0.9721176470588235,0.9884871255831507
4,484,15,1,0.97,0.9873046730187668
5,483,16,1,0.968,0.9862342500435918
6,479,19,2,0.9635294117647059,0.9837430760290808
7,475,23,2,0.9604705882352941,0.981963964394906
8,464,31,5,0.9510588235294117,0.9763815850643303
9,453,39,8,0.941764705882353,0.9706006494691001
10,441,51,8,0.9328235294117647,0.9646457461047323
11,428,61,11,0.9331764705882353,0.9637192530253799
12,415,71,14,0.9492941176470588,0.9722368858447172
13,403,77,20,0.9622352941176471,0.9793491523340572
14,392,84,24,0.9661176470588235,0.9811751380241186
15,384,92,24,0.961764705882353,0.9778816676685002
16,374,101,25,0.9531764705882353,0.9714593120371162
17,362,107,31,0.9489411764705883,0.9674879726577081
18,353,112,35,0.9485882352941176,0.9663406170979174
19,340,121,39,0.9412941176470588,0.9595735549398824
20,325,130,45,0.9394117647058824,0.9560953209805609
21,312,136,52,0.9390588235294117,0.9538552023666529
22,299,144,57,0.9376470588235294,0.9505294786495521
23,287,149,64,0.9371764705882353,0.9479247440844942
24,274,154,72,0.930235294117647,0.9389645541408713
25,254,166,80,0.9212941176470588,0.9250944882326718
26,242,172,86,0.9263529411764706,0.9264654422250291
27,232,176,92,0.9287058823529412,0.9257728279490889
28,212,192,96,0.944,0.9366474590406662
29,200,199,101,0.9478823529411765,0.937559194373228
30,190,198,112,0.944,0.9290040894761096
31,178,201,121,0.9443529411764706,0.9244900061360374
32,165,209,126,0.9494117647058824,0.9260026352643712
33,155,214,131,0.9516470588235294,0.9246657249251559
34,141,216,143,0.9428235294117647,0.9012518208158466
35,132,210,158,0.9424705882352942,0.893661028343912
36,120,213,167,0.9404705882352942,0.8785640828687313
37,103,222,175,0.9421176470588235,0.8620607450991082
38,93,226,181,0.9390588235294117,0.8386765853246568
39,75,236,189,0.9431764705882353,0.8128945726339207
40,67,234,199,0.9529411764705882,0.8267530313273094
41,55,240,205,0.95,0.7749258856419151
42,48,236,216,0.9521176470588235,0.7527484363483858
43,39,237,224,0.9502352941176471,0.682933086867283
44,32,227,241,0.9567058823529412,0.6636476010255158
45,19,228,253,0.9715294117647059,0.6271663878697271
46,13,221,266,0.9808235294117648,0.6330177117474148
47,6,217,277,0.9911764705882353,0.6341521520910486
48,2,208,290,0.9971764705882353,0.6488998765582822
49,1,205,294,0.9985882352941177,0.6488998765582822
50,1,199,300,0.9987058823529412,0.6783953254927495
51,1,195,304,0.9988235294117647,0.7078907744272169
52,1,184,315,0.9989411764705882,0.7373862233616842
53,0,174,326,1.0,
54,0,161,339,1.0,
55,0,153,347,1.0,
56,0,149,351,1.0,
57,0,143,357,1.0,
58,0,140,360,1.0,
59,0,135,365,1.0,
60,0,133,367,1.0,
61,0,128,372,1.0,
62,0,119,381,1.0,
63,0,114,386,1.0,
64,0,108,392,1.0,
65,0,100,400,1.0,
66,0,94,406,1.0,
67,0,89,411,1.0,
68,0,84,416,1.0,
69,0,82,418,1.0,
70,0,80,420,1.0,
71,0,75,425,1.0,
72,0,70,430,1.0,
73,0,66,434,1.0,
74,0,64,436,1.0,
75,0,61,439,1.0,
76,0,58,442,1.0,
77,0,55,445,1.0,
78,0,53,447,1.0,
79,0,50,450,1.0,
80,0,46,454,1.0,
81,0,45,455,1.0,
82,0,44,456,1.0,
83,0,42,458,1.0,
84,0,40,460,1.0,
85,0,38,462,1.0,
86,0,37,463,1.0,
87,0,37,463,1.0,
88,0,36,464,1.0,
89,0,35,465,1.0,
90,0,34,466,1.0,
91,0,33,467,1.0,
92,0,33,467,1.0,
93,0,33,467,1.0,
94,0,32,468,1.0,
95,0,31,469,1.0,
96,0,31,469,1.0,
97,0,30,470,1.0,
98,0,29,471,1.0,
99,0,27,473,1.0,
100,0,27,473,1.0,
101,0,26,474,1.0,
102,0,24,476,1.0,
103,0,23,477,1.0,
104,0,21,479,1.0,
105,0,21,479,1.0,
106,0,20,480,1.0,
107,0,19,481,1.0,
108,0,19,481,1.0,
109,0,17,483,1.0,
110,0,15,485,1.0,
111,0,15,485,1.0,
112,0,15,485,1.0,
113,0,14,486,1.0,
114,0,14,486,1.0,
115,0,14,486,1.0,
116,0,13,487,1.0,
117,0,11,489,1.0,
118,0,11,489,1.0,
119,0,10,490,1.0,
120,0,10,490,1.0,
121,0,10,490,1.0,
122,0,9,491,1.0,
123,0,9,491,1.0,
124,0,9,491,1.0,
125,0,9,491,1.0,
126,0,9,491,1.0,
127,0,9,491,1.0,
128,0,9,491,1.0,
129,0,9,491,1.0,
130,0,9,491,1.0,
131,0,9,491,1.0,
132,0,9,491,1.0,
133,0,9,491,1.0,
134,0,8,492,1.0,
135,0,8,492,1.0,
136,0,7,493,1.0,
137,0,7,493,1.0,
138,0,7,493,1.0,
139,0,7,493,1.0,
140,0,7,493,1.0,
141,0,6,494,1.0,
142,0,6,494,1.0,
143,0,5,495,1.0,
144,0,5,495,1.0,
145,0,3,497,1.0,
146,0,3,497,1.0,
147,0,3,497,1.0,
148,0,3,497,1.0,
149,0,3,497,1.0,
150,0,2,498,1.0,
151,0,2,498,1.0,
152,0,2,498,1.0,
153,0,2,498,1.0,
154,0,1,499,1.0,
155,0,1,499,1.0,
156,0,1,499,1.0,
157,0,1,499,1.0,
158,0,1,499,1.0,
159,0,1,499,1.0,
160,0,1,499,1.0,
161,0,1,499,1.0,
162,0,1,499,1.0,
163,0,1,499,1.0,
164,0,1,499,1.0,
165,0,0,500,1.0,
166,0,0,500,1.0,
167,0,0,500,1.0,
168,0,0,500,1.0,
169,0,0,500,1.0,
170,0,0,500,1.0,
171,0,0,500,1.0,
172,0,0,500,1.0,
173,0,0,500,1.0,
174,0,0,500,1.0,
175,0,0,500,1.0,
176,0,0,500,1.0,
177,0,0,500,1.0,
178,0,0,500,1.0,
179,0,0,500,1.0,
180,0,0,500,1.0,
181,0,0,500,1.0,
182,0,0,500,1.0,
183,0,0,500,1.0,
184,0,0,500,1.0,
185,0,0,500,1.0,
186,0,0,500,1.0,
187,0,0,500,1.0,
188,0,0,500,1.0,
189,0,0,500,1.0,
190,0,0,500,1.0,
191,0,0,500,1.0,
192,0,0,500,1.0,
193,0,0,500,1.0,
194,0,0,500,1.0,
195,0,0,500,1.0,
196,0,0,500,1.0,
197,0,0,500,1.0,
198,0,0,500,1.0,
199,0,0,500,1.0,
200,0,0,500,1.0,
1,497,2,1,0.9981176470588236,1.0
2,496,3,1,0.9944705882352941,0.9981598140710916
3,492,6,2,0.9888235294117647,0.9952647993061853
4,488,9,3,0.9815294117647059,0.9914777468803677
5,483,14,3,0.9730588235294118,0.986989162787853
6,478,19,3,0.9651764705882353,0.9827128610762499
7,472,23,5,0.9609411764705882,0.9802309924998668
8,461,31,8,0.952,0.9748794549443142
9,452,38,10,0.9411764705882353,0.9683663269668475
10,440,48,12,0.9317647058823529,0.962120965135594
11,425,62,13,0.9251764705882353,0.9568672506071741
12,407,77,16,0.9158823529411765,0.9492050663847736
13,390,92,18,0.9132941176470588,0.9453250713622267
14,365,110,25,0.9118823529411765,0.9405482359302262
15,345,125,30,0.9154117647058824,0.9396166293341598
16,329,135,36,0.9234117647058824,0.9427213781083438
17,307,151,42,0.9258823529411765,0.9405654481359509
18,296,160,44,0.9232941176470588,0.9361363380318024
19,277,170,53,0.9303529411764706,0.9380677122759731
20,260,179,61,0.9345882352941176,0.9380326865567299
21,244,189,67,0.9345882352941176,0.9338692995344938
22,228,194,78,0.9487058823529412,0.9446566794479763
23,215,198,87,0.9489411764705883,0.9415269920995228
24,201,201,98,0.9518823529411765,0.9410541757685641
25,191,201,108,0.9572941176470589,0.9450130418435163
26,179,208,113,0.947764705882353,0.9279506299027588
27,162,212,126,0.9338823529411765,0.8988353204911849
28,155,215,130,0.9285882352941176,0.8856647210871572
29,144,221,135,0.9267058823529412,0.873612222863688
30,127,228,145,0.9243529411764706,0.8519367988445917
31,109,235,156,0.9267058823529412,0.8326992541156927
32,93,243,164,0.9252941176470588,0.7999719026828763
33,84,239,177,0.93,0.7924077422153147
34,69,242,189,0.9330588235294117,0.7580811717980479
35,61,241,198,0.939764705882353,0.753929285444153
36,46,243,211,0.955764705882353,0.7603094120522004
37,39,243,218,0.9602352941176471,0.7458029474002503
38,34,241,225,0.9618823529411765,0.7204040854144832
39,25,243,232,0.9656470588235294,0.6570916494463259
40,17,237,246,0.976,0.6476709806370595
41,12,232,256,0.9827058823529412,0.6403110831298201
42,8,229,263,0.9883529411764705,0.6366311343762004
43,7,221,272,0.9901176470588235,0.6476709806370595
44,7,218,275,0.9903529411764705,0.6560822920739044
45,5,210,285,0.9929411764705882,0.6476709806370595
46,5,200,295,0.9932941176470588,0.6653347346544338
47,2,195,303,0.9975294117647059,0.6918303656804954
48,2,186,312,0.9975294117647059,0.6918303656804954
49,2,179,319,0.9975294117647059,0.6918303656804954
50,1,174,325,0.9990588235294118,0.7654293407528884
51,1,173,326,0.9990588235294118,0.7654293407528884
52,1,166,333,0.9990588235294118,0.7654293407528884
53,1,162,337,0.9991764705882353,0.7948689307818457
54,0,157,343,1.0,
55,0,142,358,1.0,
56,0,137,363,1.0,
57,0,133,367,1.0,
58,0,127,373,1.0,
59,0,115,385,1.0,
60,0,112,388,1.0,
61,0,110,390,1.0,
62,0,106,394,1.0,
63,0,101,399,1.0,
64,0,98,402,1.0,
65,0,94,406,1.0,
66,0,92,408,1.0,
67,0,88,412,1.0,
68,0,85,415,1.0,
69,0,81,419,1.0,
70,0,80,420,1.0,
71,0,78,422,1.0,
72,0,75,425,1.0,
73,0,74,426,1.0,
74,0,70,430,1.0,
75,0,69,431,1.0,
76,0,64,436,1.0,
77,0,59,441,1.0,
78,0,57,443,1.0,
79,0,55,445,1.0,
80,0,55,445,1.0,
81,0,51,449,1.0,
82,0,49,451,1.0,
83,0,44,456,1.0,
84,0,41,459,1.0,
85,0,39,461,1.0,
86,0,37,463,1.0,
87,0,33,467,1.0,
88,0,32,468,1.0,
89,0,32,468,1.0,
90,0,29,471,1.0,
91,0,29,471,1.0,
92,0,29,471,1.0,
93,0,28,472,1.0,
94,0,24,476,1.0,
95,0,24,476,1.0,
96,0,24,476,1.0,
97,0,24,476,1.0,
98,0,24,476,1.0,
99,0,23,477,1.0,
100,0,23,477,1.0,
101,0,22,478,1.0,
102,0,22,478,1.0,
103,0,22,478,1.0,
104,0,21,479,1.0,
105,0,21,479,1.0,
106,0,20,480,1.0,
107,0,20,480,1.0,
108,0,20,480,1.0,
109,0,20,480,1.0,
110,0,19,481,1.0,
111,0,19,481,1.0,
112,0,17,483,1.0,
113,0,17,483,1.0,
114,0,17,483,1.0,
115,0,17,483,1.0,
116,0,16,484,1.0,
117,0,13,487,1.0,
118,0,13,487,1.0,
119,0,13,487,1.0,
120,0,13,487,1.0,
121,0,13,487,1.0,
122,0,12,488,1.0,
123,0,12,488,1.0,
124,0,12,488,1.0,
125,0,12,488,1.0,
126,0,11,489,1.0,
127,0,11,489,1.0,
128,0,11,489,1.0,
129,0,11,489,1.0,
130,0,9,491,1.0,
131,0,9,491,1.0,
132,0,8,492,1.0,
133,0,8,492,1.0,
134,0,8,492,1.0,
135,0,8,492,1.0,
136,0,8,492,1.0,
137,0,8,492,1.0,
138,0,8,492,1.0,
139,0,8,492,1.0,
140,0,7,493,1.0,
141,0,6,494,1.0,
142,0,6,494,1.0,
143,0,6,494,1.0,
144,0,6,494,1.0,
145,0,6,494,1.0,
146,0,6,494,1.0,
147,0,5,495,1.0,
148,0,5,495,1.0,
149,0,5,495,1.0,
150,0,5,495,1.0,
151,0,5,495,1.0,
152,0,4,496,1.0,
153,0,3,497,1.0,
154,0,3,497,1.0,
155,0,3,497,1.0,
156,0,2,498,1.0,
157,0,2,498,1.0,
158,0,2,498,1.0,
159,0,1,499,1.0,
160,0,1,499,1.0,
161,0,1,499,1.0,
162,0,1,499,1.0,
163,0,1,499,1.0,
164,0,1,499,1.0,
165,0,1,499,1.0,
166,0,1,499,1.0,
167,0,1,499,1.0,
168,0,1,499,1.0,
169,0,1,499,1.0,
170,0,1,499,1.0,
171,0,1,499,1.0,
172,0,1,499,1.0,
173,0,1,499,1.0,
174,0,1,499,1.0,
175,0,1,499,1.0,
176,0,1,499,1.0,
177,0,1,499,1.0,
178,0,1,499,1.0,
179,0,1,499,1.0,
180,0,1,499,1.0,
181,0,1,499,1.0,
182,0,1,499,1.0,
183,0,1,499,1.0,
184,0,1,499,1.0,
185,0,1,499,1.0,
186,0,1,499,1.0,
187,0,1,499,1.0,
188,0,1,499,1.0,
189,0,1,499,1.0,
190,0,1,499,1.0,
191,0,1,499,1.0,
192,0,0,500,1.0,
193,0,0,500,1.0,
194,0,0,500,1.0,
195,0,0,500,1.0,
196,0,0,500,1.0,
197,0,0,500,1.0,
198,0,0,500,1.0,
199,0,0,500,1.0,
200,0,0,500,1.0,
1,495,5,0,0.9898823529411764,1.0
2,493,7,0,0.9862352941176471,0.9981201591793801
3,491,9,0,0.9823529411764705,0.9961064100405389
4,486,13,1,0.9755294117647059,0.9924798478011962
5,478,19,3,0.9654117647058823,0.9869566540407582
6,468,28,4,0.9590588235294117,0.9831605805024607
7,458,38,4,0.9494117647058824,0.9773897903779732
8,448,48,4,0.9452941176470588,0.9744569382170011
9,432,62,6,0.937764705882353,0.9689347902273757
10,416,76,8,0.9255294117647059,0.960133478090019
11,398,92,10,0.9287058823529412,0.9601057078562648
12,381,106,13,0.9352941176470588,0.9624418013936302
13,368,115,17,0.9452941176470588,0.967795844766487
14,350,127,23,0.956,0.9735422212591083
15,334,132,34,0.9496470588235294,0.9672567283635914
16,329,128,43,0.9498823529411765,0.9668632279146834
17,312,143,45,0.9534117647058824,0.9676145241313707
18,301,145,54,0.9548235294117647,0.9674631602258787
19,292,146,62,0.9495294117647058,0.9617375302186248
20,284,145,71,0.9471764705882353,0.9584332446337499
21,274,150,76,0.9405882352941176,0.9506868618292876
22,266,152,82,0.9369411764705883,0.9456104588540922
23,256,160,84,0.9251764705882353,0.9317473223455568
24,240,170,90,0.9274117647058824,0.9291531047472867
25,226,174,100,0.9168235294117647,0.9126848386883306
26,211,181,108,0.910235294117647,0.8982664303723231
27,191,193,116,0.9145882352941177,0.8927936613835156
28,175,200,125,0.9217647058823529,0.892827081329404
29,160,209,131,0.9304705882352942,0.895965580198935
30,152,204,144,0.9261176470588235,0.8830293007400422
31,136,208,156,0.9378823529411765,0.8903598876109955
32,120,214,166,0.9369411764705883,0.8730859783331258
33,105,222,173,0.9445882352941176,0.8725228787018242
34,90,226,184,0.9512941176470588,0.8691536659078698
35,76,232,192,0.9496470588235294,0.8386813317811659
36,63,234,203,0.9438823529411765,0.7813007384309656
37,55,231,214,0.9438823529411765,0.7487433415666187
38,45,233,222,0.945764705882353,0.7022790901716415
39,36,232,232,0.9542352941176471,0.685691113532882
40,30,232,238,0.9607058823529412,0.6760011073775671
41,25,232,243,0.9643529411764706,0.6468325464761443
42,15,234,251,0.9772941176470589,0.6247590409291215
43,8,232,260,0.987764705882353,0.6208173435100105
44,5,223,272,0.9925882352941177,0.632642435767344
45,2,213,285,0.9969411764705882,0.6208173435100105
46,2,202,296,0.9969411764705882,0.6208173435100105
47,0,194,306,1.0,
48,0,188,312,1.0,
49,0,182,318,1.0,
50,0,176,324,1.0,
51,0,162,338,1.0,
52,0,154,346,1.0,
53,0,143,357,1.0,
54,0,139,361,1.0,
55,0,131,369,1.0,
56,0,125,375,1.0,
57,0,118,382,1.0,
58,0,111,389,1.0,
59,0,105,395,1.0,
60,0,100,400,1.0,
61,0,95,405,1.0,
62,0,89,411,1.0,
63,0,86,414,1.0,
64,0,83,417,1.0,
65,0,81,419,1.0,
66,0,77,423,1.0,
67,0,75,425,1.0,
68,0,72,428,1.0,
69,0,68,432,1.0,
70,0,64,436,1.0,
71,0,61,439,1.0,
72,0,56,444,1.0,
73,0,56,444,1.0,
74,0,54,446,1.0,
75,0,53,447,1.0,
76,0,53,447,1.0,
77,0,51,449,1.0,
78,0,49,451,1.0,
79,0,48,452,1.0,
80,0,45,455,1.0,
81,0,44,456,1.0,
82,0,43,457,1.0,
83,0,43,457,1.0,
84,0,40,460,1.0,
85,0,36,464,1.0,
86,0,35,465,1.0,
87,0,31,469,1.0,
88,0,29,471,1.0,
89,0,27,473,1.0,
90,0,26,474,1.0,
91,0,24,476,1.0,
92,0,22,478,1.0,
93,0,20,480,1.0,
94,0,19,481,1.0,
95,0,19,481,1.0,
96,0,19,481,1.0,
97,0,17,483,1.0,
98,0,16,484,1.0,
99,0,16,484,1.0,
100,0,14,486,1.0,
101,0,12,488,1.0,
102,0,11,489,1.0,
103,0,11,489,1.0,
104,0,11,489,1.0,
105,0,11,489,1.0,
106,0,11,489,1.0,
107,0,11,489,1.0,
108,0,9,491,1.0,
109,0,9,491,1.0,
110,0,8,492,1.0,
111,0,7,493,1.0,
112,0,7,493,1.0,
113,0,7,493,1.0,
114,0,7,493,1.0,
115,0,6,494,1.0,
116,0,6,494,1.0,
117,0,6,494,1.0,
118,0,6,494,1.0,
119,0,6,494,1.0,
120,0,6,494,1.0,
121,0,5,495,1.0,
122,0,4,496,1.0,
123,0,4,496,1.0,
124,0,4,496,1.0,
125,0,4,496,1.0,
126,0,3,497,1.0,
127,0,3,497,1.0,
128,0,2,498,1.0,
129,0,2,498,1.0,
130,0,2,498,1.0,
131,0,2,498,1.0,
132,0,2,498,1.0,
133,0,2,498,1.0,
134,0,2,498,1.0,
135,0,2,498,1.0,
136,0,2,498,1.0,
137,0,2,498,1.0,
138,0,2,498,1.0,
139,0,2,498,1.0,
140,0,2,498,1.0,
141,0,2,498,1.0,
142,0,2,498,1.0,
143,0,2,498,1.0,
144,0,2,498,1.0,
145,0,2,498,1.0,
146,0,2,498,1.0,
147,0,1,499,1.0,
148,0,1,499,1.0,
149,0,1,499,1.0,
150,0,1,499,1.0,
151,0,1,499,1.0,
152,0,1,499,1.0,
153,0,1,499,1.0,
154,0,1,499,1.0,
155,0,1,499,1.0,
156,0,1,499,1.0,
157,0,1,499,1.0,
158,0,1,499,1.0,
159,0,1,499,1.0,
160,0,1,499,1.0,
161,0,1,499,1.0,
162,0,1,499,1.0,
163,0,0,500,1.0,
164,0,0,500,1.0,
165,0,0,500,1.0,
166,0,0,500,1.0,
167,0,0,500,1.0,
168,0,0,500,1.0,
169,0,0,500,1.0,
170,0,0,500,1.0,
171,0,0,500,1.0,
172,0,0,500,1.0,
173,0,0,500,1.0,
174,0,0,500,1.0,
175,0,0,500,1.0,
176,0,0,500,1.0,
177,0,0,500,1.0,
178,0,0,500,1.0,
179,0,0,500,1.0,
180,0,0,500,1.0,
181,0,0,500,1.0,
182,0,0,500,1.0,
183,0,0,500,1.0,
184,0,0,500,1.0,
185,0,0,500,1.0,
186,0,0,500,1.0,
187,0,0,500,1.0,
188,0,0,500,1.0,
189,0,0,500,1.0,
190,0,0,500,1.0,
191,0,0,500,1.0,
192,0,0,500,1.0,
193,0,0,500,1.0,
194,0,0,500,1.0,
195,0,0,500,1.0,
196,0,0,500,1.0,
197,0,0,500,1.0,
198,0,0,500,1.0,
199,0,0,500,1.0,
200,0,0,500,1.0,
1,498,2,0,0.9978823529411764,1.0
2,495,5,0,0.9916470588235294,0.9968444905275132
3,493,6,1,0.9902352941176471,0.9961089114896686
4,486,13,1,0.9729411764705882,0.9871386082875802
5,478,21,1,0.9574117647058824,0.9787763469977088
6,468,30,2,0.943764705882353,0.9709997938242577
7,462,35,3,0.9438823529411765,0.9706747203136896
8,447,49,4,0.94,0.9674751945141551
9,430,64,6,0.9409411764705883,0.9666668885617477
10,417,72,11,0.9423529411764706,0.9664459697725751
11,404,85,11,0.947764705882353,0.968686498323882
12,397,90,13,0.9398823529411765,0.9631467024231164
13,380,100,20,0.9271764705882353,0.9530913986229349
14,373,105,22,0.9228235294117647,0.9493039033532334
15,362,112,26,0.9177647058823529,0.9442407818860328
16,350,115,35,0.9188235294117647,0.9430545779576172
17,336,123,41,0.9108235294117647,0.93468646656422
18,316,136,48,0.9141176470588235,0.9330994296940317
19,301,142,57,0.9147058823529411,0.9301853050990767
20,288,149,63,0.9245882352941176,0.9355765153921
21,274,158,68,0.9230588235294117,0.9308244622165439
22,252,170,78,0.9331764705882353,0.9346973157294917
23,240,177,83,0.9403529411764706,0.9388625606427112
24,224,183,93,0.9410588235294117,0.9352084783240313
25,215,187,98,0.9436470588235294,0.9354604871953159
26,209,182,109,0.9485882352941176,0.9394897231279962
27,200,180,120,0.9524705882352941,0.9415771128356772
28,182,192,126,0.939764705882353,0.9182322630139496
29,174,192,134,0.9395294117647058,0.9140856283705606
30,166,196,138,0.9297647058823529,0.8951725698995934
31,151,201,148,0.9289411764705883,0.8832889633643701
32,134,210,156,0.9298823529411765,0.8700722545427334
33,116,221,163,0.9258823529411765,0.8410704583146744
34,99,231,170,0.9247058823529412,0.8105692547082418
35,81,240,179,0.9363529411764706,0.8042016113634197
36,69,245,186,0.9425882352941176,0.7926584210686464
37,53,254,193,0.9532941176470588,0.7802638355620076
38,33,264,203,0.9594117647058824,0.6926531971971776
39,24,261,215,0.9652941176470589,0.6382283216767466
40,21,255,224,0.9695294117647059,0.6373785968442652
41,13,250,237,0.9801176470588235,0.6174100632809533
42,8,249,243,0.9882352941176471,0.6316854404666402
43,4,246,250,0.9943529411764706,0.6477452398005379
44,4,233,263,0.9943529411764706,0.6477452398005379
45,3,222,275,0.9954117647058823,0.6183022743550589
46,2,212,286,0.9971764705882353,0.6477452398005379
47,1,198,301,0.9984705882352941,0.6183022743550589
48,0,190,310,1.0,
49,0,181,319,1.0,
50,0,177,323,1.0,
51,0,170,330,1.0,
52,0,162,338,1.0,
53,0,155,345,1.0,
54,0,146,354,1.0,
55,0,137,363,1.0,
56,0,133,367,1.0,
57,0,120,380,1.0,
58,0,113,387,1.0,
59,0,108,392,1.0,
60,0,102,398,1.0,
61,0,96,404,1.0,
62,0,91,409,1.0,
63,0,91,409,1.0,
64,0,87,413,1.0,
65,0,80,420,1.0,
66,0,75,425,1.0,
67,0,72,428,1.0,
68,0,69,431,1.0,
69,0,67,433,1.0,
70,0,67,433,1.0,
71,0,65,435,1.0,
72,0,63,437,1.0,
73,0,62,438,1.0,
74,0,60,440,1.0,
75,0,59,441,1.0,
76,0,58,442,1.0,
77,0,55,445,1.0,
78,0,52,448,1.0,
79,0,51,449,1.0,
80,0,49,451,1.0,
81,0,49,451,1.0,
82,0,48,452,1.0,
83,0,46,454,1.0,
84,0,42,458,1.0,
85,0,40,460,1.0,
86,0,40,460,1.0,
87,0,40,460,1.0,
88,0,38,462,1.0,
89,0,36,464,1.0,
90,0,35,465,1.0,
91,0,35,465,1.0,
92,0,35,465,1.0,
93,0,32,468,1.0,
94,0,31,469,1.0,
95,0,30,470,1.0,
96,0,30,470,1.0,
97,0,28,472,1.0,
98,0,27,473,1.0,
99,0,24,476,1.0,
100,0,23,477,1.0,
101,0,22,478,1.0,
102,0,22,478,1.0,
103,0,22,478,1.0,
104,0,22,478,1.0,
105,0,22,478,1.0,
106,0,22,478,1.0,
107,0,22,478,1.0,
108,0,20,480,1.0,
109,0,19,481,1.0,
110,0,17,483,1.0,
111,0,16,484,1.0,
112,0,15,485,1.0,
113,0,14,486,1.0,
114,0,13,487,1.0,
115,0,13,487,1.0,
116,0,13,487,1.0,
117,0,13,487,1.0,
118,0,12,488,1.0,
119,0,12,488,1.0,
120,0,12,488,1.0,
121,0,12,488,1.0,
122,0,9,491,1.0,
123,0,9,491,1.0,
124,0,9,491,1.0,
125,0,9,491,1.0,
126,0,9,491,1.0,
127,0,8,492,1.0,
128,0,8,492,1.0,
129,0,8,492,1.0,
130,0,8,492,1.0,
131,0,8,492,1.0,
132,0,8,492,1.0,
133,0,7,493,1.0,
134,0,6,494,1.0,
135,0,5,495,1.0,
136,0,5,495,1.0,
137,0,5,495,1.0,
138,0,5,495,1.0,
139,0,5,495,1.0,
140,0,5,495,1.0,
141,0,5,495,1.0,
142,0,5,495,1.0,
143,0,5,495,1.0,
144,0,5,495,1.0,
145,0,5,495,1.0,
146,0,5,495,1.0,
147,0,4,496,1.0,
148,0,4,496,1.0,
149,0,4,496,1.0,
150,0,4,496,1.0,
151,0,3,497,1.0,
152,0,3,497,1.0,
153,0,3,497,1.0,
154,0,3,497,1.0,
155,0,3,497,1.0,
156,0,3,497,1.0,
157,0,2,498,1.0,
158,0,2,498,1.0,
159,0,2,498,1.0,
160,0,2,498,1.0,
161,0,2,498,1.0,
162,0,2,498,1.0,
163,0,2,498,1.0,
164,0,2,498,1.0,
165,0,2,498,1.0,
166,0,1,499,1.0,
167,0,1,499,1.0,
168,0,1,499,1.0,
169,0,1,499,1.0,
170,0,1,499,1.0,
171,0,1,499,1.0,
172,0,1,499,1.0,
173,0,1,499,1.0,
174,0,1,499,1.0,
175,0,1,499,1.0,
176,0,1,499,1.0,
177,0,1,499,1.0,
178,0,1,499,1.0,
179,0,0,500,1.0,
180,0,0,500,1.0,
181,0,0,500,1.0,
182,0,0,500,1.0,
183,0,0,500,1.0,
184,0,0,500,1.0,
185,0,0,500,1.0,
186,0,0,500,1.0,
187,0,0,500,1.0,
188,0,0,500,1.0,
189,0,0,500,1.0,
190,0,0,500,1.0,
191,0,0,500,1.0,
192,0,0,500,1.0,
193,0,0,500,1.0,
194,0,0,500,1.0,
195,0,0,500,1.0,
196,0,0,500,1.0,
197,0,0,500,1.0,
198,0,0,500,1.0,
199,0,0,500,1.0,
200,0,0,500,1.0,
1,499,1,0,1.0,1.0
2,498,2,0,0.998,0.9989924045558347
3,496,4,0,0.9924705882352941,0.9961994401866319
4,488,11,1,0.9765882352941176,0.9879949968064723
5,486,13,1,0.9727058823529412,0.9859502274534955
6,486,12,2,0.9758823529411764,0.987587882141259
7,480,18,2,0.9635294117647059,0.9809967320261439
8,473,24,3,0.9536470588235294,0.9754865082685006
9,464,31,5,0.9443529411764706,0.9700011744509717
10,456,36,8,0.943764705882353,0.9691318872046426
11,449,41,10,0.9441176470588235,0.968839222265136
12,438,49,13,0.9443529411764706,0.9682031550685862
13,424,60,16,0.9337647058823529,0.9608978239666363
14,413,68,19,0.9356470588235294,0.9610130647019979
15,401,76,23,0.9303529411764706,0.9565413560572721
16,383,87,30,0.9168235294117647,0.9456630504088652
17,362,103,35,0.9141176470588235,0.9406372795225574
18,352,108,40,0.9163529411764706,0.9405686448132972
19,338,117,45,0.9118823529411765,0.934826561070905
20,323,130,47,0.9056470588235294,0.9269787397086615
21,305,141,54,0.902,0.9196969279515084
22,287,152,61,0.9056470588235294,0.9178490908558546
23,268,163,69,0.9255294117647059,0.9305750658472345
24,253,172,75,0.9376470588235294,0.9384329225761451
25,239,180,81,0.9422352941176471,0.9395836995886222
26,229,183,88,0.9408235294117647,0.9354152141205828
27,213,192,95,0.9469411764705883,0.9377480569692667
28,199,198,103,0.938,0.9221485579156288
29,185,203,112,0.9357647058823529,0.9132455144219851
30,168,210,122,0.9308235294117647,0.8971338535414167
31,157,213,130,0.9296470588235294,0.8880693678745386
32,136,224,140,0.9315294117647058,0.874270884824518
33,120,231,149,0.926,0.846015406162465
34,108,229,163,0.9317647058823529,0.8422254760490057
35,89,239,172,0.9301176470588235,0.8037816556653304
36,74,241,185,0.9337647058823529,0.7761450526156408
37,62,240,198,0.9461176470588235,0.7826277138421351
38,54,237,209,0.9456470588235294,0.748211809976516
39,44,234,222,0.946,0.693130888719124
40,37,231,232,0.9509411764705883,0.6685063214474979
41,27,231,242,0.9609411764705882,0.6379481085363438
42,19,230,251,0.9718823529411764,0.6294680551646495
43,13,220,267,0.9807058823529412,0.6281365693130397
44,11,213,276,0.9832941176470589,0.6192675417274347
45,9,209,282,0.9863529411764705,0.6196276490394137
46,7,201,292,0.9894117647058823,0.6201935319582379
47,3,200,297,0.9955294117647059,0.6235888294711823
48,0,193,307,1.0,
49,0,187,313,1.0,
50,0,178,322,1.0,
51,0,173,327,1.0,
52,0,167,333,1.0,
53,0,164,336,1.0,
54,0,151,349,1.0,
55,0,146,354,1.0,
56,0,140,360,1.0,
57,0,134,366,1.0,
58,0,126,374,1.0,
59,0,121,379,1.0,
60,0,115,385,1.0,
61,0,110,390,1.0,
62,0,106,394,1.0,
63,0,100,400,1.0,
64,0,98,402,1.0,
65,0,96,404,1.0,
66,0,95,405,1.0,
67,0,92,408,1.0,
68,0,90,410,1.0,
69,0,87,413,1.0,
70,0,83,417,1.0,
71,0,81,419,1.0,
72,0,79,421,1.0,
73,0,74,426,1.0,
74,0,73,427,1.0,
75,0,72,428,1.0,
76,0,69,431,1.0,
77,0,65,435,1.0,
78,0,62,438,1.0,
79,0,57,443,1.0,
80,0,56,444,1.0,
81,0,55,445,1.0,
82,0,51,449,1.0,
83,0,51,449,1.0,
84,0,48,452,1.0,
85,0,46,454,1.0,
86,0,45,455,1.0,
87,0,45,455,1.0,
88,0,42,458,1.0,
89,0,41,459,1.0,
90,0,39,461,1.0,
91,0,34,466,1.0,
92,0,33,467,1.0,
93,0,32,468,1.0,
94,0,31,469,1.0,
95,0,30,470,1.0,
96,0,30,470,1.0,
97,0,28,472,1.0,
98,0,27,473,1.0,
99,0,27,473,1.0,
100,0,26,474,1.0,
101,0,26,474,1.0,
102,0,26,474,1.0,
103,0,26,474,1.0,
104,0,26,474,1.0,
105,0,23,477,1.0,
106,0,22,478,1.0,
107,0,21,479,1.0,
108,0,21,479,1.0,
109,0,21,479,1.0,
110,0,21,479,1.0,
111,0,20,480,1.0,
112,0,20,480,1.0,
113,0,18,482,1.0,
114,0,18,482,1.0,
115,0,18,482,1.0,
116,0,17,483,1.0,
117,0,16,484,1.0,
118,0,14,486,1.0,
119,0,14,486,1.0,
120,0,14,486,1.0,
121,0,14,486,1.0,
122,0,14,486,1.0,
123,0,14,486,1.0,
124,0,14,486,1.0,
125,0,13,487,1.0,
126,0,12,488,1.0,
127,0,12,488,1.0,
128,0,12,488,1.0,
129,0,12,488,1.0,
130,0,12,488,1.0,
131,0,11,489,1.0,
132,0,11,489,1.0,
133,0,11,489,1.0,
134,0,11,489,1.0,
135,0,11,489,1.0,
136,0,9,491,1.0,
137,0,7,493,1.0,
138,0,6,494,1.0,
139,0,5,495,1.0,
140,0,5,495,1.0,
141,0,5,495,1.0,
142,0,5,495,1.0,
143,0,5,495,1.0,
144,0,5,495,1.0,
145,0,5,495,1.0,
146,0,5,495,1.0,
147,0,5,495,1.0,
148,0,5,495,1.0,
149,0,5,495,1.0,
150,0,5,495,1.0,
151,0,5,495,1.0,
152,0,5,495,1.0,
153,0,4,496,1.0,
154,0,4,496,1.0,
155,0,4,496,1.0,
156,0,4,496,1.0,
157,0,3,497,1.0,
158,0,3,497,1.0,
159,0,3,497,1.0,
160,0,3,497,1.0,
161,0,3,497,1.0,
162,0,3,497,1.0,
163,0,3,497,1.0,
164,0,3,497,1.0,
165,0,2,498,1.0,
166,0,2,498,1.0,
167,0,2,498,1.0,
168,0,2,498,1.0,
169,0,2,498,1.0,
170,0,2,498,1.0,
171,0,2,498,1.0,
172,0,2,498,1.0,
173,0,1,499,1.0,
174,0,1,499,1.0,
175,0,1,499,1.0,
176,0,1,499,1.0,
177,0,1,499,1.0,
178,0,1,499,1.0,
179,0,1,499,1.0,
180,0,1,499,1.0,
181,0,1,499,1.0,
182,0,1,499,1.0,
183,0,1,499,1.0,
184,0,1,499,1.0,
185,0,1,499,1.0,
186,0,1,499,1.0,
187,0,1,499,1.0,
188,0,1,499,1.0,
189,0,1,499,1.0,
190,0,1,499,1.0,
191,0,1,499,1.0,
192,0,1,499,1.0,
193,0,1,499,1.0,
194,0,1,499,1.0,
195,0,1,499,1.0,
196,0,1,499,1.0,
197,0,1,499,1.0,
198,0,1,499,1.0,
199,0,1,499,1.0,
200,0,1,499,1.0,
1,496,4,0,0.9925882352941177,1.0
2,493,7,0,0.9861176470588235,0.9966818320237831
3,488,12,0,0.9748235294117648,0.9907998597516494
4,484,16,0,0.9643529411764706,0.9852585430934024
5,473,26,1,0.9462352941176471,0.9752143597783764
6,464,35,1,0.9317647058823529,0.9668345415396596
7,452,46,2,0.9217647058823529,0.9603079236519724
8,437,59,4,0.916235294117647,0.9556465570729732
9,420,74,6,0.9209411764705883,0.9565086508492938
10,400,91,9,0.9310588235294117,0.9604595850947854
11,384,106,10,0.9337647058823529,0.9604258722317172
12,369,120,11,0.9372941176470588,0.9610864473731231
13,360,125,15,0.9407058823529412,0.9624301927331509
14,346,138,16,0.9502352941176471,0.9676448601987373
15,339,139,22,0.9527058823529412,0.9687228527236471
16,325,145,30,0.9438823529411765,0.9603955567476786
17,315,150,35,0.9441176470588235,0.9592036715918797
18,300,156,44,0.9429411764705883,0.9560305530497782
19,285,163,52,0.9355294117647058,0.9470017870590517
20,271,168,61,0.9341176470588235,0.9427627184099684
21,256,175,69,0.9356470588235294,0.9406981096002583
22,240,184,76,0.9249411764705883,0.9253114305623086
23,220,193,87,0.9143529411764706,0.9061084644776091
24,204,203,93,0.9103529411764706,0.8935049212539696
25,183,219,98,0.8927058823529411,0.8566356351540878
26,163,228,109,0.884235294117647,0.8255437772620324
27,133,249,118,0.8930588235294118,0.8019737612431925
28,107,256,137,0.9117647058823529,0.7968132930627931
29,90,257,153,0.9294117647058824,0.8069287110106111
30,68,268,164,0.9475294117647058,0.8099882858598202
31,57,271,172,0.9405882352941176,0.7420064139495
32,44,266,190,0.9450588235294117,0.6904134494158897
33,32,267,201,0.9550588235294117,0.6513302779596453
34,25,260,215,0.9627058823529412,0.6294101541574907
35,13,258,229,0.9804705882352941,0.6267758787251673
36,10,248,242,0.9851764705882353,0.631771918338194
37,5,240,255,0.9925882352941177,0.6317719183381941
38,3,229,268,0.9956470588235294,0.639644465607206
39,1,224,275,0.9984705882352941,0.6199630974346766
40,0,219,281,1.0,
41,0,212,288,1.0,
42,0,207,293,1.0,
43,0,191,309,1.0,
44,0,187,313,1.0,
45,0,180,320,1.0,
46,0,175,325,1.0,
47,0,164,336,1.0,
48,0,154,346,1.0,
49,0,147,353,1.0,
50,0,143,357,1.0,
51,0,134,366,1.0,
52,0,127,373,1.0,
53,0,122,378,1.0,
54,0,113,387,1.0,
55,0,112,388,1.0,
56,0,107,393,1.0,
57,0,103,397,1.0,
58,0,101,399,1.0,
59,0,100,400,1.0,
60,0,97,403,1.0,
61,0,93,407,1.0,
62,0,92,408,1.0,
63,0,90,410,1.0,
64,0,87,413,1.0,
65,0,83,417,1.0,
66,0,82,418,1.0,
67,0,79,421,1.0,
68,0,74,426,1.0,
69,0,70,430,1.0,
70,0,66,434,1.0,
71,0,65,435,1.0,
72,0,60,440,1.0,
73,0,59,441,1.0,
74,0,55,445,1.0,
75,0,54,446,1.0,
76,0,49,451,1.0,
77,0,46,454,1.0,
78,0,46,454,1.0,
79,0,45,455,1.0,
80,0,40,460,1.0,
81,0,40,460,1.0,
82,0,40,460,1.0,
83,0,39,461,1.0,
84,0,38,462,1.0,
85,0,38,462,1.0,
86,0,37,463,1.0,
87,0,35,465,1.0,
88,0,31,469,1.0,
89,0,28,472,1.0,
90,0,28,472,1.0,
91,0,27,473,1.0,
92,0,26,474,1.0,
93,0,26,474,1.0,
94,0,26,474,1.0,
95,0,26,474,1.0,
96,0,25,475,1.0,
97,0,25,475,1.0,
98,0,22,478,1.0,
99,0,19,481,1.0,
100,0,19,481,1.0,
101,0,18,482,1.0,
102,0,17,483,1.0,
103,0,17,483,1.0,
104,0,17,483,1.0,
105,0,17,483,1.0,
106,0,17,483,1.0,
107,0,16,484,1.0,
108,0,16,484,1.0,
109,0,13,487,1.0,
110,0,12,488,1.0,
111,0,10,490,1.0,
112,0,10,490,1.0,
113,0,10,490,1.0,
114,0,10,490,1.0,
115,0,10,490,1.0,
116,0,10,490,1.0,
117,0,10,490,1.0,
118,0,10,490,1.0,
119,0,9,491,1.0,
120,0,9,491,1.0,
121,0,9,491,1.0,
122,0,8,492,1.0,
123,0,8,492,1.0,
124,0,8,492,1.0,
125,0,8,492,1.0,
126,0,7,493,1.0,
127,0,7,493,1.0,
128,0,7,493,1.0,
129,0,5,495,1.0,
130,0,5,495,1.0,
131,0,5,495,1.0,
132,0,5,495,1.0,
133,0,4,496,1.0,
134,0,4,496,1.0,
135,0,4,496,1.0,
136,0,4,496,1.0,
137,0,4,496,1.0,
138,0,3,497,1.0,
139,0,3,497,1.0,
140,0,3,497,1.0,
141,0,3,497,1.0,
142,0,3,497,1.0,
143,0,3,497,1.0,
144,0,3,497,1.0,
145,0,3,497,1.0,
146,0,3,497,1.0,
147,0,3,497,1.0,
148,0,3,497,1.0,
149,0,2,498,1.0,
150,0,2,498,1.0,
151,0,2,498,1.0,
152,0,2,498,1.0,
153,0,2,498,1.0,
154,0,2,498,1.0,
155,0,2,498,1.0,
156,0,2,498,1.0,
157,0,2,498,1.0,
158,0,2,498,1.0,
159,0,2,498,1.0,
160,0,2,498,1.0,
161,0,2,498,1.0,
162,0,2,498,1.0,
163,0,2,498,1.0,
164,0,2,498,1.0,
165,0,2,498,1.0,
166,0,2,498,1.0,
167,0,2,498,1.0,
168,0,2,498,1.0,
169,0,2,498,1.0,
170,0,2,498,1.0,
171,0,2,498,1.0,
172,0,2,498,1.0,
173,0,2,498,1.0,
174,0,2,498,1.0,
175,0,1,499,1.0,
176,0,1,499,1.0,
177,0,1,499,1.0,
178,0,1,499,1.0,
179,0,1,499,1.0,
180,0,1,499,1.0,
181,0,1,499,1.0,
182,0,1,499,1.0,
183,0,1,499,1.0,
184,0,1,499,1.0,
185,0,1,499,1.0,
186,0,0,500,1.0,
187,0,0,500,1.0,
188,0,0,500,1.0,
189,0,0,500,1.0,
190,0,0,500,1.0,
191,0,0,500,1.0,
192,0,0,500,1.0,
193,0,0,500,1.0,
194,0,0,500,1.0,
195,0,0,500,1.0,
196,0,0,500,1.0,
197,0,0,500,1.0,
198,0,0,500,1.0,
199,0,0,500,1.0,
200,0,0,500,1.0,
1,497,3,0,0.994,1.0
2,491,9,0,0.981764705882353,0.9937176984288278
3,485,15,0,0.9708235294117648,0.98795284421394
4,481,18,1,0.9664705882352941,0.9855581357038328
5,473,23,4,0.9635294117647059,0.9837069001434131
6,463,30,7,0.9547058823529412,0.9785216467795572
7,454,38,8,0.9462352941176471,0.9733664621249876
8,441,49,10,0.9358823529411765,0.9666280710734508
9,428,59,13,0.9228235294117647,0.9578753129536958
10,414,70,16,0.9264705882352942,0.9585450463879271
11,396,84,20,0.914,0.9486301594735296
12,379,99,22,0.9076470588235294,0.9419664882763753
13,361,116,23,0.9003529411764706,0.9338497550150516
14,341,134,25,0.8932941176470588,0.9245829706599069
15,317,154,29,0.8827058823529412,0.9101896577986017
16,292,173,35,0.8792941176470588,0.8993016962954353
17,269,188,43,0.8655294117647059,0.877597910189402
18,243,200,57,0.8631764705882353,0.861745166917793
19,211,222,67,0.8725882352941177,0.8515282993666733
20,183,241,76,0.8790588235294118,0.8371941732491314
21,165,248,87,0.888,0.8327506213247325
22,143,257,100,0.8910588235294118,0.8119289845541222
23,118,271,111,0.9056470588235294,0.8025328396156548
24,94,284,122,0.9247058823529412,0.8021919010028338
25,76,292,132,0.9275294117647059,0.7639626273263723
26,64,294,142,0.9350588235294117,0.7486239888892486
27,50,298,152,0.9427058823529412,0.7157377452567507
28,35,303,162,0.9504705882352941,0.6481782468863995
29,25,299,176,0.9630588235294117,0.6325005935806944
30,18,294,188,0.9728235294117648,0.6244369977048213
31,9,294,197,0.9864705882352941,0.6260759399560151
32,6,288,206,0.9914117647058823,0.6441043047191464
33,4,283,213,0.9942352941176471,0.6416458913423558
34,3,276,221,0.9956470588235294,0.6391874779655652
35,3,266,231,0.9956470588235294,0.6391874779655652
36,0,258,242,1.0,
37,0,252,248,1.0,
38,0,243,257,1.0,
39,0,236,264,1.0,
40,0,229,271,1.0,
41,0,218,282,1.0,
42,0,206,294,1.0,
43,0,198,302,1.0,
44,0,189,311,1.0,
45,0,182,318,1.0,
46,0,174,326,1.0,
47,0,167,333,1.0,
48,0,162,338,1.0,
49,0,158,342,1.0,
50,0,149,351,1.0,
51,0,142,358,1.0,
52,0,134,366,1.0,
53,0,124,376,1.0,
54,0,112,388,1.0,
55,0,106,394,1.0,
56,0,101,399,1.0,
57,0,96,404,1.0,
58,0,93,407,1.0,
59,0,90,410,1.0,
60,0,87,413,1.0,
61,0,83,417,1.0,
62,0,80,420,1.0,
63,0,76,424,1.0,
64,0,73,427,1.0,
65,0,70,430,1.0,
66,0,69,431,1.0,
67,0,67,433,1.0,
68,0,65,435,1.0,
69,0,64,436,1.0,
70,0,62,438,1.0,
71,0,56,444,1.0,
72,0,54,446,1.0,
73,0,53,447,1.0,
74,0,47,453,1.0,
75,0,45,455,1.0,
76,0,45,455,1.0,
77,0,41,459,1.0,
78,0,39,461,1.0,
79,0,36,464,1.0,
80,0,34,466,1.0,
81,0,33,467,1.0,
82,0,30,470,1.0,
83,0,30,470,1.0,
84,0,29,471,1.0,
85,0,27,473,1.0,
86,0,27,473,1.0,
87,0,27,473,1.0,
88,0,27,473,1.0,
89,0,27,473,1.0,
90,0,26,474,1.0,
91,0,25,475,1.0,
92,0,25,475,1.0,
93,0,23,477,1.0,
94,0,20,480,1.0,
95,0,18,482,1.0,
96,0,17,483,1.0,
97,0,17,483,1.0,
98,0,17,483,1.0,
99,0,17,483,1.0,
100,0,15,485,1.0,
101,0,12,488,1.0,
102,0,11,489,1.0,
103,0,11,489,1.0,
104,0,9,491,1.0,
105,0,9,491,1.0,
106,0,9,491,1.0,
107,0,9,491,1.0,
108,0,9,491,1.0,
109,0,9,491,1.0,
110,0,8,492,1.0,
111,0,7,493,1.0,
112,0,6,494,1.0,
113,0,5,495,1.0,
114,0,4,496,1.0,
115,0,4,496,1.0,
116,0,4,496,1.0,
117,0,4,496,1.0,
118,0,4,496,1.0,
119,0,4,496,1.0,
120,0,4,496,1.0,
121,0,4,496,1.0,
122,0,4,496,1.0,
123,0,3,497,1.0,
124,0,2,498,1.0,
125,0,2,498,1.0,
126,0,2,498,1.0,
127,0,2,498,1.0,
128,0,2,498,1.0,
129,0,2,498,1.0,
130,0,2,498,1.0,
131,0,2,498,1.0,
132,0,2,498,1.0,
133,0,2,498,1.0,
134,0,2,498,1.0,
135,0,2,498,1.0,
136,0,2,498,1.0,
137,0,2,498,1.0,
138,0,2,498,1.0,
139,0,2,498,1.0,
140,0,2,498,1.0,
141,0,2,498,1.0,
142,0,2,498,1.0,
143,0,2,498,1.0,
144,0,1,499,1.0,
145,0,1,499,1.0,
146,0,1,499,1.0,
147,0,1,499,1.0,
148,0,0,500,1.0,
149,0,0,500,1.0,
150,0,0,500,1.0,
151,0,0,500,1.0,
152,0,0,500,1.0,
153,0,0,500,1.0,
154,0,0,500,1.0,
155,0,0,500,1.0,
156,0,0,500,1.0,
157,0,0,500,1.0,
158,0,0,500,1.0,
159,0,0,500,1.0,
160,0,0,500,1.0,
161,0,0,500,1.0,
162,0,0,500,1.0,
163,0,0,500,1.0,
164,0,0,500,1.0,
165,0,0,500,1.0,
166,0,0,500,1.0,
167,0,0,500,1.0,
168,0,0,500,1.0,
169,0,0,500,1.0,
170,0,0,500,1.0,
171,0,0,500,1.0,
172,0,0,500,1.0,
173,0,0,500,1.0,
174,0,0,500,1.0,
175,0,0,500,1.0,
176,0,0,500,1.0,
177,0,0,500,1.0,
178,0,0,500,1.0,
179,0,0,500,1.0,
180,0,0,500,1.0,
181,0,0,500,1.0,
182,0,0,500,1.0,
183,0,0,500,1.0,
184,0,0,500,1.0,
185,0,0,500,1.0,
186,0,0,500,1.0,
187,0,0,500,1.0,
188,0,0,500,1.0,
189,0,0,500,1.0,
190,0,0,500,1.0,
191,0,0,500,1.0,
192,0,0,500,1.0,
193,0,0,500,1.0,
194,0,0,500,1.0,
195,0,0,500,1.0,
196,0,0,500,1.0,
197,0,0,500,1.0,
198,0,0,500,1.0,
199,0,0,500,1.0,
200,0,0,500,1.0,
1,498,2,0,0.9968235294117647,1.0
2,498,2,0,0.9968235294117647,1.0
3,496,4,0,0.9927058823529412,0.9979148181011535
4,492,7,1,0.9870588235294118,0.9950108569408675
5,483,16,1,0.9685882352941176,0.985312515500394
6,477,22,1,0.9594117647058824,0.9802905247414799
7,468,30,2,0.9504705882352941,0.9750968837925359
8,466,31,3,0.9487058823529412,0.9740349059944933
9,457,37,6,0.9430588235294117,0.9703979698624764
10,440,53,7,0.9308235294117647,0.9622295716705656
11,428,59,13,0.9349411764705883,0.9635348166084801
12,419,63,18,0.942,0.9669356836851166
13,411,69,20,0.9436470588235294,0.967266516344943
14,400,76,24,0.954,0.9728075548231715
15,393,80,27,0.9531764705882353,0.9717699226822278
16,386,85,29,0.949764705882353,0.9690198895449205
17,371,96,33,0.9484705882352941,0.9668223659553359
18,361,103,36,0.9405882352941176,0.9603790169394438
19,353,105,42,0.9388235294117647,0.9582129042786457
20,340,111,49,0.9288235294117647,0.9492175404323221
21,326,121,53,0.9245882352941176,0.9437046691557011
22,313,132,55,0.9256470588235294,0.9421499341704812
23,298,144,58,0.9270588235294117,0.9403495309499847
24,281,154,65,0.9410588235294117,0.949086619550895
25,267,161,72,0.939764705882353,0.9451225631934085
26,257,163,80,0.943764705882353,0.9468187012735918
27,247,168,85,0.9481176470588235,0.9490242269133596
28,227,171,102,0.9527058823529412,0.9494449043419645
29,217,172,111,0.9472941176470588,0.9407881669999195
30,209,174,117,0.9462352941176471,0.9372430026425265
31,195,184,121,0.9483529411764706,0.9353549213283022
32,189,183,128,0.9515294117647058,0.9374069446372653
33,182,184,134,0.9491764705882353,0.9316962413932879
34,175,179,146,0.9431764705882353,0.9203198956956342
35,165,181,154,0.9511764705882353,0.9275447746574632
36,155,183,162,0.9474117647058824,0.9166304369510141
37,144,185,171,0.9476470588235294,0.9105366740459909
38,133,191,176,0.943764705882353,0.8957228919681635
39,119,204,177,0.9388235294117647,0.8728698932989348
40,105,207,188,0.9478823529411765,0.877317349655035
41,92,215,193,0.9488235294117647,0.8623268502648157
42,81,217,202,0.9482352941176471,0.841595157501694
43,67,220,213,0.9542352941176471,0.8305982825131535
44,59,220,221,0.9574117647058824,0.820921643739083
45,47,218,235,0.96,0.7885988300434486
46,40,215,245,0.963764705882353,0.7749331981239701
47,35,208,257,0.9636470588235294,0.7417350017202977
48,29,205,266,0.9681176470588235,0.7263103142306397
49,23,204,273,0.9711764705882353,0.6877975386752053
50,15,198,287,0.978,0.6343448683821353
51,11,197,292,0.9834117647058823,0.6239896749213518
52,6,191,303,0.9912941176470588,0.6382727003845016
53,3,186,311,0.9958823529411764,0.6579118603963324
54,2,184,314,0.9970588235294118,0.6333629103815439
55,1,180,319,0.9984705882352941,0.6186335403726708
56,1,171,328,0.9985882352941177,0.648092280390417
57,1,166,333,0.9985882352941177,0.648092280390417
58,1,160,339,0.9985882352941177,0.648092280390417
59,1,154,345,0.9987058823529412,0.6775510204081633
60,1,144,355,0.9988235294117647,0.7070097604259096
61,1,138,361,0.9988235294117647,0.7070097604259096
62,1,130,369,0.9989411764705882,0.7364685004436557
63,0,126,374,1.0,
64,0,121,379,1.0,
65,0,116,384,1.0,
66,0,113,387,1.0,
67,0,108,392,1.0,
68,0,104,396,1.0,
69,0,102,398,1.0,
70,0,101,399,1.0,
71,0,99,401,1.0,
72,0,94,406,1.0,
73,0,92,408,1.0,
74,0,89,411,1.0,
75,0,88,412,1.0,
76,0,86,414,1.0,
77,0,80,420,1.0,
78,0,73,427,1.0,
79,0,69,431,1.0,
80,0,65,435,1.0,
81,0,63,437,1.0,
82,0,59,441,1.0,
83,0,57,443,1.0,
84,0,56,444,1.0,
85,0,55,445,1.0,
86,0,54,446,1.0,
87,0,50,450,1.0,
88,0,49,451,1.0,
89,0,46,454,1.0,
90,0,46,454,1.0,
91,0,44,456,1.0,
92,0,42,458,1.0,
93,0,41,459,1.0,
94,0,40,460,1.0,
95,0,38,462,1.0,
96,0,35,465,1.0,
97,0,34,466,1.0,
98,0,33,467,1.0,
99,0,31,469,1.0,
100,0,29,471,1.0,
101,0,29,471,1.0,
102,0,27,473,1.0,
103,0,24,476,1.0,
104,0,23,477,1.0,
105,0,23,477,1.0,
106,0,23,477,1.0,
107,0,21,479,1.0,
108,0,21,479,1.0,
109,0,21,479,1.0,
110,0,20,480,1.0,
111,0,19,481,1.0,
112,0,19,481,1.0,
113,0,18,482,1.0,
114,0,16,484,1.0,
115,0,15,485,1.0,
116,0,15,485,1.0,
117,0,15,485,1.0,
118,0,14,486,1.0,
119,0,13,487,1.0,
120,0,13,487,1.0,
121,0,13,487,1.0,
122,0,13,487,1.0,
123,0,13,487,1.0,
124,0,13,487,1.0,
125,0,12,488,1.0,
126,0,12,488,1.0,
127,0,11,489,1.0,
128,0,10,490,1.0,
129,0,9,491,1.0,
130,0,9,491,1.0,
131,0,8,492,1.0,
132,0,8,492,1.0,
133,0,8,492,1.0,
134,0,8,492,1.0,
135,0,8,492,1.0,
136,0,7,493,1.0,
137,0,7,493,1.0,
138,0,7,493,1.0,
139,0,7,493,1.0,
140,0,7,493,1.0,
141,0,7,493,1.0,
142,0,7,493,1.0,
143,0,7,493,1.0,
144,0,7,493,1.0,
145,0,7,493,1.0,
146,0,7,493,1.0,
147,0,6,494,1.0,
148,0,6,494,1.0,
149,0,6,494,1.0,
150,0,5,495,1.0,
151,0,5,495,1.0,
152,0,5,495,1.0,
153,0,5,495,1.0,
154,0,4,496,1.0,
155,0,4,496,1.0,
156,0,4,496,1.0,
157,0,4,496,1.0,
158,0,4,496,1.0,
159,0,4,496,1.0,
160,0,4,496,1.0,
161,0,4,496,1.0,
162,0,4,496,1.0,
163,0,4,496,1.0,
164,0,4,496,1.0,
165,0,4,496,1.0,
166,0,4,496,1.0,
167,0,4,496,1.0,
168,0,3,497,1.0,
169,0,3,497,1.0,
170,0,3,497,1.0,
171,0,3,497,1.0,
172,0,2,498,1.0,
173,0,1,499,1.0,
174,0,1,499,1.0,
175,0,1,499,1.0,
176,0,1,499,1.0,
177,0,1,499,1.0,
178,0,1,499,1.0,
179,0,1,499,1.0,
180,0,0,500,1.0,
181,0,0,500,1.0,
182,0,0,500,1.0,
183,0,0,500,1.0,
184,0,0,500,1.0,
185,0,0,500,1.0,
186,0,0,500,1.0,
187,0,0,500,1.0,
188,0,0,500,1.0,
189,0,0,500,1.0,
190,0,0,500,1.0,
191,0,0,500,1.0,
192,0,0,500,1.0,
193,0,0,500,1.0,
194,0,0,500,1.0,
195,0,0,500,1.0,
196,0,0,500,1.0,
197,0,0,500,1.0,
198,0,0,500,1.0,
199,0,0,500,1.0,
200,0,0,500,1.0,
1,498,2,0,0.9975294117647059,1.0
2,498,2,0,0.9975294117647059,1.0
3,493,7,0,0.9861176470588235,0.9941967339504116
4,489,11,0,0.9789411764705882,0.9904690385314135
5,484,16,0,0.9721176470588235,0.9868304556669653
6,480,20,0,0.9647058823529412,0.9828414489045144
7,473,26,1,0.962,0.9811369773690607
8,464,34,2,0.961764705882353,0.9806160147234821
9,459,38,3,0.9624705882352941,0.9807463933459197
10,457,35,8,0.9665882352941176,0.9829139899583348
11,448,44,8,0.9655294117647059,0.9819422509516975
12,441,48,11,0.9645882352941176,0.9810996761502351
13,437,48,15,0.9651764705882353,0.981252245861811
14,430,52,18,0.9598823529411765,0.9778386925592887
15,426,55,19,0.9602352941176471,0.9778492502041888
16,419,61,20,0.9551764705882353,0.9744363046106599
17,408,69,23,0.951764705882353,0.9716378419490214
18,400,74,26,0.9531764705882353,0.9719290840435066
19,396,75,29,0.9511764705882353,0.9703707977918955
20,384,84,32,0.9512941176470588,0.9694846928764573
21,373,93,34,0.9542352941176471,0.9705240211952615
22,361,99,40,0.9555294117647058,0.9704024374472938
23,350,108,42,0.9631764705882353,0.9749327639001479
24,341,112,47,0.9594117647058824,0.9714402219369142
25,332,115,53,0.9463529411764706,0.9607813096370841
26,324,121,55,0.944,0.9579644897386802
27,311,130,59,0.9358823529411765,0.9496133194241755
28,292,143,65,0.9156470588235294,0.9289013936319777
29,273,159,68,0.8997647058823529,0.9092976490832495
30,250,174,76,0.8864705882352941,0.8875208184636605
31,227,188,85,0.8783529411764706,0.867038650761833
32,206,200,94,0.8957647058823529,0.8745183594881587
33,191,200,109,0.914235294117647,0.8888282399590913
34,180,203,117,0.9238823529411765,0.8953785282648156
35,171,203,126,0.9271764705882353,0.8946385599775329
36,156,207,137,0.9415294117647058,0.9074129268913732
37,137,212,151,0.9467058823529412,0.9038559613216891
38,126,214,160,0.9458823529411765,0.8936967604698667
39,108,219,173,0.9475294117647058,0.8795403824379049
40,95,221,184,0.9504705882352941,0.87058908742335
41,86,224,190,0.959764705882353,0.8839363347699055
42,77,224,199,0.9647058823529412,0.8862764202645188
43,69,222,209,0.9618823529411765,0.8628457418424329
44,62,222,216,0.9665882352941176,0.8663632075433136
45,56,219,225,0.9662352941176471,0.8503493680601565
46,53,213,234,0.9644705882352941,0.8334897412025953
47,46,205,249,0.9648235294117647,0.8099559586890962
48,40,203,257,0.9644705882352941,0.7791175650675386
49,35,203,262,0.9614117647058823,0.7254856216036174
50,30,194,276,0.9630588235294117,0.69326879376906
51,23,194,283,0.9683529411764706,0.6572272595550472
52,17,189,294,0.9741176470588235,0.6207897102427986
53,12,188,300,0.9818823529411764,0.6242335926742525
54,4,186,310,0.9941176470588236,0.6331381940748625
55,3,177,320,0.9955294117647059,0.6282301460587784
56,3,172,325,0.9955294117647059,0.6282301460587784
57,2,166,332,0.9970588235294118,0.6331381940748625
58,2,157,341,0.9970588235294118,0.6331381940748625
59,1,151,348,0.9984705882352941,0.61841405002661
60,1,142,357,0.9984705882352941,0.61841405002661
61,0,135,365,1.0,
62,0,125,375,1.0,
63,0,122,378,1.0,
64,0,113,387,1.0,
65,0,111,389,1.0,
66,0,105,395,1.0,
67,0,100,400,1.0,
68,0,97,403,1.0,
69,0,92,408,1.0,
70,0,91,409,1.0,
71,0,88,412,1.0,
72,0,86,414,1.0,
73,0,83,417,1.0,
74,0,81,419,1.0,
75,0,72,428,1.0,
76,0,71,429,1.0,
77,0,68,432,1.0,
78,0,64,436,1.0,
79,0,62,438,1.0,
80,0,59,441,1.0,
81,0,56,444,1.0,
82,0,55,445,1.0,
83,0,53,447,1.0,
84,0,51,449,1.0,
85,0,51,449,1.0,
86,0,50,450,1.0,
87,0,47,453,1.0,
88,0,44,456,1.0,
89,0,42,458,1.0,
90,0,38,462,1.0,
91,0,37,463,1.0,
92,0,36,464,1.0,
93,0,35,465,1.0,
94,0,35,465,1.0,
95,0,34,466,1.0,
96,0,34,466,1.0,
97,0,32,468,1.0,
98,0,31,469,1.0,
99,0,30,470,1.0,
100,0,28,472,1.0,
101,0,28,472,1.0,
102,0,26,474,1.0,
103,0,23,477,1.0,
104,0,21,479,1.0,
105,0,21,479,1.0,
106,0,19,481,1.0,
107,0,17,483,1.0,
108,0,16,484,1.0,
109,0,16,484,1.0,
110,0,16,484,1.0,
111,0,14,486,1.0,
112,0,13,487,1.0,
113,0,13,487,1.0,
114,0,13,487,1.0,
115,0,11,489,1.0,
116,0,11,489,1.0,
117,0,10,490,1.0,
118,0,9,491,1.0,
119,0,9,491,1.0,
120,0,9,491,1.0,
121,0,8,492,1.0,
122,0,8,492,1.0,
123,0,8,492,1.0,
124,0,8,492,1.0,
125,0,8,492,1.0,
126,0,8,492,1.0,
127,0,8,492,1.0,
128,0,8,492,1.0,
129,0,8,492,1.0,
130,0,8,492,1.0,
131,0,7,493,1.0,
132,0,7,493,1.0,
133,0,7,493,1.0,
134,0,7,493,1.0,
135,0,7,493,1.0,
136,0,6,494,1.0,
137,0,6,494,1.0,
138,0,6,494,1.0,
139,0,6,494,1.0,
140,0,6,494,1.0,
141,0,6,494,1.0,
142,0,6,494,1.0,
143,0,6,494,1.0,
144,0,5,495,1.0,
145,0,5,495,1.0,
146,0,4,496,1.0,
147,0,4,496,1.0,
148,0,4,496,1.0,
149,0,4,496,1.0,
150,0,4,496,1.0,
151,0,4,496,1.0,
152,0,4,496,1.0,
153,0,2,498,1.0,
154,0,2,498,1.0,
155,0,2,498,1.0,
156,0,2,498,1.0,
157,0,2,498,1.0,
158,0,2,498,1.0,
159,0,2,498,1.0,
160,0,1,499,1.0,
161,0,1,499,1.0,
162,0,1,499,1.0,
163,0,1,499,1.0,
164,0,1,499,1.0,
165,0,1,499,1.0,
166,0,1,499,1.0,
167,0,1,499,1.0,
168,0,1,499,1.0,
169,0,1,499,1.0,
170,0,1,499,1.0,
171,0,1,499,1.0,
172,0,1,499,1.0,
173,0,1,499,1.0,
174,0,0,500,1.0,
175,0,0,500,1.0,
176,0,0,500,1.0,
177,0,0,500,1.0,
178,0,0,500,1.0,
179,0,0,500,1.0,
180,0,0,500,1.0,
181,0,0,500,1.0,
182,0,0,500,1.0,
183,0,0,500,1.0,
184,0,0,500,1.0,
185,0,0,500,1.0,
186,0,0,500,1.0,
187,0,0,500,1.0,
188,0,0,500,1.0,
189,0,0,500,1.0,
190,0,0,500,1.0,
191,0,0,500,1.0,
192,0,0,500,1.0,
193,0,0,500,1.0,
194,0,0,500,1.0,
195,0,0,500,1.0,
196,0,0,500,1.0,
197,0,0,500,1.0,
198,0,0,500,1.0,
199,0,0,500,1.0,
200,0,0,500,1.0,
1,496,4,0,0.9927058823529412,1.0
2,492,8,0,0.9829411764705882,0.9949878988483759
3,485,14,1,0.9742352941176471,0.990347281377341
4,479,20,1,0.9676470588235294,0.9867492233063441
5,471,27,2,0.9587058823529412,0.9816998706690108
6,460,37,3,0.9565882352941176,0.9800114946695664
7,451,43,6,0.959764705882353,0.9813062294530152
8,438,56,6,0.9524705882352941,0.9764650588420205
9,427,63,10,0.9485882352941176,0.9734861817215216
10,417,70,13,0.9503529411764706,0.9738297738078385
11,405,78,17,0.9532941176470588,0.9747547171034926
12,395,86,19,0.9541176470588235,0.9745452743847117
13,379,100,21,0.9509411764705883,0.9712094145835132
14,366,108,26,0.9552941176470588,0.9730375169920092
15,360,107,33,0.9563529411764706,0.9732546790411535
16,354,110,36,0.9562352941176471,0.9726478212762631
17,348,113,39,0.9550588235294117,0.9712591505790451
18,344,108,48,0.9545882352941176,0.9705491669123306
19,336,109,55,0.9507058823529412,0.9668554080425438
20,318,123,59,0.9295294117647059,0.9480486318025999
21,300,138,62,0.9097647058823529,0.9281842587703472
22,287,145,68,0.9012941176470588,0.9173542398033363
23,274,150,76,0.8998823529411765,0.911971779118464
24,255,163,82,0.9024705882352941,0.9077258758991354
25,241,175,84,0.9016470588235294,0.9013039327166973
26,220,187,93,0.910235294117647,0.9013371894560261
27,201,195,104,0.9201176470588235,0.9039950395092958
28,184,199,117,0.9392941176470588,0.9210028790354452
29,170,197,133,0.9389411764705883,0.9136871276259031
30,156,202,142,0.9408235294117647,0.9086483133968706
31,146,208,146,0.938,0.8972858147183674
32,132,207,161,0.9421176470588235,0.8938276813894147
33,122,207,171,0.9404705882352942,0.8814279186772302
34,111,208,181,0.9471764705882353,0.8844707626797313
35,99,208,193,0.9482352941176471,0.8726011429397085
36,86,209,205,0.9512941176470588,0.8615823515201193
37,75,208,217,0.957764705882353,0.8623878680878087
38,68,206,226,0.953764705882353,0.833081683857343
39,62,208,230,0.9471764705882353,0.7899074696104708
40,53,203,244,0.9467058823529412,0.7513764934921076
41,43,206,251,0.9528235294117647,0.7283975099305547
42,36,203,261,0.9541176470588235,0.6838881427670321
43,28,197,275,0.9608235294117647,0.6526106275017362
44,20,201,279,0.9707058823529412,0.6361635745307714
45,12,200,288,0.981764705882353,0.6223874105038096
46,6,198,296,0.9909411764705882,0.6248474397943387
47,2,195,303,0.9970588235294118,0.6346875569564542
48,0,188,312,1.0,
49,0,182,318,1.0,
50,0,170,330,1.0,
51,0,164,336,1.0,
52,0,154,346,1.0,
53,0,148,352,1.0,
54,0,144,356,1.0,
55,0,135,365,1.0,
56,0,129,371,1.0,
57,0,122,378,1.0,
58,0,119,381,1.0,
59,0,111,389,1.0,
60,0,106,394,1.0,
61,0,105,395,1.0,
62,0,105,395,1.0,
63,0,96,404,1.0,
64,0,95,405,1.0,
65,0,88,412,1.0,
66,0,84,416,1.0,
67,0,81,419,1.0,
68,0,78,422,1.0,
69,0,76,424,1.0,
70,0,72,428,1.0,
71,0,70,430,1.0,
72,0,67,433,1.0,
73,0,63,437,1.0,
74,0,63,437,1.0,
75,0,61,439,1.0,
76,0,61,439,1.0,
77,0,58,442,1.0,
78,0,57,443,1.0,
79,0,55,445,1.0,
80,0,52,448,1.0,
81,0,50,450,1.0,
82,0,48,452,1.0,
83,0,48,452,1.0,
84,0,46,454,1.0,
85,0,44,456,1.0,
86,0,44,456,1.0,
87,0,43,457,1.0,
88,0,43,457,1.0,
89,0,41,459,1.0,
90,0,40,460,1.0,
91,0,37,463,1.0,
92,0,33,467,1.0,
93,0,32,468,1.0,
94,0,31,469,1.0,
95,0,29,471,1.0,
96,0,29,471,1.0,
97,0,29,471,1.0,
98,0,28,472,1.0,
99,0,28,472,1.0,
100,0,27,473,1.0,
101,0,24,476,1.0,
102,0,21,479,1.0,
103,0,21,479,1.0,
104,0,21,479,1.0,
105,0,21,479,1.0,
106,0,21,479,1.0,
107,0,20,480,1.0,
108,0,19,481,1.0,
109,0,19,481,1.0,
110,0,16,484,1.0,
111,0,16,484,1.0,
112,0,15,485,1.0,
113,0,15,485,1.0,
114,0,15,485,1.0,
115,0,15,485,1.0,
116,0,15,485,1.0,
117,0,13,487,1.0,
118,0,12,488,1.0,
119,0,10,490,1.0,
120,0,9,491,1.0,
121,0,9,491,1.0,
122,0,9,491,1.0,
123,0,9,491,1.0,
124,0,9,491,1.0,
125,0,8,492,1.0,
126,0,8,492,1.0,
127,0,7,493,1.0,
128,0,7,493,1.0,
129,0,6,494,1.0,
130,0,6,494,1.0,
131,0,6,494,1.0,
132,0,6,494,1.0,
133,0,5,495,1.0,
134,0,5,495,1.0,
135,0,5,495,1.0,
136,0,5,495,1.0,
137,0,5,495,1.0,
138,0,5,495,1.0,
139,0,5,495,1.0,
140,0,5,495,1.0,
141,0,5,495,1.0,
142,0,5,495,1.0,
143,0,5,495,1.0,
144,0,5,495,1.0,
145,0,5,495,1.0,
146,0,5,495,1.0,
147,0,4,496,1.0,
148,0,4,496,1.0,
149,0,4,496,1.0,
150,0,4,496,1.0,
151,0,3,497,1.0,
152,0,3,497,1.0,
153,0,3,497,1.0,
154,0,3,497,1.0,
155,0,3,497,1.0,
156,0,3,497,1.0,
157,0,3,497,1.0,
158,0,3,497,1.0,
159,0,3,497,1.0,
160,0,3,497,1.0,
161,0,3,497,1.0,
162,0,3,497,1.0,
163,0,3,497,1.0,
164,0,3,497,1.0,
165,0,3,497,1.0,
166,0,3,497,1.0,
167,0,2,498,1.0,
168,0,2,498,1.0,
169,0,2,498,1.0,
170,0,2,498,1.0,
171,0,2,498,1.0,
172,0,1,499,1.0,
173,0,1,499,1.0,
174,0,1,499,1.0,
175,0,1,499,1.0,
176,0,1,499,1.0,
177,0,1,499,1.0,
178,0,1,499,1.0,
179,0,1,499,1.0,
180,0,1,499,1.0,
181,0,1,499,1.0,
182,0,1,499,1.0,
183,0,1,499,1.0,
184,0,1,499,1.0,
185,0,1,499,1.0,
186,0,1,499,1.0,
187,0,1,499,1.0,
188,0,0,500,1.0,
189,0,0,500,1.0,
190,0,0,500,1.0,
191,0,0,500,1.0,
192,0,0,500,1.0,
193,0,0,500,1.0,
194,0,0,500,1.0,
195,0,0,500,1.0,
196,0,0,500,1.0,
197,0,0,500,1.0,
198,0,0,500,1.0,
199,0,0,500,1.0,
200,0,0,500,1.0,
1,497,3,0,0.9947058823529412,1.0
2,494,6,0,0.9887058823529412,0.9969409761354427
3,486,14,0,0.9724705882352941,0.988474383166091
4,477,21,2,0.9632941176470589,0.9833663208358662
5,462,36,2,0.9522352941176471,0.9767316656427069
6,451,44,5,0.9509411764705883,0.9753736586642652
7,438,57,5,0.9495294117647058,0.9737509756626068
8,430,64,6,0.9524705882352941,0.9749273167142363
9,421,72,7,0.9543529411764706,0.9754569599575071
10,412,75,13,0.9525882352941176,0.973803214738705
11,402,81,17,0.9494117647058824,0.9711066273887635
12,395,84,21,0.9451764705882353,0.9678532205005141
13,385,91,24,0.9364705882352942,0.9613083156060831
14,374,95,31,0.9341176470588235,0.9585621173713463
15,358,108,34,0.9315294117647058,0.9547928352637464
16,342,117,41,0.9327058823529412,0.9534227975782456
17,325,126,49,0.9418823529411765,0.9579349779822776
18,313,129,58,0.9451764705882353,0.9588229644005604
19,293,140,67,0.9351764705882353,0.9472689376848714
20,275,154,71,0.9128235294117647,0.9232644176712748
21,252,167,81,0.8965882352941177,0.8998453908211698
22,235,177,88,0.8908235294117647,0.8862542099465482
23,213,192,95,0.8894117647058823,0.8725047089396415
24,190,202,108,0.8852941176470588,0.8513061710664289
25,175,208,117,0.8782352941176471,0.8282157920042358
26,157,218,125,0.8807058823529412,0.8121421930667222
27,136,227,137,0.8895294117647059,0.7990370026903134
28,112,241,147,0.9052941176470588,0.7907059465260226
29,95,248,157,0.9211764705882353,0.794683243030447
30,80,254,166,0.9341176470588235,0.7962353587394913
31,64,262,174,0.9394117647058824,0.7653628072142911
32,48,266,186,0.9490588235294117,0.7366405826609953
33,42,263,195,0.9531764705882353,0.7232120101425713
34,30,263,207,0.9603529411764706,0.6713935185420649
35,24,264,212,0.9654117647058823,0.6414118167623678
36,14,259,227,0.9798823529411764,0.6424650381363617
37,9,257,234,0.9872941176470589,0.6487843663803261
38,6,245,249,0.9911764705882353,0.6340392671444097
39,3,235,262,0.9954117647058823,0.6192941679084931
40,1,225,274,0.9984705882352941,0.6192941679084931
41,1,219,280,0.9984705882352941,0.6192941679084931
42,1,214,285,0.9984705882352941,0.6192941679084931
43,1,207,292,0.9984705882352941,0.6192941679084931
44,1,195,304,0.9984705882352941,0.6192941679084931
45,1,187,312,0.9985882352941177,0.6487843663803261
46,0,179,321,1.0,
47,0,172,328,1.0,
48,0,166,334,1.0,
49,0,157,343,1.0,
50,0,148,352,1.0,
51,0,141,359,1.0,
52,0,137,363,1.0,
53,0,132,368,1.0,
54,0,126,374,1.0,
55,0,122,378,1.0,
56,0,117,383,1.0,
57,0,112,388,1.0,
58,0,110,390,1.0,
59,0,103,397,1.0,
60,0,102,398,1.0,
61,0,97,403,1.0,
62,0,96,404,1.0,
63,0,92,408,1.0,
64,0,92,408,1.0,
65,0,90,410,1.0,
66,0,87,413,1.0,
67,0,86,414,1.0,
68,0,81,419,1.0,
69,0,80,420,1.0,
70,0,78,422,1.0,
71,0,76,424,1.0,
72,0,73,427,1.0,
73,0,68,432,1.0,
74,0,63,437,1.0,
75,0,63,437,1.0,
76,0,63,437,1.0,
77,0,59,441,1.0,
78,0,57,443,1.0,
79,0,57,443,1.0,
80,0,56,444,1.0,
81,0,52,448,1.0,
82,0,50,450,1.0,
83,0,47,453,1.0,
84,0,45,455,1.0,
85,0,44,456,1.0,
86,0,43,457,1.0,
87,0,42,458,1.0,
88,0,41,459,1.0,
89,0,41,459,1.0,
90,0,41,459,1.0,
91,0,41,459,1.0,
92,0,40,460,1.0,
93,0,40,460,1.0,
94,0,40,460,1.0,
95,0,39,461,1.0,
96,0,39,461,1.0,
97,0,35,465,1.0,
98,0,34,466,1.0,
99,0,32,468,1.0,
100,0,30,470,1.0,
101,0,29,471,1.0,
102,0,28,472,1.0,
103,0,25,475,1.0,
104,0,24,476,1.0,
105,0,23,477,1.0,
106,0,22,478,1.0,
107,0,22,478,1.0,
108,0,21,479,1.0,
109,0,20,480,1.0,
110,0,19,481,1.0,
111,0,18,482,1.0,
112,0,16,484,1.0,
113,0,16,484,1.0,
114,0,15,485,1.0,
115,0,15,485,1.0,
116,0,15,485,1.0,
117,0,15,485,1.0,
118,0,14,486,1.0,
119,0,13,487,1.0,
120,0,13,487,1.0,
121,0,12,488,1.0,
122,0,11,489,1.0,
123,0,11,489,1.0,
124,0,9,491,1.0,
125,0,9,491,1.0,
126,0,8,492,1.0,
127,0,8,492,1.0,
128,0,8,492,1.0,
129,0,8,492,1.0,
130,0,8,492,1.0,
131,0,7,493,1.0,
132,0,7,493,1.0,
133,0,7,493,1.0,
134,0,6,494,1.0,
135,0,6,494,1.0,
136,0,6,494,1.0,
137,0,6,494,1.0,
138,0,6,494,1.0,
139,0,4,496,1.0,
140,0,4,496,1.0,
141,0,2,498,1.0,
142,0,2,498,1.0,
143,0,1,499,1.0,
144,0,1,499,1.0,
145,0,1,499,1.0,
146,0,1,499,1.0,
147,0,1,499,1.0,
148,0,1,499,1.0,
149,0,1,499,1.0,
150,0,1,499,1.0,
151,0,1,499,1.0,
152,0,1,499,1.0,
153,0,1,499,1.0,
154,0,1,499,1.0,
155,0,1,499,1.0,
156,0,1,499,1.0,
157,0,1,499,1.0,
158,0,0,500,1.0,
159,0,0,500,1.0,
160,0,0,500,1.0,
161,0,0,500,1.0,
162,0,0,500,1.0,
163,0,0,500,1.0,
164,0,0,500,1.0,
165,0,0,500,1.0,
166,0,0,500,1.0,
167,0,0,500,1.0,
168,0,0,500,1.0,
169,0,0,500,1.0,
170,0,0,500,1.0,
171,0,0,500,1.0,
172,0,0,500,1.0,
173,0,0,500,1.0,
174,0,0,500,1.0,
175,0,0,500,1.0,
176,0,0,500,1.0,
177,0,0,500,1.0,
178,0,0,500,1.0,
179,0,0,500,1.0,
180,0,0,500,1.0,
181,0,0,500,1.0,
182,0,0,500,1.0,
183,0,0,500,1.0,
184,0,0,500,1.0,
185,0,0,500,1.0,
186,0,0,500,1.0,
187,0,0,500,1.0,
188,0,0,500,1.0,
189,0,0,500,1.0,
190,0,0,500,1.0,
191,0,0,500,1.0,
192,0,0,500,1.0,
193,0,0,500,1.0,
194,0,0,500,1.0,
195,0,0,500,1.0,
196,0,0,500,1.0,
197,0,0,500,1.0,
198,0,0,500,1.0,
199,0,0,500,1.0,
200,0,0,500,1.0,
1,497,3,0,0.993764705882353,1.0
2,492,8,0,0.9831764705882353,0.9945726625473291
3,488,10,2,0.9808235294117648,0.9932966805848605
4,483,14,3,0.973764705882353,0.9895348699152104
5,482,14,4,0.9754117647058823,0.9903653549150863
6,478,18,4,0.9655294117647059,0.9850788810697079
7,467,29,4,0.9484705882352941,0.9754871400759908
8,460,35,5,0.9414117647058824,0.9712158619749405
9,452,42,6,0.9421176470588235,0.9710442948198895
10,444,49,7,0.9408235294117647,0.96973285227364
11,432,60,8,0.9434117647058824,0.970307086897986
12,419,71,10,0.9441176470588235,0.9696737409047335
13,404,85,11,0.9505882352941176,0.9724364162603001
14,390,92,18,0.9550588235294117,0.9742062142115061
15,376,103,21,0.9467058823529412,0.9675757181579289
16,360,112,28,0.9429411764705883,0.9633672482780827
17,345,122,33,0.9298823529411765,0.9521250742203627
18,331,127,42,0.9230588235294117,0.9447917417550846
19,312,140,48,0.9278823529411765,0.9452010993885508
20,286,160,54,0.9177647058823529,0.9310463147526916
21,262,177,61,0.9123529411764706,0.9192892168893192
22,238,192,70,0.9094117647058824,0.9077412829078155
23,207,213,80,0.9037647058823529,0.8865718014698148
24,189,216,95,0.8927058823529411,0.8608046610190521
25,166,223,111,0.894235294117647,0.8434038199860302
26,145,233,122,0.8801176470588236,0.7958392336149317
27,117,245,138,0.8735294117647059,0.7320114479399864
28,94,257,149,0.8830588235294118,0.6910660670401831
29,74,264,162,0.9023529411764706,0.6720603357047793
30,50,272,178,0.928235294117647,0.6431916441787925
31,38,275,187,0.9456470588235294,0.6444339264466414
32,23,282,195,0.966,0.6324161958120157
33,13,278,209,0.9801176470588235,0.6195882810896624
34,8,271,221,0.9878823529411764,0.6232763065723391
35,1,271,228,0.9987058823529412,0.6785966888124877
36,0,263,237,1.0,
37,0,254,246,1.0,
38,0,246,254,1.0,
39,0,237,263,1.0,
40,0,219,281,1.0,
41,0,214,286,1.0,
42,0,202,298,1.0,
43,0,191,309,1.0,
44,0,179,321,1.0,
45,0,170,330,1.0,
46,0,161,339,1.0,
47,0,158,342,1.0,
48,0,154,346,1.0,
49,0,148,352,1.0,
50,0,140,360,1.0,
51,0,135,365,1.0,
52,0,130,370,1.0,
53,0,119,381,1.0,
54,0,108,392,1.0,
55,0,103,397,1.0,
56,0,99,401,1.0,
57,0,96,404,1.0,
58,0,95,405,1.0,
59,0,91,409,1.0,
60,0,85,415,1.0,
61,0,78,422,1.0,
62,0,75,425,1.0,
63,0,73,427,1.0,
64,0,73,427,1.0,
65,0,67,433,1.0,
66,0,64,436,1.0,
67,0,62,438,1.0,
68,0,59,441,1.0,
69,0,57,443,1.0,
70,0,53,447,1.0,
71,0,53,447,1.0,
72,0,50,450,1.0,
73,0,49,451,1.0,
74,0,47,453,1.0,
75,0,43,457,1.0,
76,0,42,458,1.0,
77,0,40,460,1.0,
78,0,38,462,1.0,
79,0,38,462,1.0,
80,0,37,463,1.0,
81,0,37,463,1.0,
82,0,35,465,1.0,
83,0,32,468,1.0,
84,0,30,470,1.0,
85,0,30,470,1.0,
86,0,29,471,1.0,
87,0,26,474,1.0,
88,0,25,475,1.0,
89,0,25,475,1.0,
90,0,24,476,1.0,
91,0,22,478,1.0,
92,0,22,478,1.0,
93,0,22,478,1.0,
94,0,22,478,1.0,
95,0,18,482,1.0,
96,0,18,482,1.0,
97,0,18,482,1.0,
98,0,18,482,1.0,
99,0,18,482,1.0,
100,0,18,482,1.0,
101,0,18,482,1.0,
102,0,17,483,1.0,
103,0,16,484,1.0,
104,0,15,485,1.0,
105,0,13,487,1.0,
106,0,13,487,1.0,
107,0,13,487,1.0,
108,0,13,487,1.0,
109,0,12,488,1.0,
110,0,11,489,1.0,
111,0,11,489,1.0,
112,0,10,490,1.0,
113,0,9,491,1.0,
114,0,9,491,1.0,
115,0,9,491,1.0,
116,0,9,491,1.0,
117,0,9,491,1.0,
118,0,9,491,1.0,
119,0,8,492,1.0,
120,0,7,493,1.0,
121,0,7,493,1.0,
122,0,7,493,1.0,
123,0,7,493,1.0,
124,0,7,493,1.0,
125,0,7,493,1.0,
126,0,6,494,1.0,
127,0,6,494,1.0,
128,0,6,494,1.0,
129,0,6,494,1.0,
130,0,6,494,1.0,
131,0,6,494,1.0,
132,0,6,494,1.0,
133,0,6,494,1.0,
134,0,6,494,1.0,
135,0,6,494,1.0,
136,0,6,494,1.0,
137,0,6,494,1.0,
138,0,6,494,1.0,
139,0,6,494,1.0,
140,0,6,494,1.0,
141,0,6,494,1.0,
142,0,6,494,1.0,
143,0,6,494,1.0,
144,0,6,494,1.0,
145,0,6,494,1.0,
146,0,6,494,1.0,
147,0,6,494,1.0,
148,0,5,495,1.0,
149,0,5,495,1.0,
150,0,4,496,1.0,
151,0,3,497,1.0,
152,0,3,497,1.0,
153,0,3,497,1.0,
154,0,3,497,1.0,
155,0,2,498,1.0,
156,0,2,498,1.0,
157,0,2,498,1.0,
158,0,2,498,1.0,
159,0,2,498,1.0,
160,0,1,499,1.0,
161,0,1,499,1.0,
162,0,1,499,1.0,
163,0,1,499,1.0,
164,0,1,499,1.0,
165,0,1,499,1.0,
166,0,1,499,1.0,
167,0,1,499,1.0,
168,0,1,499,1.0,
169,0,1,499,1.0,
170,0,1,499,1.0,
171,0,1,499,1.0,
172,0,1,499,1.0,
173,0,1,499,1.0,
174,0,1,499,1.0,
175,0,1,499,1.0,
176,0,1,499,1.0,
177,0,0,500,1.0,
178,0,0,500,1.0,
179,0,0,500,1.0,
180,0,0,500,1.0,
181,0,0,500,1.0,
182,0,0,500,1.0,
183,0,0,500,1.0,
184,0,0,500,1.0,
185,0,0,500,1.0,
186,0,0,500,1.0,
187,0,0,500,1.0,
188,0,0,500,1.0,
189,0,0,500,1.0,
190,0,0,500,1.0,
191,0,0,500,1.0,
192,0,0,500,1.0,
193,0,0,500,1.0,
194,0,0,500,1.0,
195,0,0,500,1.0,
196,0,0,500,1.0,
197,0,0,500,1.0,
198,0,0,500,1.0,
199,0,0,500,1.0,
200,0,0,500,1.0,
1,498,2,0,0.9978823529411764,1.0
2,497,3,0,0.9951764705882353,0.9986335011615843
3,497,3,0,0.9951764705882353,0.9986335011615843
4,494,6,0,0.9895294117647059,0.995754246955301
5,489,11,0,0.978,0.989790041715823
6,484,14,2,0.9714117647058823,0.9862648587255255
7,474,21,5,0.9611764705882353,0.9805501490034279
8,465,28,7,0.9496470588235294,0.9739493319804816
9,458,34,8,0.941764705882353,0.9692107280789215
10,449,42,9,0.9361176470588235,0.9654324447329725
11,436,51,13,0.9292941176470588,0.9604469752773104
12,423,63,14,0.924235294117647,0.9562033710474827
13,405,75,20,0.9283529411764706,0.9567758474875956
14,386,91,23,0.924235294117647,0.951951343238887
15,364,106,30,0.9184705882352941,0.9449887740649725
16,352,111,37,0.9225882352941176,0.9460097025605677
17,339,121,40,0.9176470588235294,0.9402479473006431
18,319,132,49,0.9167058823529411,0.9356935610681578
19,305,141,54,0.9178823529411765,0.9336525236078984
20,292,144,64,0.91,0.9238923992888289
21,275,157,68,0.9023529411764706,0.9121526519474422
22,256,169,75,0.8985882352941177,0.9018728263280155
23,245,173,82,0.9089411764705883,0.907987667100639
24,223,186,91,0.9194117647058824,0.9105836700596954
25,203,200,97,0.9218823529411765,0.9046974138825888
26,186,209,105,0.9288235294117647,0.9052956236624886
27,169,220,111,0.9249411764705883,0.8899375577899129
28,152,229,119,0.9190588235294118,0.8678280108713073
29,138,233,129,0.9121176470588235,0.8417600585222628
30,124,237,139,0.9024705882352941,0.8042950262182996
31,110,243,147,0.8961176470588236,0.7648749561320308
32,88,258,154,0.8992941176470588,0.7148675414767098
33,64,272,164,0.9109411764705883,0.6534006157209633
34,42,285,173,0.9367058823529412,0.6244344465164008
35,32,283,185,0.9523529411764706,0.6287682931729631
36,22,281,197,0.9682352941176471,0.6401775012688351
37,12,284,204,0.9829411764705882,0.6452949955299636
38,7,269,224,0.9896470588235294,0.6309239500021372
39,4,267,229,0.9941176470588236,0.6330270298354775
40,0,263,237,1.0,
41,0,252,248,1.0,
42,0,245,255,1.0,
43,0,238,262,1.0,
44,0,230,270,1.0,
45,0,227,273,1.0,
46,0,220,280,1.0,
47,0,212,288,1.0,
48,0,201,299,1.0,
49,0,195,305,1.0,
50,0,185,315,1.0,
51,0,179,321,1.0,
52,0,166,334,1.0,
53,0,157,343,1.0,
54,0,151,349,1.0,
55,0,148,352,1.0,
56,0,140,360,1.0,
57,0,135,365,1.0,
58,0,128,372,1.0,
59,0,120,380,1.0,
60,0,119,381,1.0,
61,0,113,387,1.0,
62,0,108,392,1.0,
63,0,104,396,1.0,
64,0,103,397,1.0,
65,0,100,400,1.0,
66,0,98,402,1.0,
67,0,96,404,1.0,
68,0,94,406,1.0,
69,0,89,411,1.0,
70,0,84,416,1.0,
71,0,80,420,1.0,
72,0,77,423,1.0,
73,0,73,427,1.0,
74,0,71,429,1.0,
75,0,69,431,1.0,
76,0,66,434,1.0,
77,0,62,438,1.0,
78,0,57,443,1.0,
79,0,56,444,1.0,
80,0,54,446,1.0,
81,0,51,449,1.0,
82,0,49,451,1.0,
83,0,48,452,1.0,
84,0,47,453,1.0,
85,0,46,454,1.0,
86,0,44,456,1.0,
87,0,43,457,1.0,
88,0,42,458,1.0,
89,0,41,459,1.0,
90,0,38,462,1.0,
91,0,37,463,1.0,
92,0,37,463,1.0,
93,0,35,465,1.0,
94,0,33,467,1.0,
95,0,32,468,1.0,
96,0,32,468,1.0,
97,0,31,469,1.0,
98,0,28,472,1.0,
99,0,27,473,1.0,
100,0,27,473,1.0,
101,0,26,474,1.0,
102,0,24,476,1.0,
103,0,21,479,1.0,
104,0,18,482,1.0,
105,0,18,482,1.0,
106,0,17,483,1.0,
107,0,16,484,1.0,
108,0,15,485,1.0,
109,0,15,485,1.0,
110,0,15,485,1.0,
111,0,15,485,1.0,
112,0,15,485,1.0,
113,0,15,485,1.0,
114,0,15,485,1.0,
115,0,14,486,1.0,
116,0,12,488,1.0,
117,0,12,488,1.0,
118,0,9,491,1.0,
119,0,9,491,1.0,
120,0,9,491,1.0,
121,0,9,491,1.0,
122,0,9,491,1.0,
123,0,9,491,1.0,
124,0,9,491,1.0,
125,0,9,491,1.0,
126,0,9,491,1.0,
127,0,8,492,1.0,
128,0,8,492,1.0,
129,0,5,495,1.0,
130,0,5,495,1.0,
131,0,5,495,1.0,
132,0,5,495,1.0,
133,0,5,495,1.0,
134,0,5,495,1.0,
135,0,5,495,1.0,
136,0,5,495,1.0,
137,0,5,495,1.0,
138,0,5,495,1.0,
139,0,4,496,1.0,
140,0,4,496,1.0,
141,0,4,496,1.0,
142,0,4,496,1.0,
143,0,4,496,1.0,
144,0,3,497,1.0,
145,0,3,497,1.0,
146,0,3,497,1.0,
147,0,3,497,1.0,
148,0,3,497,1.0,
149,0,3,497,1.0,
150,0,3,497,1.0,
151,0,3,497,1.0,
152,0,3,497,1.0,
153,0,3,497,1.0,
154,0,3,497,1.0,
155,0,3,497,1.0,
156,0,3,497,1.0,
157,0,3,497,1.0,
158,0,3,497,1.0,
159,0,3,497,1.0,
160,0,3,497,1.0,
161,0,3,497,1.0,
162,0,3,497,1.0,
163,0,3,497,1.0,
164,0,2,498,1.0,
165,0,2,498,1.0,
166,0,2,498,1.0,
167,0,1,499,1.0,
168,0,1,499,1.0,
169,0,1,499,1.0,
170,0,1,499,1.0,
171,0,1,499,1.0,
172,0,1,499,1.0,
173,0,1,499,1.0,
174,0,1,499,1.0,
175,0,1,499,1.0,
176,0,1,499,1.0,
177,0,1,499,1.0,
178,0,1,499,1.0,
179,0,1,499,1.0,
180,0,1,499,1.0,
181,0,1,499,1.0,
182,0,1,499,1.0,
183,0,1,499,1.0,
184,0,1,499,1.0,
185,0,1,499,1.0,
186,0,1,499,1.0,
187,0,1,499,1.0,
188,0,1,499,1.0,
189,0,1,499,1.0,
190,0,1,499,1.0,
191,0,1,499,1.0,
192,0,1,499,1.0,
193,0,1,499,1.0,
194,0,1,499,1.0,
195,0,1,499,1.0,
196,0,1,499,1.0,
197,0,1,499,1.0,
198,0,1,499,1.0,
199,0,1,499,1.0,
200,0,1,499,1.0,
1,499,1,0,1.0,1.0
2,498,2,0,0.9974117647058823,0.9987023725152712
3,497,2,1,0.9987058823529412,0.9993507262059753
4,493,6,1,0.9875294117647059,0.9936759656840793
5,486,13,1,0.9736470588235294,0.98644364592077
6,480,18,2,0.962,0.9802113042186572
7,471,26,3,0.9487058823529412,0.9727898802833236
8,455,41,4,0.932235294117647,0.9627851140456182
9,443,49,8,0.9355294117647058,0.9636398125841759
10,434,55,11,0.9369411764705883,0.9636929845251884
11,422,63,15,0.9409411764705883,0.9650364411167311
12,409,74,17,0.9462352941176471,0.9671631977974564
13,400,81,19,0.9448235294117647,0.9655353323147441
14,394,84,22,0.9467058823529412,0.9662048760436339
15,385,90,25,0.9492941176470588,0.9670671574414891
16,372,103,25,0.9427058823529412,0.9614837723945884
17,362,110,28,0.9443529411764706,0.9615595811403417
18,350,120,30,0.9356470588235294,0.9540303394084906
19,335,128,37,0.9244705882352942,0.9436210087834319
20,322,132,46,0.9285882352941176,0.9445446953484952
21,312,139,49,0.9297647058823529,0.9437099665040841
22,294,152,54,0.9236470588235294,0.9350463995121857
23,283,155,62,0.934235294117647,0.9418752660074631
24,276,157,67,0.9315294117647058,0.9379436491329074
25,265,165,70,0.934235294117647,0.9379168888824826
26,252,169,79,0.9371764705882353,0.9376420265075728
27,233,182,85,0.9368235294117647,0.9322193333049178
28,221,184,95,0.9404705882352942,0.9326401395605548
29,212,186,102,0.9402352941176471,0.9294706218679583
30,198,192,110,0.9314117647058824,0.9133288577138845
31,185,195,120,0.9316470588235294,0.9076377676377676
32,165,203,132,0.9378823529411765,0.9058837419265225
33,150,215,135,0.9390588235294117,0.8984549698667345
34,136,225,139,0.936,0.882501235788433
35,122,234,144,0.9257647058823529,0.8480506956881115
36,102,244,154,0.9251764705882353,0.8167160982039876
37,87,250,163,0.9171764705882353,0.7621269197334104
38,69,259,172,0.9210588235294118,0.7139812446717817
39,52,266,182,0.9309411764705883,0.6679864253393665
40,39,268,193,0.9444705882352942,0.6440422322775264
41,27,270,203,0.9611764705882353,0.6405228758169935
42,18,263,219,0.9730588235294118,0.6258169934640523
43,13,262,225,0.9804705882352941,0.6244343891402713
44,9,256,235,0.9862352941176471,0.6176470588235294
45,6,248,246,0.9908235294117647,0.6176470588235294
46,4,238,258,0.9938823529411764,0.6176470588235294
47,3,225,272,0.9954117647058823,0.6176470588235294
48,1,220,279,0.9984705882352941,0.6176470588235294
49,0,213,287,1.0,
50,0,208,292,1.0,
51,0,197,303,1.0,
52,0,186,314,1.0,
53,0,179,321,1.0,
54,0,178,322,1.0,
55,0,174,326,1.0,
56,0,164,336,1.0,
57,0,159,341,1.0,
58,0,153,347,1.0,
59,0,148,352,1.0,
60,0,142,358,1.0,
61,0,134,366,1.0,
62,0,130,370,1.0,
63,0,124,376,1.0,
64,0,123,377,1.0,
65,0,119,381,1.0,
66,0,110,390,1.0,
67,0,106,394,1.0,
68,0,102,398,1.0,
69,0,101,399,1.0,
70,0,98,402,1.0,
71,0,93,407,1.0,
72,0,91,409,1.0,
73,0,88,412,1.0,
74,0,86,414,1.0,
75,0,81,419,1.0,
76,0,80,420,1.0,
77,0,76,424,1.0,
78,0,74,426,1.0,
79,0,69,431,1.0,
80,0,67,433,1.0,
81,0,67,433,1.0,
82,0,65,435,1.0,
83,0,62,438,1.0,
84,0,61,439,1.0,
85,0,58,442,1.0,
86,0,55,445,1.0,
87,0,53,447,1.0,
88,0,51,449,1.0,
89,0,45,455,1.0,
90,0,45,455,1.0,
91,0,43,457,1.0,
92,0,41,459,1.0,
93,0,40,460,1.0,
94,0,39,461,1.0,
95,0,38,462,1.0,
96,0,37,463,1.0,
97,0,34,466,1.0,
98,0,32,468,1.0,
99,0,31,469,1.0,
100,0,31,469,1.0,
101,0,28,472,1.0,
102,0,26,474,1.0,
103,0,25,475,1.0,
104,0,25,475,1.0,
105,0,25,475,1.0,
106,0,24,476,1.0,
107,0,23,477,1.0,
108,0,22,478,1.0,
109,0,21,479,1.0,
110,0,21,479,1.0,
111,0,18,482,1.0,
112,0,17,483,1.0,
113,0,16,484,1.0,
114,0,15,485,1.0,
115,0,15,485,1.0,
116,0,15,485,1.0,
117,0,14,486,1.0,
118,0,14,486,1.0,
119,0,14,486,1.0,
120,0,12,488,1.0,
121,0,10,490,1.0,
122,0,9,491,1.0,
123,0,9,491,1.0,
124,0,8,492,1.0,
125,0,8,492,1.0,
126,0,7,493,1.0,
127,0,6,494,1.0,
128,0,6,494,1.0,
129,0,6,494,1.0,
130,0,6,494,1.0,
131,0,6,494,1.0,
132,0,6,494,1.0,
133,0,4,496,1.0,
134,0,4,496,1.0,
135,0,4,496,1.0,
136,0,4,496,1.0,
137,0,4,496,1.0,
138,0,3,497,1.0,
139,0,3,497,1.0,
140,0,3,497,1.0,
141,0,2,498,1.0,
142,0,2,498,1.0,
143,0,2,498,1.0,
144,0,2,498,1.0,
145,0,2,498,1.0,
146,0,2,498,1.0,
147,0,2,498,1.0,
148,0,2,498,1.0,
149,0,2,498,1.0,
150,0,2,498,1.0,
151,0,2,498,1.0,
152,0,2,498,1.0,
153,0,2,498,1.0,
154,0,2,498,1.0,
155,0,2,498,1.0,
156,0,2,498,1.0,
157,0,2,498,1.0,
158,0,2,498,1.0,
159,0,2,498,1.0,
160,0,2,498,1.0,
161,0,2,498,1.0,
162,0,2,498,1.0,
163,0,2,498,1.0,
164,0,2,498,1.0,
165,0,2,498,1.0,
166,0,2,498,1.0,
167,0,2,498,1.0,
168,0,2,498,1.0,
169,0,2,498,1.0,
170,0,2,498,1.0,
171,0,2,498,1.0,
172,0,1,499,1.0,
173,0,1,499,1.0,
174,0,1,499,1.0,
175,0,1,499,1.0,
176,0,1,499,1.0,
177,0,1,499,1.0,
178,0,1,499,1.0,
179,0,1,499,1.0,
180,0,0,500,1.0,
181,0,0,500,1.0,
182,0,0,500,1.0,
183,0,0,500,1.0,
184,0,0,500,1.0,
185,0,0,500,1.0,
186,0,0,500,1.0,
187,0,0,500,1.0,
188,0,0,500,1.0,
189,0,0,500,1.0,
190,0,0,500,1.0,
191,0,0,500,1.0,
192,0,0,500,1.0,
193,0,0,500,1.0,
194,0,0,500,1.0,
195,0,0,500,1.0,
196,0,0,500,1.0,
197,0,0,500,1.0,
198,0,0,500,1.0,
199,0,0,500,1.0,
200,0,0,500,1.0,
1,498,2,0,0.9974117647058823,1.0
2,497,3,0,0.9952941176470588,0.9989324798348511
3,495,5,0,0.99,0.99624384310275
4,490,10,0,0.9789411764705882,0.9905478203066135
5,483,17,0,0.9658823529411765,0.9836293256241859
6,477,22,1,0.9563529411764706,0.9784096496580195
7,470,28,2,0.9505882352941176,0.9750073740885833
8,464,33,3,0.9490588235294117,0.9738495386099916
9,456,39,5,0.943764705882353,0.9704432632359727
10,448,45,7,0.9448235294117647,0.9704876477718692
11,435,56,9,0.9391764705882353,0.9663036462054551
12,418,68,14,0.9381176470588235,0.964252325922035
13,407,78,15,0.9372941176470588,0.9627445452779869
14,392,89,19,0.9284705882352942,0.955610410851257
15,375,106,19,0.9151764705882353,0.9446601604222356
16,349,124,27,0.9072941176470588,0.9347790862273624
17,333,135,32,0.9014117647058824,0.927158167169589
18,307,159,34,0.8938823529411765,0.9147075607585241
19,291,161,48,0.9030588235294118,0.9178282194602633
20,268,176,56,0.9083529411764706,0.9156327340052334
21,246,185,69,0.9275294117647059,0.9275316383957893
22,234,189,77,0.9305882352941176,0.9270088055576295
23,221,191,88,0.9398823529411765,0.9331616444112067
24,207,203,90,0.9374117647058824,0.9255780614945411
25,192,208,100,0.9382352941176471,0.9207948667644289
26,179,210,111,0.9430588235294117,0.9217820176675338
27,171,210,119,0.9474117647058824,0.924439048744695
28,156,215,129,0.9445882352941176,0.9125286600850552
29,140,218,142,0.9441176470588235,0.9014879227566205
30,131,216,153,0.9391764705882353,0.8851437115755395
31,120,216,164,0.936,0.8678628573745759
32,113,212,175,0.9297647058823529,0.8457766135619849
33,100,218,182,0.9250588235294117,0.8137954992050361
34,80,232,188,0.916235294117647,0.7391944932085946
35,58,242,200,0.9237647058823529,0.6722719528837613
36,48,241,211,0.9355294117647058,0.6650787106890078
37,42,237,221,0.9430588235294117,0.6619233557094606
38,32,239,229,0.9530588235294117,0.6340948777648429
39,24,242,234,0.9654117647058823,0.640537060848085
40,15,240,245,0.9778823529411764,0.6321928999021712
41,5,241,254,0.9925882352941177,0.6302295679148975
42,1,235,264,0.9985882352941177,0.647899555800362
43,1,224,275,0.9984705882352941,0.6184495759912546
44,0,218,282,1.0,
45,0,209,291,1.0,
46,0,196,304,1.0,
47,0,189,311,1.0,
48,0,180,320,1.0,
49,0,176,324,1.0,
50,0,173,327,1.0,
51,0,168,332,1.0,
52,0,164,336,1.0,
53,0,154,346,1.0,
54,0,148,352,1.0,
55,0,144,356,1.0,
56,0,141,359,1.0,
57,0,136,364,1.0,
58,0,131,369,1.0,
59,0,123,377,1.0,
60,0,114,386,1.0,
61,0,106,394,1.0,
62,0,105,395,1.0,
63,0,99,401,1.0,
64,0,98,402,1.0,
65,0,98,402,1.0,
66,0,96,404,1.0,
67,0,94,406,1.0,
68,0,88,412,1.0,
69,0,86,414,1.0,
70,0,84,416,1.0,
71,0,82,418,1.0,
72,0,79,421,1.0,
73,0,76,424,1.0,
74,0,74,426,1.0,
75,0,70,430,1.0,
76,0,69,431,1.0,
77,0,66,434,1.0,
78,0,66,434,1.0,
79,0,64,436,1.0,
80,0,64,436,1.0,
81,0,59,441,1.0,
82,0,57,443,1.0,
83,0,54,446,1.0,
84,0,51,449,1.0,
85,0,48,452,1.0,
86,0,47,453,1.0,
87,0,46,454,1.0,
88,0,42,458,1.0,
89,0,40,460,1.0,
90,0,38,462,1.0,
91,0,37,463,1.0,
92,0,37,463,1.0,
93,0,36,464,1.0,
94,0,34,466,1.0,
95,0,33,467,1.0,
96,0,31,469,1.0,
97,0,30,470,1.0,
98,0,28,472,1.0,
99,0,28,472,1.0,
100,0,28,472,1.0,
101,0,24,476,1.0,
102,0,22,478,1.0,
103,0,21,479,1.0,
104,0,20,480,1.0,
105,0,18,482,1.0,
106,0,18,482,1.0,
107,0,18,482,1.0,
108,0,18,482,1.0,
109,0,18,482,1.0,
110,0,18,482,1.0,
111,0,18,482,1.0,
112,0,18,482,1.0,
113,0,15,485,1.0,
114,0,15,485,1.0,
115,0,15,485,1.0,
116,0,15,485,1.0,
117,0,15,485,1.0,
118,0,15,485,1.0,
119,0,15,485,1.0,
120,0,14,486,1.0,
121,0,14,486,1.0,
122,0,13,487,1.0,
123,0,13,487,1.0,
124,0,12,488,1.0,
125,0,12,488,1.0,
126,0,12,488,1.0,
127,0,12,488,1.0,
128,0,12,488,1.0,
129,0,10,490,1.0,
130,0,10,490,1.0,
131,0,9,491,1.0,
132,0,9,491,1.0,
133,0,9,491,1.0,
134,0,9,491,1.0,
135,0,9,491,1.0,
136,0,9,491,1.0,
137,0,9,491,1.0,
138,0,9,491,1.0,
139,0,9,491,1.0,
140,0,9,491,1.0,
141,0,8,492,1.0,
142,0,8,492,1.0,
143,0,8,492,1.0,
144,0,8,492,1.0,
145,0,8,492,1.0,
146,0,8,492,1.0,
147,0,8,492,1.0,
148,0,8,492,1.0,
149,0,8,492,1.0,
150,0,8,492,1.0,
151,0,8,492,1.0,
152,0,8,492,1.0,
153,0,8,492,1.0,
154,0,8,492,1.0,
155,0,8,492,1.0,
156,0,8,492,1.0,
157,0,8,492,1.0,
158,0,8,492,1.0,
159,0,8,492,1.0,
160,0,8,492,1.0,
161,0,8,492,1.0,
162,0,6,494,1.0,
163,0,6,494,1.0,
164,0,6,494,1.0,
165,0,5,495,1.0,
166,0,5,495,1.0,
167,0,5,495,1.0,
168,0,5,495,1.0,
169,0,4,496,1.0,
170,0,4,496,1.0,
171,0,4,496,1.0,
172,0,4,496,1.0,
173,0,4,496,1.0,
174,0,4,496,1.0,
175,0,4,496,1.0,
176,0,4,496,1.0,
177,0,4,496,1.0,
178,0,4,496,1.0,
179,0,4,496,1.0,
180,0,4,496,1.0,
181,0,4,496,1.0,
182,0,4,496,1.0,
183,0,4,496,1.0,
184,0,3,497,1.0,
185,0,3,497,1.0,
186,0,3,497,1.0,
187,0,3,497,1.0,
188,0,3,497,1.0,
189,0,3,497,1.0,
190,0,2,498,1.0,
191,0,2,498,1.0,
192,0,2,498,1.0,
193,0,2,498,1.0,
194,0,2,498,1.0,
195,0,2,498,1.0,
196,0,2,498,1.0,
197,0,2,498,1.0,
198,0,2,498,1.0,
199,0,2,498,1.0,
200,0,2,498,1.0,
1,497,3,0,0.9934117647058823,1.0
2,494,6,0,0.9878823529411764,0.9971739246447213
3,490,10,0,0.98,0.9930956137353409
4,483,16,1,0.9671764705882353,0.986298327925626
5,479,18,3,0.9664705882352941,0.9857917835890441
6,475,21,4,0.9638823529411765,0.984282594190456
7,470,24,6,0.9592941176470589,0.9816256417689007
8,464,30,6,0.9574117647058824,0.9803345234465708
9,454,40,6,0.9516470588235294,0.9766390079368645
10,443,47,10,0.9503529411764706,0.9751860743062197
11,433,56,11,0.9450588235294117,0.9714632051918167
12,423,61,16,0.9407058823529412,0.9681264007434397
13,412,69,19,0.9343529411764706,0.9633167035129363
14,398,79,23,0.9349411764705883,0.9622754768759104
15,383,86,31,0.9372941176470588,0.9622388471382176
16,367,95,38,0.9395294117647058,0.9619776645257899
17,353,106,41,0.9401176470588235,0.9607911288822326
18,335,120,45,0.9350588235294117,0.9547279987664101
19,327,121,52,0.9412941176470588,0.9583219757508805
20,314,126,60,0.9445882352941176,0.9590900553049321
21,305,129,66,0.9438823529411765,0.9571709054428486
22,290,139,71,0.9330588235294117,0.9454183581202242
23,281,143,76,0.9309411764705883,0.9416824056541488
24,271,151,78,0.9312941176470588,0.9397404783064252
25,254,162,84,0.9218823529411765,0.9261996240494875
26,236,168,96,0.938,0.9374510839344518
27,222,176,102,0.9347058823529412,0.9295403039792068
28,208,177,115,0.9482352941176471,0.9408966535680999
29,201,176,123,0.9490588235294117,0.9397457785256943
30,187,181,132,0.9495294117647058,0.9356165092666088
31,174,186,140,0.9434117647058824,0.9217283064088465
32,167,182,151,0.9444705882352942,0.9198924537598808
33,149,185,166,0.9355294117647058,0.8947421194923247
34,140,187,173,0.9331764705882353,0.8835517961435313
35,124,199,177,0.9301176470588235,0.861980989317889
36,110,208,182,0.9205882352941176,0.8222050769704363
37,103,209,188,0.9212941176470588,0.8115085435376943
38,87,206,207,0.932235294117647,0.8077663729912415
39,76,210,214,0.928,0.7654600871558478
40,68,206,226,0.9329411764705883,0.7556498681993769
41,53,212,235,0.9452941176470588,0.7442010563452242
42,47,210,243,0.9474117647058824,0.7224229347113625
43,35,213,252,0.9572941176470589,0.6969365907021766
44,24,217,259,0.9709411764705882,0.6996224715987808
45,23,206,271,0.9738823529411764,0.7184936210199139
46,22,200,278,0.9747058823529412,0.7149361444872665
47,16,201,283,0.9778823529411764,0.656587697423109
48,13,198,289,0.9810588235294118,0.6378604770125967
49,7,197,296,0.9896470588235294,0.6323477021731386
50,5,187,308,0.9923529411764705,0.6197007481296758
51,4,177,319,0.9938823529411764,0.6197007481296758
52,2,170,328,0.9969411764705882,0.6197007481296758
53,1,167,332,0.9984705882352941,0.6197007481296758
54,1,160,339,0.9984705882352941,0.6197007481296758
55,1,156,343,0.9984705882352941,0.6197007481296758
56,1,149,350,0.9984705882352941,0.6197007481296758
57,1,144,355,0.9984705882352941,0.6197007481296758
58,1,134,365,0.9985882352941177,0.6492103075644223
59,1,129,370,0.9985882352941177,0.6492103075644223
60,1,120,379,0.9987058823529412,0.6787198669991688
61,1,115,384,0.9987058823529412,0.6787198669991688
62,1,109,390,0.9988235294117647,0.7082294264339153
63,0,106,394,1.0,
64,0,106,394,1.0,
65,0,102,398,1.0,
66,0,94,406,1.0,
67,0,90,410,1.0,
68,0,88,412,1.0,
69,0,86,414,1.0,
70,0,77,423,1.0,
71,0,74,426,1.0,
72,0,71,429,1.0,
73,0,68,432,1.0,
74,0,65,435,1.0,
75,0,64,436,1.0,
76,0,63,437,1.0,
77,0,62,438,1.0,
78,0,58,442,1.0,
79,0,55,445,1.0,
80,0,53,447,1.0,
81,0,50,450,1.0,
82,0,50,450,1.0,
83,0,48,452,1.0,
84,0,43,457,1.0,
85,0,42,458,1.0,
86,0,41,459,1.0,
87,0,40,460,1.0,
88,0,39,461,1.0,
89,0,37,463,1.0,
90,0,36,464,1.0,
91,0,34,466,1.0,
92,0,34,466,1.0,
93,0,34,466,1.0,
94,0,32,468,1.0,
95,0,32,468,1.0,
96,0,30,470,1.0,
97,0,26,474,1.0,
98,0,24,476,1.0,
99,0,24,476,1.0,
100,0,22,478,1.0,
101,0,21,479,1.0,
102,0,20,480,1.0,
103,0,19,481,1.0,
104,0,19,481,1.0,
105,0,18,482,1.0,
106,0,18,482,1.0,
107,0,18,482,1.0,
108,0,18,482,1.0,
109,0,18,482,1.0,
110,0,17,483,1.0,
111,0,17,483,1.0,
112,0,17,483,1.0,
113,0,16,484,1.0,
114,0,15,485,1.0,
115,0,15,485,1.0,
116,0,14,486,1.0,
117,0,14,486,1.0,
118,0,14,486,1.0,
119,0,14,486,1.0,
120,0,14,486,1.0,
121,0,14,486,1.0,
122,0,14,486,1.0,
123,0,11,489,1.0,
124,0,11,489,1.0,
125,0,10,490,1.0,
126,0,10,490,1.0,
127,0,8,492,1.0,
128,0,7,493,1.0,
129,0,7,493,1.0,
130,0,7,493,1.0,
131,0,7,493,1.0,
132,0,6,494,1.0,
133,0,6,494,1.0,
134,0,5,495,1.0,
135,0,5,495,1.0,
136,0,4,496,1.0,
137,0,4,496,1.0,
138,0,4,496,1.0,
139,0,4,496,1.0,
140,0,4,496,1.0,
141,0,4,496,1.0,
142,0,4,496,1.0,
143,0,4,496,1.0,
144,0,4,496,1.0,
145,0,4,496,1.0,
146,0,4,496,1.0,
147,0,3,497,1.0,
148,0,3,497,1.0,
149,0,3,497,1.0,
150,0,3,497,1.0,
151,0,3,497,1.0,
152,0,3,497,1.0,
153,0,2,498,1.0,
154,0,2,498,1.0,
155,0,2,498,1.0,
156,0,2,498,1.0,
157,0,2,498,1.0,
158,0,2,498,1.0,
159,0,2,498,1.0,
160,0,2,498,1.0,
161,0,2,498,1.0,
162,0,2,498,1.0,
163,0,2,498,1.0,
164,0,2,498,1.0,
165,0,2,498,1.0,
166,0,2,498,1.0,
167,0,2,498,1.0,
168,0,1,499,1.0,
169,0,1,499,1.0,
170,0,1,499,1.0,
171,0,1,499,1.0,
172,0,1,499,1.0,
173,0,1,499,1.0,
174,0,1,499,1.0,
175,0,1,499,1.0,
176,0,1,499,1.0,
177,0,1,499,1.0,
178,0,1,499,1.0,
179,0,1,499,1.0,
180,0,1,499,1.0,
181,0,1,499,1.0,
182,0,1,499,1.0,
183,0,1,499,1.0,
184,0,1,499,1.0,
185,0,1,499,1.0,
186,0,1,499,1.0,
187,0,1,499,1.0,
188,0,1,499,1.0,
189,0,1,499,1.0,
190,0,1,499,1.0,
191,0,1,499,1.0,
192,0,1,499,1.0,
193,0,1,499,1.0,
194,0,1,499,1.0,
195,0,1,499,1.0,
196,0,1,499,1.0,
197,0,1,499,1.0,
198,0,1,499,1.0,
199,0,1,499,1.0,
200,0,1,499,1.0,
1,496,4,0,0.9925882352941177,1.0
2,493,7,0,0.9870588235294118,0.9971644475835564
3,491,9,0,0.9816470588235294,0.9943752690763217
4,488,12,0,0.975764705882353,0.9912892033321224
5,482,15,3,0.9716470588235294,0.9889902126419239
6,478,19,3,0.9636470588235294,0.984670376913029
7,465,30,5,0.9488235294117647,0.9761211377082487
8,456,38,6,0.9396470588235294,0.9705258712355742
9,451,41,8,0.9384705882352942,0.9695067248760635
10,439,50,11,0.934,0.9660229275879498
11,423,59,18,0.9385882352941176,0.9673094588852712
12,410,69,21,0.9312941176470588,0.96169358776579
13,398,73,29,0.9323529411764706,0.9610949807019752
14,387,83,30,0.922,0.9531540124380924
15,369,94,37,0.9372941176470588,0.9610863649351439
16,354,104,42,0.945764705882353,0.9652682565072518
17,343,110,47,0.943764705882353,0.9626049839360032
18,334,113,53,0.9484705882352941,0.9650319469998726
19,321,123,56,0.9503529411764706,0.9649327856861972
20,303,136,61,0.9330588235294117,0.948301545038091
21,288,140,72,0.9367058823529412,0.9485852916708459
22,271,155,74,0.9296470588235294,0.9385850991726797
23,256,160,84,0.9191764705882353,0.9245243329101999
24,242,166,92,0.9136470588235294,0.9142146089923749
25,224,178,98,0.9038823529411765,0.896088230216865
26,205,191,104,0.8961176470588236,0.8765968031326687
27,186,201,113,0.906235294117647,0.8772529825864905
28,167,214,119,0.9151764705882353,0.8763067615286363
29,149,214,137,0.9257647058823529,0.8786698323033371
30,129,226,145,0.9290588235294117,0.8656721178125167
31,118,229,153,0.9345882352941176,0.8645519520192662
32,103,235,162,0.9378823529411765,0.8522976207959903
33,91,240,169,0.9445882352941176,0.8508181301389891
34,73,253,174,0.9392941176470588,0.7949113353043649
35,62,252,186,0.9412941176470588,0.7659691172803442
36,55,247,198,0.941764705882353,0.7378373442524938
37,43,252,205,0.9449411764705883,0.6824376776481119
38,35,247,218,0.9521176470588235,0.6604482371007268
39,29,244,227,0.9567058823529412,0.629122973906228
40,20,243,237,0.9694117647058823,0.619960988849341
41,15,236,249,0.9770588235294118,0.6199609888493409
42,10,229,261,0.985764705882353,0.6465307455143129
43,3,222,275,0.9955294117647059,0.6298016394659973
44,3,215,282,0.9955294117647059,0.6298016394659973
45,2,208,290,0.9970588235294118,0.6347219647743254
46,2,200,298,0.9971764705882353,0.6494829406993098
47,1,195,304,0.9987058823529412,0.6790048925492784
48,0,184,316,1.0,
49,0,176,324,1.0,
50,0,169,331,1.0,
51,0,166,334,1.0,
52,0,159,341,1.0,
53,0,153,347,1.0,
54,0,148,352,1.0,
55,0,146,354,1.0,
56,0,138,362,1.0,
57,0,133,367,1.0,
58,0,131,369,1.0,
59,0,123,377,1.0,
60,0,120,380,1.0,
61,0,116,384,1.0,
62,0,110,390,1.0,
63,0,104,396,1.0,
64,0,103,397,1.0,
65,0,97,403,1.0,
66,0,93,407,1.0,
67,0,90,410,1.0,
68,0,85,415,1.0,
69,0,82,418,1.0,
70,0,80,420,1.0,
71,0,76,424,1.0,
72,0,71,429,1.0,
73,0,69,431,1.0,
74,0,66,434,1.0,
75,0,64,436,1.0,
76,0,61,439,1.0,
77,0,57,443,1.0,
78,0,56,444,1.0,
79,0,54,446,1.0,
80,0,53,447,1.0,
81,0,51,449,1.0,
82,0,50,450,1.0,
83,0,48,452,1.0,
84,0,47,453,1.0,
85,0,43,457,1.0,
86,0,42,458,1.0,
87,0,40,460,1.0,
88,0,38,462,1.0,
89,0,32,468,1.0,
90,0,31,469,1.0,
91,0,31,469,1.0,
92,0,31,469,1.0,
93,0,30,470,1.0,
94,0,28,472,1.0,
95,0,28,472,1.0,
96,0,28,472,1.0,
97,0,26,474,1.0,
98,0,26,474,1.0,
99,0,26,474,1.0,
100,0,24,476,1.0,
101,0,21,479,1.0,
102,0,21,479,1.0,
103,0,20,480,1.0,
104,0,20,480,1.0,
105,0,19,481,1.0,
106,0,18,482,1.0,
107,0,18,482,1.0,
108,0,16,484,1.0,
109,0,16,484,1.0,
110,0,16,484,1.0,
111,0,15,485,1.0,
112,0,15,485,1.0,
113,0,14,486,1.0,
114,0,14,486,1.0,
115,0,13,487,1.0,
116,0,13,487,1.0,
117,0,13,487,1.0,
118,0,13,487,1.0,
119,0,12,488,1.0,
120,0,12,488,1.0,
121,0,12,488,1.0,
122,0,12,488,1.0,
123,0,11,489,1.0,
124,0,11,489,1.0,
125,0,10,490,1.0,
126,0,10,490,1.0,
127,0,9,491,1.0,
128,0,9,491,1.0,
129,0,9,491,1.0,
130,0,8,492,1.0,
131,0,8,492,1.0,
132,0,8,492,1.0,
133,0,8,492,1.0,
134,0,8,492,1.0,
135,0,8,492,1.0,
136,0,8,492,1.0,
137,0,8,492,1.0,
138,0,6,494,1.0,
139,0,5,495,1.0,
140,0,5,495,1.0,
141,0,5,495,1.0,
142,0,4,496,1.0,
143,0,4,496,1.0,
144,0,4,496,1.0,
145,0,4,496,1.0,
146,0,4,496,1.0,
147,0,4,496,1.0,
148,0,4,496,1.0,
149,0,4,496,1.0,
150,0,3,497,1.0,
151,0,3,497,1.0,
152,0,3,497,1.0,
153,0,3,497,1.0,
154,0,2,498,1.0,
155,0,2,498,1.0,
156,0,1,499,1.0,
157,0,1,499,1.0,
158,0,1,499,1.0,
159,0,1,499,1.0,
160,0,1,499,1.0,
161,0,1,499,1.0,
162,0,1,499,1.0,
163,0,1,499,1.0,
164,0,1,499,1.0,
165,0,1,499,1.0,
166,0,1,499,1.0,
167,0,1,499,1.0,
168,0,1,499,1.0,
169,0,1,499,1.0,
170,0,1,499,1.0,
171,0,0,500,1.0,
172,0,0,500,1.0,
173,0,0,500,1.0,
174,0,0,500,1.0,
175,0,0,500,1.0,
176,0,0,500,1.0,
177,0,0,500,1.0,
178,0,0,500,1.0,
179,0,0,500,1.0,
180,0,0,500,1.0,
181,0,0,500,1.0,
182,0,0,500,1.0,
183,0,0,500,1.0,
184,0,0,500,1.0,
185,0,0,500,1.0,
186,0,0,500,1.0,
187,0,0,500,1.0,
188,0,0,500,1.0,
189,0,0,500,1.0,
190,0,0,500,1.0,
191,0,0,500,1.0,
192,0,0,500,1.0,
193,0,0,500,1.0,
194,0,0,500,1.0,
195,0,0,500,1.0,
196,0,0,500,1.0,
197,0,0,500,1.0,
198,0,0,500,1.0,
199,0,0,500,1.0,
200,0,0,500,1.0,
1,497,3,0,0.9944705882352941,1.0
2,494,6,0,0.9892941176470588,0.9973541860039228
3,489,11,0,0.9761176470588235,0.9905431034194302
4,482,16,2,0.9689411764705882,0.9866343119373198
5,476,22,2,0.9610588235294117,0.9822788407624063
6,471,26,3,0.9584705882352941,0.9806600244411748
7,464,33,3,0.948,0.974674447762345
8,458,37,5,0.9470588235294117,0.9737908689767323
9,448,47,5,0.9449411764705883,0.9719623690999272
10,441,52,7,0.9423529411764706,0.9700298800057018
11,425,67,8,0.9270588235294117,0.959772693286564
12,411,73,16,0.9285882352941176,0.9592509870101834
13,400,77,23,0.9292941176470588,0.9584940337630424
14,381,90,29,0.9227058823529412,0.9519544259519612
15,362,104,34,0.9063529411764706,0.9379511476196025
16,347,118,35,0.8931764705882353,0.9256332448539584
17,323,134,43,0.890235294117647,0.9176350193975897
18,299,157,44,0.8997647058823529,0.9187868268820845
19,284,169,47,0.9069411764705883,0.9206521004177272
20,269,177,54,0.9211764705882353,0.9293577526528934
21,260,180,60,0.9291764705882353,0.9345295085775531
22,243,193,64,0.9470588235294117,0.9482097515256058
23,232,193,75,0.96,0.9596133851408003
24,223,194,83,0.9610588235294117,0.9590190105214792
25,215,192,93,0.9655294117647059,0.9625603897030608
26,207,193,100,0.9609411764705882,0.9554359745309624
27,197,196,107,0.9575294117647059,0.9486860901113435
28,194,195,111,0.956,0.9458730859032755
29,189,194,117,0.9569411764705882,0.9456110986524844
30,182,194,124,0.952,0.9366103885794079
31,174,193,133,0.9587058823529412,0.9432295102112279
32,166,197,137,0.9585882352941176,0.940181574785635
33,150,206,144,0.9654117647058823,0.9449853223598617
34,145,205,150,0.9661176470588235,0.9442183880371805
35,139,204,157,0.9689411764705882,0.9467887352483685
36,136,201,163,0.9702352941176471,0.9479389932260576
37,132,190,178,0.9734117647058823,0.952309730935792
38,130,184,186,0.978,0.9603812751900364
39,126,180,194,0.9732941176470589,0.9496782351724652
40,115,186,199,0.9641176470588235,0.9246075346763747
41,109,181,210,0.9611764705882353,0.9135302951390404
42,105,182,213,0.9589411764705882,0.9047845465742805
43,96,183,221,0.9585882352941176,0.8947578196441874
44,88,186,226,0.9601176470588235,0.8891694884400289
45,80,189,231,0.9624705882352941,0.8851811292570526
46,71,188,241,0.9708235294117648,0.8997670341445878
47,59,189,252,0.9603529411764706,0.8343231589832035
48,46,192,262,0.9535294117647058,0.7495259150002678
49,37,188,275,0.954,0.6911102707798458
50,31,183,286,0.9583529411764706,0.6659878711611419
51,22,184,294,0.9678823529411764,0.6367968443407669
52,19,178,303,0.9730588235294118,0.6473101662030134
53,12,179,309,0.9816470588235294,0.6193687201798618
54,6,175,319,0.9909411764705882,0.6242843449431941
55,3,169,328,0.9956470588235294,0.6390312192331908
56,2,162,336,0.9969411764705882,0.6193687201798619
57,0,153,347,1.0,
58,0,147,353,1.0,
59,0,143,357,1.0,
60,0,138,362,1.0,
61,0,128,372,1.0,
62,0,123,377,1.0,
63,0,115,385,1.0,
64,0,113,387,1.0,
65,0,110,390,1.0,
66,0,103,397,1.0,
67,0,101,399,1.0,
68,0,98,402,1.0,
69,0,93,407,1.0,
70,0,89,411,1.0,
71,0,85,415,1.0,
72,0,80,420,1.0,
73,0,76,424,1.0,
74,0,76,424,1.0,
75,0,76,424,1.0,
76,0,70,430,1.0,
77,0,69,431,1.0,
78,0,68,432,1.0,
79,0,66,434,1.0,
80,0,64,436,1.0,
81,0,61,439,1.0,
82,0,59,441,1.0,
83,0,57,443,1.0,
84,0,56,444,1.0,
85,0,54,446,1.0,
86,0,51,449,1.0,
87,0,51,449,1.0,
88,0,50,450,1.0,
89,0,48,452,1.0,
90,0,47,453,1.0,
91,0,45,455,1.0,
92,0,42,458,1.0,
93,0,40,460,1.0,
94,0,40,460,1.0,
95,0,37,463,1.0,
96,0,34,466,1.0,
97,0,34,466,1.0,
98,0,33,467,1.0,
99,0,30,470,1.0,
100,0,28,472,1.0,
101,0,27,473,1.0,
102,0,27,473,1.0,
103,0,26,474,1.0,
104,0,25,475,1.0,
105,0,25,475,1.0,
106,0,24,476,1.0,
107,0,23,477,1.0,
108,0,23,477,1.0,
109,0,23,477,1.0,
110,0,22,478,1.0,
111,0,21,479,1.0,
112,0,21,479,1.0,
113,0,20,480,1.0,
114,0,20,480,1.0,
115,0,20,480,1.0,
116,0,19,481,1.0,
117,0,18,482,1.0,
118,0,18,482,1.0,
119,0,17,483,1.0,
120,0,17,483,1.0,
121,0,16,484,1.0,
122,0,16,484,1.0,
123,0,16,484,1.0,
124,0,13,487,1.0,
125,0,12,488,1.0,
126,0,12,488,1.0,
127,0,11,489,1.0,
128,0,11,489,1.0,
129,0,11,489,1.0,
130,0,10,490,1.0,
131,0,9,491,1.0,
132,0,9,491,1.0,
133,0,9,491,1.0,
134,0,9,491,1.0,
135,0,9,491,1.0,
136,0,9,491,1.0,
137,0,9,491,1.0,
138,0,9,491,1.0,
139,0,9,491,1.0,
140,0,9,491,1.0,
141,0,7,493,1.0,
142,0,7,493,1.0,
143,0,7,493,1.0,
144,0,7,493,1.0,
145,0,6,494,1.0,
146,0,6,494,1.0,
147,0,6,494,1.0,
148,0,5,495,1.0,
149,0,5,495,1.0,
150,0,4,496,1.0,
151,0,3,497,1.0,
152,0,3,497,1.0,
153,0,3,497,1.0,
154,0,3,497,1.0,
155,0,3,497,1.0,
156,0,1,499,1.0,
157,0,0,500,1.0,
158,0,0,500,1.0,
159,0,0,500,1.0,
160,0,0,500,1.0,
161,0,0,500,1.0,
162,0,0,500,1.0,
163,0,0,500,1.0,
164,0,0,500,1.0,
165,0,0,500,1.0,
166,0,0,500,1.0,
167,0,0,500,1.0,
168,0,0,500,1.0,
169,0,0,500,1.0,
170,0,0,500,1.0,
171,0,0,500,1.0,
172,0,0,500,1.0,
173,0,0,500,1.0,
174,0,0,500,1.0,
175,0,0,500,1.0,
176,0,0,500,1.0,
177,0,0,500,1.0,
178,0,0,500,1.0,
179,0,0,500,1.0,
180,0,0,500,1.0,
181,0,0,500,1.0,
182,0,0,500,1.0,
183,0,0,500,1.0,
184,0,0,500,1.0,
185,0,0,500,1.0,
186,0,0,500,1.0,
187,0,0,500,1.0,
188,0,0,500,1.0,
189,0,0,500,1.0,
190,0,0,500,1.0,
191,0,0,500,1.0,
192,0,0,500,1.0,
193,0,0,500,1.0,
194,0,0,500,1.0,
195,0,0,500,1.0,
196,0,0,500,1.0,
197,0,0,500,1.0,
198,0,0,500,1.0,
199,0,0,500,1.0,
200,0,0,500,1.0,
1,496,4,0,0.9927058823529412,1.0
2,492,8,0,0.9845882352941177,0.9958279918278907
3,492,7,1,0.9874117647058823,0.9972698296288507
4,489,10,1,0.9803529411764705,0.993617222203198
5,480,19,1,0.9655294117647059,0.985684455103101
6,473,23,4,0.9656470588235294,0.9854821283089574
7,470,24,6,0.9654117647058823,0.9852402657763251
8,460,34,6,0.9587058823529412,0.9811866429695228
9,451,41,8,0.9531764705882353,0.97765922512427
10,441,49,10,0.9436470588235294,0.9716524982805168
11,434,54,12,0.9463529411764706,0.9727000328613006
12,425,60,15,0.9404705882352942,0.9685643943270159
13,416,66,18,0.939764705882353,0.9673764608306797
14,410,72,18,0.9357647058823529,0.9643925926566442
15,394,85,21,0.9335294117647058,0.9613270448192853
16,375,98,27,0.9348235294117647,0.9600365869946988
17,365,102,33,0.936,0.959649000908845
18,345,115,40,0.9458823529411765,0.9642657057804568
19,328,131,41,0.9338823529411765,0.953061150157586
20,301,145,54,0.9354117647058824,0.9498181069354438
21,291,152,57,0.9370588235294117,0.9493838648816371
22,279,157,64,0.9395294117647058,0.9492699255497202
23,264,167,69,0.9442352941176471,0.9506470677222972
24,253,172,75,0.9483529411764706,0.9524280800988931
25,245,174,81,0.9515294117647058,0.9540071621818761
26,233,181,86,0.9504705882352941,0.9503115479479244
27,224,184,92,0.9481176470588235,0.9455826689912994
28,209,191,100,0.9318823529411765,0.9219074880704282
29,192,197,111,0.9269411764705883,0.908194439005186
30,178,201,121,0.9272941176470588,0.9011852506424206
31,165,204,131,0.9207058823529412,0.8830945872580318
32,152,209,139,0.9152941176470588,0.8638225100466872
33,131,220,149,0.918,0.8466015338168713
34,117,223,160,0.9247058823529412,0.8422547319875192
35,102,231,167,0.9237647058823529,0.8162071581099691
36,87,239,174,0.9267058823529412,0.7923101307478496
37,71,246,183,0.9336470588235294,0.7692292033496066
38,59,245,196,0.9402352941176471,0.749589473300288
39,52,242,206,0.9435294117647058,0.7313111817483609
40,41,243,216,0.9528235294117647,0.715134302288286
41,37,243,220,0.9572941176470589,0.7142569467207315
42,27,244,229,0.962,0.6508858090089695
43,22,240,238,0.9687058823529412,0.6471868842186843
44,17,235,248,0.9745882352941176,0.6292558900399774
45,12,226,262,0.981764705882353,0.6223884688636232
46,7,222,271,0.9895294117647059,0.6283628358713488
47,2,219,279,0.9972941176470588,0.6642090379177008
48,1,208,291,0.9988235294117647,0.7084896404455475
49,0,202,298,1.0,
50,0,196,304,1.0,
51,0,186,314,1.0,
52,0,175,325,1.0,
53,0,168,332,1.0,
54,0,164,336,1.0,
55,0,159,341,1.0,
56,0,150,350,1.0,
57,0,145,355,1.0,
58,0,140,360,1.0,
59,0,135,365,1.0,
60,0,127,373,1.0,
61,0,123,377,1.0,
62,0,118,382,1.0,
63,0,117,383,1.0,
64,0,113,387,1.0,
65,0,112,388,1.0,
66,0,104,396,1.0,
67,0,99,401,1.0,
68,0,95,405,1.0,
69,0,91,409,1.0,
70,0,89,411,1.0,
71,0,87,413,1.0,
72,0,84,416,1.0,
73,0,83,417,1.0,
74,0,76,424,1.0,
75,0,72,428,1.0,
76,0,72,428,1.0,
77,0,71,429,1.0,
78,0,70,430,1.0,
79,0,66,434,1.0,
80,0,65,435,1.0,
81,0,61,439,1.0,
82,0,60,440,1.0,
83,0,58,442,1.0,
84,0,56,444,1.0,
85,0,53,447,1.0,
86,0,52,448,1.0,
87,0,50,450,1.0,
88,0,49,451,1.0,
89,0,48,452,1.0,
90,0,44,456,1.0,
91,0,41,459,1.0,
92,0,40,460,1.0,
93,0,37,463,1.0,
94,0,36,464,1.0,
95,0,34,466,1.0,
96,0,33,467,1.0,
97,0,29,471,1.0,
98,0,28,472,1.0,
99,0,26,474,1.0,
100,0,25,475,1.0,
101,0,24,476,1.0,
102,0,22,478,1.0,
103,0,19,481,1.0,
104,0,18,482,1.0,
105,0,18,482,1.0,
106,0,18,482,1.0,
107,0,17,483,1.0,
108,0,15,485,1.0,
109,0,14,486,1.0,
110,0,14,486,1.0,
111,0,14,486,1.0,
112,0,13,487,1.0,
113,0,12,488,1.0,
114,0,12,488,1.0,
115,0,12,488,1.0,
116,0,12,488,1.0,
117,0,11,489,1.0,
118,0,10,490,1.0,
119,0,9,491,1.0,
120,0,8,492,1.0,
121,0,8,492,1.0,
122,0,7,493,1.0,
123,0,7,493,1.0,
124,0,7,493,1.0,
125,0,7,493,1.0,
126,0,6,494,1.0,
127,0,6,494,1.0,
128,0,6,494,1.0,
129,0,6,494,1.0,
130,0,5,495,1.0,
131,0,5,495,1.0,
132,0,5,495,1.0,
133,0,5,495,1.0,
134,0,4,496,1.0,
135,0,4,496,1.0,
136,0,4,496,1.0,
137,0,4,496,1.0,
138,0,4,496,1.0,
139,0,4,496,1.0,
140,0,4,496,1.0,
141,0,4,496,1.0,
142,0,4,496,1.0,
143,0,4,496,1.0,
144,0,2,498,1.0,
145,0,2,498,1.0,
146,0,2,498,1.0,
147,0,2,498,1.0,
148,0,2,498,1.0,
149,0,2,498,1.0,
150,0,1,499,1.0,
151,0,1,499,1.0,
152,0,1,499,1.0,
153,0,0,500,1.0,
154,0,0,500,1.0,
155,0,0,500,1.0,
156,0,0,500,1.0,
157,0,0,500,1.0,
158,0,0,500,1.0,
159,0,0,500,1.0,
160,0,0,500,1.0,
161,0,0,500,1.0,
162,0,0,500,1.0,
163,0,0,500,1.0,
164,0,0,500,1.0,
165,0,0,500,1.0,
166,0,0,500,1.0,
167,0,0,500,1.0,
168,0,0,500,1.0,
169,0,0,500,1.0,
170,0,0,500,1.0,
171,0,0,500,1.0,
172,0,0,500,1.0,
173,0,0,500,1.0,
174,0,0,500,1.0,
175,0,0,500,1.0,
176,0,0,500,1.0,
177,0,0,500,1.0,
178,0,0,500,1.0,
179,0,0,500,1.0,
180,0,0,500,1.0,
181,0,0,500,1.0,
182,0,0,500,1.0,
183,0,0,500,1.0,
184,0,0,500,1.0,
185,0,0,500,1.0,
186,0,0,500,1.0,
187,0,0,500,1.0,
188,0,0,500,1.0,
189,0,0,500,1.0,
190,0,0,500,1.0,
191,0,0,500,1.0,
192,0,0,500,1.0,
193,0,0,500,1.0,
194,0,0,500,1.0,
195,0,0,500,1.0,
196,0,0,500,1.0,
197,0,0,500,1.0,
198,0,0,500,1.0,
199,0,0,500,1.0,
200,0,0,500,1.0,
1,497,3,0,0.993764705882353,1.0
2,497,3,0,0.993764705882353,1.0
3,495,5,0,0.9903529411764705,0.9982587721726122
4,490,10,0,0.9801176470588235,0.9929738730358497
5,483,14,3,0.9736470588235294,0.9894702940179686
6,471,26,3,0.9530588235294117,0.9781559747673854
7,463,33,4,0.9432941176470588,0.9724350338123251
8,455,41,4,0.9421176470588235,0.9712484111074966
9,446,48,6,0.9335294117647058,0.9657712833817864
10,429,63,8,0.9352941176470588,0.9653153616441934
11,416,73,11,0.9475294117647058,0.9714871336056418
12,404,82,14,0.9455294117647058,0.9692984568302839
13,397,86,17,0.9405882352941176,0.9655688336656418
14,384,96,20,0.9384705882352942,0.96290407201376
15,374,104,22,0.9423529411764706,0.9644152913327979
16,360,109,31,0.9418823529411765,0.9625761410898891
17,345,116,39,0.958,0.9725671060137605
18,335,117,48,0.9658823529411765,0.9775654534899255
19,329,118,53,0.962,0.9741720617502855
20,320,121,59,0.9528235294117647,0.9661680810024506
21,313,124,63,0.9467058823529412,0.9604764810850861
22,300,135,65,0.9317647058823529,0.9461399579356015
23,289,143,68,0.9250588235294117,0.9381505960132182
24,274,151,75,0.9077647058823529,0.9187103035050548
25,256,166,78,0.9008235294117647,0.9059594684499277
26,242,175,83,0.894235294117647,0.893431331254403
27,219,192,89,0.8921176470588236,0.8794596103823445
28,198,203,99,0.9008235294117647,0.8773727635337508
29,185,205,110,0.9087058823529411,0.8793358769996258
30,168,213,119,0.9152941176470588,0.8767110923714301
31,152,218,130,0.9263529411764706,0.881614550909109
32,133,229,138,0.9370588235294117,0.8844269959513779
33,117,232,151,0.9307058823529412,0.8545673716720075
34,100,240,160,0.9318823529411765,0.8322063029164055
35,86,245,169,0.9409411764705883,0.8309207180504778
36,74,250,176,0.9451764705882353,0.8173461880526437
37,59,254,187,0.9571764705882353,0.8211169956006668
38,46,254,200,0.9609411764705882,0.790199546896961
39,42,249,209,0.9649411764705882,0.7938035800808602
40,33,250,217,0.9654117647058823,0.7402872968863501
41,28,242,230,0.9694117647058823,0.7291753240034805
42,23,237,240,0.9708235294117648,0.685010646173664
43,16,234,250,0.977764705882353,0.65462452317509
44,13,226,261,0.9805882352941176,0.628666497662405
45,8,223,269,0.988,0.6269643320550157
46,4,216,280,0.9941176470588236,0.6343403830203688
47,2,210,288,0.9970588235294118,0.6343403830203688
48,0,206,294,1.0,
49,0,198,302,1.0,
50,0,193,307,1.0,
51,0,187,313,1.0,
52,0,181,319,1.0,
53,0,172,328,1.0,
54,0,168,332,1.0,
55,0,164,336,1.0,
56,0,158,342,1.0,
57,0,148,352,1.0,
58,0,139,361,1.0,
59,0,135,365,1.0,
60,0,128,372,1.0,
61,0,122,378,1.0,
62,0,121,379,1.0,
63,0,117,383,1.0,
64,0,115,385,1.0,
65,0,114,386,1.0,
66,0,111,389,1.0,
67,0,109,391,1.0,
68,0,107,393,1.0,
69,0,105,395,1.0,
70,0,101,399,1.0,
71,0,97,403,1.0,
72,0,91,409,1.0,
73,0,90,410,1.0,
74,0,85,415,1.0,
75,0,80,420,1.0,
76,0,78,422,1.0,
77,0,75,425,1.0,
78,0,71,429,1.0,
79,0,69,431,1.0,
80,0,68,432,1.0,
81,0,66,434,1.0,
82,0,65,435,1.0,
83,0,65,435,1.0,
84,0,61,439,1.0,
85,0,60,440,1.0,
86,0,58,442,1.0,
87,0,53,447,1.0,
88,0,52,448,1.0,
89,0,50,450,1.0,
90,0,46,454,1.0,
91,0,46,454,1.0,
92,0,45,455,1.0,
93,0,43,457,1.0,
94,0,42,458,1.0,
95,0,40,460,1.0,
96,0,39,461,1.0,
97,0,38,462,1.0,
98,0,38,462,1.0,
99,0,36,464,1.0,
100,0,35,465,1.0,
101,0,33,467,1.0,
102,0,32,468,1.0,
103,0,30,470,1.0,
104,0,29,471,1.0,
105,0,28,472,1.0,
106,0,27,473,1.0,
107,0,25,475,1.0,
108,0,24,476,1.0,
109,0,23,477,1.0,
110,0,21,479,1.0,
111,0,21,479,1.0,
112,0,21,479,1.0,
113,0,19,481,1.0,
114,0,17,483,1.0,
115,0,15,485,1.0,
116,0,14,486,1.0,
117,0,14,486,1.0,
118,0,13,487,1.0,
119,0,13,487,1.0,
120,0,12,488,1.0,
121,0,10,490,1.0,
122,0,10,490,1.0,
123,0,9,491,1.0,
124,0,9,491,1.0,
125,0,9,491,1.0,
126,0,8,492,1.0,
127,0,8,492,1.0,
128,0,8,492,1.0,
129,0,8,492,1.0,
130,0,8,492,1.0,
131,0,6,494,1.0,
132,0,6,494,1.0,
133,0,6,494,1.0,
134,0,5,495,1.0,
135,0,5,495,1.0,
136,0,5,495,1.0,
137,0,5,495,1.0,
138,0,5,495,1.0,
139,0,5,495,1.0,
140,0,5,495,1.0,
141,0,5,495,1.0,
142,0,3,497,1.0,
143,0,3,497,1.0,
144,0,3,497,1.0,
145,0,3,497,1.0,
146,0,3,497,1.0,
147,0,3,497,1.0,
148,0,3,497,1.0,
149,0,3,497,1.0,
150,0,3,497,1.0,
151,0,3,497,1.0,
152,0,3,497,1.0,
153,0,3,497,1.0,
154,0,2,498,1.0,
155,0,2,498,1.0,
156,0,2,498,1.0,
157,0,2,498,1.0,
158,0,2,498,1.0,
159,0,2,498,1.0,
160,0,2,498,1.0,
161,0,2,498,1.0,
162,0,2,498,1.0,
163,0,2,498,1.0,
164,0,2,498,1.0,
165,0,2,498,1.0,
166,0,1,499,1.0,
167,0,1,499,1.0,
168,0,1,499,1.0,
169,0,1,499,1.0,
170,0,1,499,1.0,
171,0,0,500,1.0,
172,0,0,500,1.0,
173,0,0,500,1.0,
174,0,0,500,1.0,
175,0,0,500,1.0,
176,0,0,500,1.0,
177,0,0,500,1.0,
178,0,0,500,1.0,
179,0,0,500,1.0,
180,0,0,500,1.0,
181,0,0,500,1.0,
182,0,0,500,1.0,
183,0,0,500,1.0,
184,0,0,500,1.0,
185,0,0,500,1.0,
186,0,0,500,1.0,
187,0,0,500,1.0,
188,0,0,500,1.0,
189,0,0,500,1.0,
190,0,0,500,1.0,
191,0,0,500,1.0,
192,0,0,500,1.0,
193,0,0,500,1.0,
194,0,0,500,1.0,
195,0,0,500,1.0,
196,0,0,500,1.0,
197,0,0,500,1.0,
198,0,0,500,1.0,
199,0,0,500,1.0,
200,0,0,500,1.0,
1,499,1,0,1.0,1.0
2,495,5,0,0.9905882352941177,0.9952446800575143
3,492,8,0,0.9836470588235294,0.9916867486092737
4,485,14,1,0.9708235294117648,0.9849636274378543
5,478,20,2,0.9587058823529412,0.9784072929285828
6,471,26,3,0.9462352941176471,0.9714670658844506
7,459,37,4,0.9331764705882353,0.9636081249691401
8,449,41,10,0.9358823529411765,0.9642943065057568
9,442,48,10,0.930235294117647,0.9605188928718341
10,435,55,10,0.9264705882352942,0.9577136769023179
11,423,67,10,0.9225882352941176,0.954219409663715
12,402,85,13,0.9343529411764706,0.9591370243257864
13,388,97,15,0.9303529411764706,0.955076079166437
14,363,118,19,0.9394117647058824,0.9582208641032169
15,357,117,26,0.9421176470588235,0.959445881739505
16,343,128,29,0.9431764705882353,0.9585594534659875
17,333,132,35,0.9418823529411765,0.9563777681424741
18,318,142,40,0.9338823529411765,0.9480328094645519
19,311,140,49,0.9344705882352942,0.9473587505741847
20,297,147,56,0.9274117647058824,0.9389299154005035
21,289,150,61,0.9269411764705883,0.9368352185164724
22,279,155,66,0.9281176470588235,0.9355892894792325
23,265,165,70,0.9311764705882353,0.935072142064373
24,252,172,76,0.9367058823529412,0.9372115512871816
25,238,181,81,0.9383529411764706,0.9352517477579266
26,225,190,85,0.9408235294117647,0.9342670401493931
27,213,191,96,0.9458823529411765,0.9365013611078236
28,204,190,106,0.9484705882352941,0.9368512110726646
29,197,181,122,0.9505882352941176,0.9372947148402508
30,189,176,135,0.9551764705882353,0.9407096171802055
31,178,180,142,0.9478823529411765,0.926796050391556
32,168,183,149,0.9461176470588235,0.9198020117137766
33,160,181,159,0.9430588235294117,0.910995989304813
34,146,187,167,0.9429411764705883,0.9022599076990698
35,135,190,175,0.94,0.8888360731497988
36,126,192,182,0.9411764705882353,0.8832433983694491
37,109,202,189,0.9443529411764706,0.8722864291671635
38,96,204,200,0.9484705882352941,0.8657231453187335
39,77,214,209,0.9423529411764706,0.8128037992056327
40,62,222,216,0.9403529411764706,0.7595583101275701
41,48,229,223,0.9449411764705883,0.7134628851540615
42,40,228,232,0.9554117647058824,0.7215966386554622
43,27,233,240,0.9630588235294117,0.6583566760037349
44,18,229,253,0.9738823529411764,0.6377684407096171
45,14,221,265,0.9791764705882353,0.6281512605042018
46,10,216,274,0.9848235294117647,0.6205882352941176
47,8,213,279,0.9878823529411764,0.6213235294117647
48,3,211,286,0.9955294117647059,0.6274509803921569
49,2,199,299,0.9970588235294118,0.6323529411764706
50,0,190,310,1.0,
51,0,183,317,1.0,
52,0,176,324,1.0,
53,0,168,332,1.0,
54,0,165,335,1.0,
55,0,153,347,1.0,
56,0,150,350,1.0,
57,0,146,354,1.0,
58,0,136,364,1.0,
59,0,128,372,1.0,
60,0,121,379,1.0,
61,0,120,380,1.0,
62,0,117,383,1.0,
63,0,113,387,1.0,
64,0,108,392,1.0,
65,0,103,397,1.0,
66,0,101,399,1.0,
67,0,94,406,1.0,
68,0,93,407,1.0,
69,0,90,410,1.0,
70,0,84,416,1.0,
71,0,82,418,1.0,
72,0,79,421,1.0,
73,0,76,424,1.0,
74,0,72,428,1.0,
75,0,66,434,1.0,
76,0,65,435,1.0,
77,0,59,441,1.0,
78,0,56,444,1.0,
79,0,53,447,1.0,
80,0,53,447,1.0,
81,0,51,449,1.0,
82,0,48,452,1.0,
83,0,45,455,1.0,
84,0,43,457,1.0,
85,0,43,457,1.0,
86,0,41,459,1.0,
87,0,39,461,1.0,
88,0,36,464,1.0,
89,0,36,464,1.0,
90,0,36,464,1.0,
91,0,33,467,1.0,
92,0,32,468,1.0,
93,0,28,472,1.0,
94,0,28,472,1.0,
95,0,26,474,1.0,
96,0,26,474,1.0,
97,0,25,475,1.0,
98,0,25,475,1.0,
99,0,23,477,1.0,
100,0,21,479,1.0,
101,0,21,479,1.0,
102,0,21,479,1.0,
103,0,19,481,1.0,
104,0,19,481,1.0,
105,0,18,482,1.0,
106,0,16,484,1.0,
107,0,14,486,1.0,
108,0,14,486,1.0,
109,0,13,487,1.0,
110,0,13,487,1.0,
111,0,12,488,1.0,
112,0,11,489,1.0,
113,0,11,489,1.0,
114,0,11,489,1.0,
115,0,11,489,1.0,
116,0,11,489,1.0,
117,0,11,489,1.0,
118,0,10,490,1.0,
119,0,10,490,1.0,
120,0,9,491,1.0,
121,0,9,491,1.0,
122,0,8,492,1.0,
123,0,8,492,1.0,
124,0,7,493,1.0,
125,0,7,493,1.0,
126,0,7,493,1.0,
127,0,7,493,1.0,
128,0,7,493,1.0,
129,0,7,493,1.0,
130,0,7,493,1.0,
131,0,7,493,1.0,
132,0,7,493,1.0,
133,0,7,493,1.0,
134,0,7,493,1.0,
135,0,6,494,1.0,
136,0,6,494,1.0,
137,0,5,495,1.0,
138,0,4,496,1.0,
139,0,4,496,1.0,
140,0,4,496,1.0,
141,0,4,496,1.0,
142,0,4,496,1.0,
143,0,4,496,1.0,
144,0,4,496,1.0,
145,0,4,496,1.0,
146,0,3,497,1.0,
147,0,3,497,1.0,
148,0,3,497,1.0,
149,0,3,497,1.0,
150,0,3,497,1.0,
151,0,3,497,1.0,
152,0,3,497,1.0,
153,0,3,497,1.0,
154,0,3,497,1.0,
155,0,3,497,1.0,
156,0,2,498,1.0,
157,0,2,498,1.0,
158,0,2,498,1.0,
159,0,2,498,1.0,
160,0,2,498,1.0,
161,0,2,498,1.0,
162,0,2,498,1.0,
163,0,2,498,1.0,
164,0,1,499,1.0,
165,0,1,499,1.0,
166,0,1,499,1.0,
167,0,1,499,1.0,
168,0,1,499,1.0,
169,0,1,499,1.0,
170,0,1,499,1.0,
171,0,1,499,1.0,
172,0,1,499,1.0,
173,0,1,499,1.0,
174,0,1,499,1.0,
175,0,1,499,1.0,
176,0,1,499,1.0,
177,0,1,499,1.0,
178,0,1,499,1.0,
179,0,1,499,1.0,
180,0,1,499,1.0,
181,0,1,499,1.0,
182,0,1,499,1.0,
183,0,1,499,1.0,
184,0,1,499,1.0,
185,0,1,499,1.0,
186,0,1,499,1.0,
187,0,1,499,1.0,
188,0,1,499,1.0,
189,0,1,499,1.0,
190,0,1,499,1.0,
191,0,1,499,1.0,
192,0,1,499,1.0,
193,0,1,499,1.0,
194,0,1,499,1.0,
195,0,1,499,1.0,
196,0,1,499,1.0,
197,0,1,499,1.0,
198,0,1,499,1.0,
199,0,1,499,1.0,
200,0,1,499,1.0,
1,497,3,0,0.9936470588235294,1.0
2,496,4,0,0.9927058823529412,0.999517640867416
3,492,8,0,0.9827058823529412,0.9943880841590731
4,490,10,0,0.9795294117647059,0.9927260601049746
5,484,16,0,0.9711764705882353,0.9882767541708019
6,479,21,0,0.9655294117647059,0.9851427580810326
7,471,28,1,0.9612941176470589,0.982575083813815
8,467,32,1,0.9545882352941176,0.9787912906015176
9,456,40,4,0.9530588235294117,0.9773534023341389
10,444,48,8,0.9565882352941176,0.9786625205755649
11,431,58,11,0.9545882352941176,0.9767543789671872
12,423,63,14,0.9567058823529412,0.977511743906963
13,411,72,17,0.9541176470588235,0.9751777797762375
14,399,84,17,0.9404705882352942,0.965756502848008
15,387,91,22,0.9296470588235294,0.9575873224751074
16,376,98,26,0.9328235294117647,0.9583643452059709
17,362,110,28,0.924,0.95051165669395
18,343,125,32,0.9128235294117647,0.9394389666431353
19,325,138,37,0.9136470588235294,0.9365319569830189
20,308,152,40,0.9214117647058824,0.9392123678059354
21,299,153,48,0.9297647058823529,0.9442926747446704
22,280,164,56,0.9368235294117647,0.9465878198926481
23,265,168,67,0.9518823529411765,0.9576631056676359
24,252,173,75,0.9581176470588235,0.9615194695392544
25,243,178,79,0.9574117647058824,0.9592471120044878
26,238,178,84,0.9534117647058824,0.9541085432819534
27,230,175,95,0.947764705882353,0.946243163263214
28,216,183,101,0.9485882352941176,0.9435075668280852
29,202,189,109,0.946,0.9361567752997454
30,191,195,114,0.9458823529411765,0.9321454363162489
31,174,201,125,0.9450588235294117,0.9240209046749989
32,161,209,130,0.9435294117647058,0.9152606009705693
33,149,210,141,0.9469411764705883,0.9139321187082801
34,135,219,146,0.9507058823529412,0.9116801876155183
35,122,220,158,0.9490588235294117,0.898548792301951
36,107,220,173,0.9410588235294117,0.8651410679285034
37,91,229,180,0.9438823529411765,0.8486182854014156
38,78,234,188,0.9381176470588235,0.8041995709642799
39,62,238,200,0.946,0.7848720127302758
40,55,236,209,0.9434117647058824,0.7453740823770441
41,48,231,221,0.9472941176470588,0.7281297035099563
42,39,227,234,0.947764705882353,0.6678073174404224
43,30,224,246,0.9574117647058824,0.6478383784926832
44,25,223,252,0.962,0.622862289709639
45,18,225,257,0.9728235294117648,0.6257604302247433
46,12,224,264,0.9822352941176471,0.6336052675919048
47,5,223,272,0.993764705882353,0.6917882016887686
48,2,220,278,0.9976470588235294,0.708142931292427
49,1,216,283,0.9987058823529412,0.6786369758219093
50,0,209,291,1.0,
51,0,202,298,1.0,
52,0,195,305,1.0,
53,0,187,313,1.0,
54,0,181,319,1.0,
55,0,176,324,1.0,
56,0,165,335,1.0,
57,0,161,339,1.0,
58,0,157,343,1.0,
59,0,151,349,1.0,
60,0,146,354,1.0,
61,0,141,359,1.0,
62,0,135,365,1.0,
63,0,131,369,1.0,
64,0,130,370,1.0,
65,0,125,375,1.0,
66,0,123,377,1.0,
67,0,118,382,1.0,
68,0,115,385,1.0,
69,0,110,390,1.0,
70,0,106,394,1.0,
71,0,101,399,1.0,
72,0,93,407,1.0,
73,0,89,411,1.0,
74,0,86,414,1.0,
75,0,84,416,1.0,
76,0,79,421,1.0,
77,0,76,424,1.0,
78,0,72,428,1.0,
79,0,69,431,1.0,
80,0,66,434,1.0,
81,0,60,440,1.0,
82,0,56,444,1.0,
83,0,54,446,1.0,
84,0,51,449,1.0,
85,0,50,450,1.0,
86,0,50,450,1.0,
87,0,50,450,1.0,
88,0,47,453,1.0,
89,0,46,454,1.0,
90,0,45,455,1.0,
91,0,40,460,1.0,
92,0,37,463,1.0,
93,0,36,464,1.0,
94,0,36,464,1.0,
95,0,36,464,1.0,
96,0,35,465,1.0,
97,0,35,465,1.0,
98,0,34,466,1.0,
99,0,34,466,1.0,
100,0,32,468,1.0,
101,0,30,470,1.0,
102,0,28,472,1.0,
103,0,27,473,1.0,
104,0,26,474,1.0,
105,0,24,476,1.0,
106,0,23,477,1.0,
107,0,23,477,1.0,
108,0,20,480,1.0,
109,0,19,481,1.0,
110,0,19,481,1.0,
111,0,18,482,1.0,
112,0,18,482,1.0,
113,0,18,482,1.0,
114,0,16,484,1.0,
115,0,16,484,1.0,
116,0,16,484,1.0,
117,0,16,484,1.0,
118,0,15,485,1.0,
119,0,15,485,1.0,
120,0,13,487,1.0,
121,0,13,487,1.0,
122,0,12,488,1.0,
123,0,12,488,1.0,
124,0,11,489,1.0,
125,0,11,489,1.0,
126,0,11,489,1.0,
127,0,11,489,1.0,
128,0,11,489,1.0,
129,0,11,489,1.0,
130,0,11,489,1.0,
131,0,11,489,1.0,
132,0,10,490,1.0,
133,0,8,492,1.0,
134,0,8,492,1.0,
135,0,7,493,1.0,
136,0,7,493,1.0,
137,0,6,494,1.0,
138,0,4,496,1.0,
139,0,4,496,1.0,
140,0,4,496,1.0,
141,0,4,496,1.0,
142,0,4,496,1.0,
143,0,4,496,1.0,
144,0,4,496,1.0,
145,0,3,497,1.0,
146,0,2,498,1.0,
147,0,2,498,1.0,
148,0,2,498,1.0,
149,0,2,498,1.0,
150,0,2,498,1.0,
151,0,2,498,1.0,
152,0,2,498,1.0,
153,0,2,498,1.0,
154,0,2,498,1.0,
155,0,2,498,1.0,
156,0,2,498,1.0,
157,0,2,498,1.0,
158,0,2,498,1.0,
159,0,2,498,1.0,
160,0,2,498,1.0,
161,0,2,498,1.0,
162,0,2,498,1.0,
163,0,2,498,1.0,
164,0,2,498,1.0,
165,0,2,498,1.0,
166,0,2,498,1.0,
167,0,2,498,1.0,
168,0,2,498,1.0,
169,0,2,498,1.0,
170,0,2,498,1.0,
171,0,2,498,1.0,
172,0,2,498,1.0,
173,0,2,498,1.0,
174,0,2,498,1.0,
175,0,2,498,1.0,
176,0,2,498,1.0,
177,0,2,498,1.0,
178,0,2,498,1.0,
179,0,2,498,1.0,
180,0,2,498,1.0,
181,0,2,498,1.0,
182,0,2,498,1.0,
183,0,2,498,1.0,
184,0,2,498,1.0,
185,0,2,498,1.0,
186,0,2,498,1.0,
187,0,2,498,1.0,
188,0,2,498,1.0,
189,0,2,498,1.0,
190,0,2,498,1.0,
191,0,2,498,1.0,
192,0,2,498,1.0,
193,0,2,498,1.0,
194,0,2,498,1.0,
195,0,2,498,1.0,
196,0,2,498,1.0,
197,0,2,498,1.0,
198,0,2,498,1.0,
199,0,2,498,1.0,
200,0,2,498,1.0,
1,498,2,0,0.9962352941176471,1.0
2,498,2,0,0.9962352941176471,1.0
3,498,2,0,0.9962352941176471,1.0
4,497,3,0,0.994,0.9988696677104044
5,495,4,1,0.9929411764705882,0.9983216783216783
6,494,5,1,0.9907058823529412,0.9971810842536473
7,491,8,1,0.9834117647058823,0.9934313501006279
8,486,12,2,0.9772941176470589,0.9901895571981041
9,481,16,3,0.9696470588235294,0.9860820931826848
10,476,20,4,0.9612941176470589,0.9815258503616616
11,464,31,5,0.9485882352941176,0.9741381522986297
12,454,38,8,0.9435294117647058,0.9707354935813085
13,441,50,9,0.9384705882352942,0.9669471153301608
14,429,60,11,0.9435294117647058,0.9689207704613836
15,413,74,13,0.9478823529411765,0.9702785000434468
16,403,82,15,0.9522352941176471,0.9722035094129005
17,388,93,19,0.9534117647058824,0.9718059656441892
18,373,104,23,0.952,0.9696135920173866
19,358,115,27,0.9475294117647058,0.9651784339425078
20,343,124,33,0.9327058823529412,0.9527377748961064
21,321,139,40,0.9156470588235294,0.9360521213749107
22,304,152,44,0.9077647058823529,0.9258221029982163
23,289,158,53,0.9107058823529411,0.9244595734316258
24,272,170,58,0.9174117647058824,0.9257883654806732
25,250,185,65,0.9304705882352942,0.9321570097594712
26,230,198,72,0.9277647058823529,0.9231311364221063
27,212,203,85,0.9303529411764706,0.9195014695029208
28,194,213,93,0.9337647058823529,0.9163300315861774
29,179,221,100,0.9436470588235294,0.9229932010404721
30,168,223,109,0.9543529411764706,0.9338042909471482
31,160,215,125,0.9538823529411765,0.9296516637208945
32,154,211,135,0.9575294117647059,0.9328383883848419
33,148,209,143,0.9568235294117647,0.9288438858438859
34,140,207,153,0.9612941176470589,0.9326672031265437
35,130,209,161,0.9683529411764706,0.9408773120370755
36,128,204,168,0.9723529411764706,0.9477512271382464
37,125,196,179,0.9674117647058823,0.9365507477138245
38,117,195,188,0.9618823529411765,0.9202302496977052
39,110,197,193,0.9547058823529412,0.8986843366423783
40,94,208,198,0.9451764705882353,0.8558101472995093
41,83,210,207,0.9410588235294117,0.8240236686390532
42,73,208,219,0.9354117647058824,0.7802820783010457
43,62,215,223,0.9357647058823529,0.7423897690398933
44,55,212,233,0.9372941176470588,0.7163270575578269
45,44,214,242,0.9431764705882353,0.678421194190425
46,35,209,256,0.9518823529411765,0.6575452240067624
47,27,205,268,0.9607058823529412,0.637370151216305
48,19,203,278,0.9725882352941176,0.6405294300840858
49,10,206,284,0.9848235294117647,0.6217633136094673
50,6,201,293,0.9909411764705882,0.6237278106508876
51,5,197,298,0.9924705882352941,0.6247100591715976
52,4,194,302,0.9938823529411764,0.6188165680473373
53,3,192,305,0.9954117647058823,0.6188165680473373
54,2,187,311,0.9969411764705882,0.6188165680473373
55,1,184,315,0.9984705882352941,0.6188165680473373
56,1,176,323,0.9985882352941177,0.648284023668639
57,1,170,329,0.9985882352941177,0.648284023668639
58,1,164,335,0.9985882352941177,0.648284023668639
59,1,156,343,0.9987058823529412,0.6777514792899408
60,1,152,347,0.9987058823529412,0.6777514792899408
61,1,148,351,0.9987058823529412,0.6777514792899408
62,1,143,356,0.9987058823529412,0.6777514792899408
63,1,139,360,0.9988235294117647,0.7072189349112427
64,1,138,361,0.9988235294117647,0.7072189349112427
65,1,132,367,0.9989411764705882,0.7366863905325444
66,1,125,374,0.9989411764705882,0.7366863905325444
67,1,121,378,0.9989411764705882,0.7366863905325444
68,1,118,381,0.9989411764705882,0.7366863905325444
69,1,113,386,0.9989411764705882,0.7366863905325444
70,0,109,391,1.0,
71,0,103,397,1.0,
72,0,102,398,1.0,
73,0,100,400,1.0,
74,0,99,401,1.0,
75,0,93,407,1.0,
76,0,88,412,1.0,
77,0,85,415,1.0,
78,0,84,416,1.0,
79,0,80,420,1.0,
80,0,77,423,1.0,
81,0,74,426,1.0,
82,0,71,429,1.0,
83,0,70,430,1.0,
84,0,66,434,1.0,
85,0,60,440,1.0,
86,0,57,443,1.0,
87,0,53,447,1.0,
88,0,51,449,1.0,
89,0,47,453,1.0,
90,0,43,457,1.0,
91,0,42,458,1.0,
92,0,40,460,1.0,
93,0,38,462,1.0,
94,0,37,463,1.0,
95,0,36,464,1.0,
96,0,36,464,1.0,
97,0,35,465,1.0,
98,0,35,465,1.0,
99,0,32,468,1.0,
100,0,31,469,1.0,
101,0,30,470,1.0,
102,0,29,471,1.0,
103,0,28,472,1.0,
104,0,26,474,1.0,
105,0,25,475,1.0,
106,0,24,476,1.0,
107,0,23,477,1.0,
108,0,21,479,1.0,
109,0,20,480,1.0,
110,0,20,480,1.0,
111,0,19,481,1.0,
112,0,19,481,1.0,
113,0,19,481,1.0,
114,0,18,482,1.0,
115,0,18,482,1.0,
116,0,18,482,1.0,
117,0,16,484,1.0,
118,0,16,484,1.0,
119,0,16,484,1.0,
120,0,16,484,1.0,
121,0,15,485,1.0,
122,0,15,485,1.0,
123,0,14,486,1.0,
124,0,14,486,1.0,
125,0,14,486,1.0,
126,0,14,486,1.0,
127,0,13,487,1.0,
128,0,12,488,1.0,
129,0,11,489,1.0,
130,0,11,489,1.0,
131,0,11,489,1.0,
132,0,10,490,1.0,
133,0,9,491,1.0,
134,0,9,491,1.0,
135,0,8,492,1.0,
136,0,8,492,1.0,
137,0,7,493,1.0,
138,0,7,493,1.0,
139,0,7,493,1.0,
140,0,7,493,1.0,
141,0,6,494,1.0,
142,0,6,494,1.0,
143,0,6,494,1.0,
144,0,6,494,1.0,
145,0,6,494,1.0,
146,0,5,495,1.0,
147,0,5,495,1.0,
148,0,5,495,1.0,
149,0,5,495,1.0,
150,0,5,495,1.0,
151,0,5,495,1.0,
152,0,5,495,1.0,
153,0,5,495,1.0,
154,0,5,495,1.0,
155,0,5,495,1.0,
156,0,4,496,1.0,
157,0,4,496,1.0,
158,0,4,496,1.0,
159,0,4,496,1.0,
160,0,3,497,1.0,
161,0,3,497,1.0,
162,0,3,497,1.0,
163,0,3,497,1.0,
164,0,3,497,1.0,
165,0,2,498,1.0,
166,0,2,498,1.0,
167,0,2,498,1.0,
168,0,2,498,1.0,
169,0,2,498,1.0,
170,0,2,498,1.0,
171,0,2,498,1.0,
172,0,1,499,1.0,
173,0,1,499,1.0,
174,0,1,499,1.0,
175,0,0,500,1.0,
176,0,0,500,1.0,
177,0,0,500,1.0,
178,0,0,500,1.0,
179,0,0,500,1.0,
180,0,0,500,1.0,
181,0,0,500,1.0,
182,0,0,500,1.0,
183,0,0,500,1.0,
184,0,0,500,1.0,
185,0,0,500,1.0,
186,0,0,500,1.0,
187,0,0,500,1.0,
188,0,0,500,1.0,
189,0,0,500,1.0,
190,0,0,500,1.0,
191,0,0,500,1.0,
192,0,0,500,1.0,
193,0,0,500,1.0,
194,0,0,500,1.0,
195,0,0,500,1.0,
196,0,0,500,1.0,
197,0,0,500,1.0,
198,0,0,500,1.0,
199,0,0,500,1.0,
200,0,0,500,1.0,
1,496,4,0,0.9927058823529412,1.0
2,493,7,0,0.985764705882353,0.9964373629644885
3,490,10,0,0.9810588235294118,0.9939885540084858
4,486,13,1,0.9752941176470589,0.9909321941054803
5,481,18,1,0.968,0.9869960099075892
6,475,23,2,0.9589411764705882,0.982018126790549
7,462,35,3,0.9490588235294117,0.9760352653673695
8,456,37,7,0.9474117647058824,0.9747723587530748
9,443,48,9,0.9431764705882353,0.9715245884581604
10,436,55,9,0.9361176470588235,0.9669494682087135
11,421,70,9,0.9381176470588235,0.9668181793596299
12,397,88,15,0.9508235294117647,0.9726194804213175
13,387,95,18,0.9524705882352941,0.9728842298362823
14,377,102,21,0.9487058823529412,0.9695631541528011
15,360,113,27,0.9356470588235294,0.9588584798889562
16,346,123,31,0.9298823529411765,0.9528786126691051
17,336,127,37,0.9243529411764706,0.9472393058496344
18,321,135,44,0.9141176470588235,0.9365895280339247
19,307,140,53,0.9047058823529411,0.9258448413244252
20,287,154,59,0.8890588235294118,0.9067360538925838
21,269,166,65,0.8815294117647059,0.8931862798328618
22,243,182,75,0.8812941176470588,0.8810835396542702
23,207,209,84,0.8811764705882353,0.8596297647942381
24,190,217,93,0.888,0.8557510371836977
25,168,226,106,0.8943529411764706,0.8458445604327557
26,145,236,119,0.8915294117647059,0.8159567167875315
27,127,245,128,0.9016470588235294,0.8093310399749922
28,108,255,137,0.8976470588235295,0.7658186374058694
29,88,265,147,0.9063529411764706,0.736569208284132
30,66,277,157,0.918235294117647,0.6926747336730347
31,53,275,172,0.9278823529411765,0.66204254567899
32,36,278,186,0.9490588235294117,0.6483081297225457
33,27,273,200,0.9602352941176471,0.633713535055737
34,14,269,217,0.9787058823529412,0.6212086156103959
35,6,266,228,0.9910588235294118,0.6297708409232734
36,5,262,233,0.9925882352941177,0.6317388748011585
37,2,259,239,0.9969411764705882,0.6199306715338473
38,1,254,245,0.9984705882352941,0.6199306715338473
39,0,246,254,1.0,
40,0,238,262,1.0,
41,0,232,268,1.0,
42,0,227,273,1.0,
43,0,217,283,1.0,
44,0,207,293,1.0,
45,0,201,299,1.0,
46,0,197,303,1.0,
47,0,184,316,1.0,
48,0,175,325,1.0,
49,0,171,329,1.0,
50,0,168,332,1.0,
51,0,161,339,1.0,
52,0,156,344,1.0,
53,0,154,346,1.0,
54,0,148,352,1.0,
55,0,142,358,1.0,
56,0,136,364,1.0,
57,0,130,370,1.0,
58,0,127,373,1.0,
59,0,123,377,1.0,
60,0,115,385,1.0,
61,0,111,389,1.0,
62,0,107,393,1.0,
63,0,102,398,1.0,
64,0,94,406,1.0,
65,0,93,407,1.0,
66,0,89,411,1.0,
67,0,85,415,1.0,
68,0,80,420,1.0,
69,0,73,427,1.0,
70,0,70,430,1.0,
71,0,67,433,1.0,
72,0,67,433,1.0,
73,0,66,434,1.0,
74,0,65,435,1.0,
75,0,64,436,1.0,
76,0,62,438,1.0,
77,0,62,438,1.0,
78,0,60,440,1.0,
79,0,56,444,1.0,
80,0,56,444,1.0,
81,0,54,446,1.0,
82,0,51,449,1.0,
83,0,48,452,1.0,
84,0,45,455,1.0,
85,0,42,458,1.0,
86,0,42,458,1.0,
87,0,41,459,1.0,
88,0,37,463,1.0,
89,0,36,464,1.0,
90,0,32,468,1.0,
91,0,30,470,1.0,
92,0,29,471,1.0,
93,0,29,471,1.0,
94,0,28,472,1.0,
95,0,25,475,1.0,
96,0,25,475,1.0,
97,0,24,476,1.0,
98,0,23,477,1.0,
99,0,22,478,1.0,
100,0,20,480,1.0,
101,0,18,482,1.0,
102,0,17,483,1.0,
103,0,17,483,1.0,
104,0,16,484,1.0,
105,0,15,485,1.0,
106,0,14,486,1.0,
107,0,14,486,1.0,
108,0,14,486,1.0,
109,0,14,486,1.0,
110,0,14,486,1.0,
111,0,14,486,1.0,
112,0,13,487,1.0,
113,0,12,488,1.0,
114,0,12,488,1.0,
115,0,11,489,1.0,
116,0,10,490,1.0,
117,0,10,490,1.0,
118,0,10,490,1.0,
119,0,9,491,1.0,
120,0,8,492,1.0,
121,0,8,492,1.0,
122,0,7,493,1.0,
123,0,7,493,1.0,
124,0,6,494,1.0,
125,0,6,494,1.0,
126,0,5,495,1.0,
127,0,3,497,1.0,
128,0,3,497,1.0,
129,0,3,497,1.0,
130,0,3,497,1.0,
131,0,3,497,1.0,
132,0,3,497,1.0,
133,0,3,497,1.0,
134,0,3,497,1.0,
135,0,3,497,1.0,
136,0,3,497,1.0,
137,0,3,497,1.0,
138,0,3,497,1.0,
139,0,3,497,1.0,
140,0,3,497,1.0,
141,0,3,497,1.0,
142,0,3,497,1.0,
143,0,3,497,1.0,
144,0,3,497,1.0,
145,0,3,497,1.0,
146,0,3,497,1.0,
147,0,3,497,1.0,
148,0,3,497,1.0,
149,0,3,497,1.0,
150,0,3,497,1.0,
151,0,3,497,1.0,
152,0,3,497,1.0,
153,0,3,497,1.0,
154,0,3,497,1.0,
155,0,3,497,1.0,
156,0,3,497,1.0,
157,0,3,497,1.0,
158,0,3,497,1.0,
159,0,3,497,1.0,
160,0,3,497,1.0,
161,0,3,497,1.0,
162,0,3,497,1.0,
163,0,3,497,1.0,
164,0,3,497,1.0,
165,0,2,498,1.0,
166,0,2,498,1.0,
167,0,2,498,1.0,
168,0,2,498,1.0,
169,0,2,498,1.0,
170,0,2,498,1.0,
171,0,2,498,1.0,
172,0,2,498,1.0,
173,0,2,498,1.0,
174,0,2,498,1.0,
175,0,1,499,1.0,
176,0,1,499,1.0,
177,0,1,499,1.0,
178,0,1,499,1.0,
179,0,1,499,1.0,
180,0,1,499,1.0,
181,0,1,499,1.0,
182,0,1,499,1.0,
183,0,1,499,1.0,
184,0,1,499,1.0,
185,0,1,499,1.0,
186,0,1,499,1.0,
187,0,1,499,1.0,
188,0,1,499,1.0,
189,0,1,499,1.0,
190,0,1,499,1.0,
191,0,1,499,1.0,
192,0,0,500,1.0,
193,0,0,500,1.0,
194,0,0,500,1.0,
195,0,0,500,1.0,
196,0,0,500,1.0,
197,0,0,500,1.0,
198,0,0,500,1.0,
199,0,0,500,1.0,
200,0,0,500,1.0,
1,499,1,0,1.0,1.0
2,497,3,0,0.9938823529411764,0.9969227127470707
3,497,3,0,0.9938823529411764,0.9969227127470707
4,496,4,0,0.9927058823529412,0.9963235294117647
5,489,10,1,0.9802352941176471,0.9898953446409239
6,486,13,1,0.9749411764705882,0.9871096586782862
7,484,13,3,0.9763529411764705,0.9877856101118134
8,479,18,3,0.9684705882352941,0.9835422876685311
9,475,20,5,0.9675294117647059,0.9829064640210151
10,465,28,7,0.9594117647058824,0.9781743156695718
11,453,38,9,0.9543529411764706,0.9748060492509265
12,445,45,10,0.951764705882353,0.9728990595216637
13,436,53,11,0.9404705882352942,0.9658654621147877
14,427,60,13,0.9369411764705883,0.9630772726378183
15,413,73,14,0.9236470588235294,0.9537717706497084
16,397,81,22,0.9274117647058824,0.9542836232271704
17,378,96,26,0.9336470588235294,0.9561039904177159
18,371,100,29,0.932235294117647,0.9543196352297353
19,363,106,31,0.9337647058823529,0.9543809509779371
20,347,113,40,0.9271764705882353,0.9475356084272849
21,336,122,42,0.928,0.9464356197024263
22,330,127,43,0.9256470588235294,0.9436841292991026
23,313,136,51,0.926,0.9409232877002093
24,300,144,56,0.9314117647058824,0.9428699601052544
25,283,153,64,0.9372941176470588,0.9446195182216799
26,268,164,68,0.9430588235294117,0.9469032796293552
27,250,179,71,0.9438823529411765,0.9438700280112045
28,237,182,81,0.9414117647058824,0.9381844183780148
29,223,189,88,0.9274117647058824,0.9185998737040679
30,215,185,100,0.9258823529411765,0.9137882637198641
31,195,201,104,0.9141176470588235,0.8898437510202216
32,175,209,116,0.9071764705882353,0.8673280221179382
33,158,220,122,0.8989411764705882,0.8399638336347199
34,137,224,139,0.8956470588235295,0.8093602404465435
35,111,232,157,0.8945882352941177,0.7625861155272923
36,91,241,168,0.9010588235294118,0.7281835811247579
37,74,244,182,0.9144705882352941,0.7110492845786964
38,58,245,197,0.9301176470588235,0.6987829614604463
39,45,249,206,0.9427058823529412,0.6816993464052288
40,31,250,219,0.957764705882353,0.659392789373814
41,24,243,233,0.9648235294117647,0.6335784313725491
42,19,241,240,0.9710588235294118,0.6191950464396284
43,17,232,251,0.9741176470588235,0.6193771626297577
44,11,231,258,0.9832941176470589,0.6203208556149732
45,6,229,265,0.9914117647058823,0.6421568627450981
46,3,220,277,0.9955294117647059,0.6274509803921569
47,2,209,289,0.9971764705882353,0.6470588235294118
48,1,205,294,0.9987058823529412,0.6764705882352942
49,0,200,300,1.0,
50,0,196,304,1.0,
51,0,193,307,1.0,
52,0,186,314,1.0,
53,0,178,322,1.0,
54,0,169,331,1.0,
55,0,162,338,1.0,
56,0,158,342,1.0,
57,0,153,347,1.0,
58,0,145,355,1.0,
59,0,135,365,1.0,
60,0,130,370,1.0,
61,0,127,373,1.0,
62,0,123,377,1.0,
63,0,119,381,1.0,
64,0,110,390,1.0,
65,0,105,395,1.0,
66,0,102,398,1.0,
67,0,99,401,1.0,
68,0,93,407,1.0,
69,0,90,410,1.0,
70,0,88,412,1.0,
71,0,84,416,1.0,
72,0,82,418,1.0,
73,0,78,422,1.0,
74,0,77,423,1.0,
75,0,75,425,1.0,
76,0,73,427,1.0,
77,0,68,432,1.0,
78,0,66,434,1.0,
79,0,65,435,1.0,
80,0,59,441,1.0,
81,0,56,444,1.0,
82,0,54,446,1.0,
83,0,48,452,1.0,
84,0,45,455,1.0,
85,0,43,457,1.0,
86,0,41,459,1.0,
87,0,40,460,1.0,
88,0,39,461,1.0,
89,0,34,466,1.0,
90,0,33,467,1.0,
91,0,33,467,1.0,
92,0,33,467,1.0,
93,0,32,468,1.0,
94,0,31,469,1.0,
95,0,30,470,1.0,
96,0,28,472,1.0,
97,0,26,474,1.0,
98,0,23,477,1.0,
99,0,20,480,1.0,
100,0,18,482,1.0,
101,0,17,483,1.0,
102,0,16,484,1.0,
103,0,14,486,1.0,
104,0,13,487,1.0,
105,0,13,487,1.0,
106,0,13,487,1.0,
107,0,13,487,1.0,
108,0,13,487,1.0,
109,0,12,488,1.0,
110,0,12,488,1.0,
111,0,12,488,1.0,
112,0,12,488,1.0,
113,0,12,488,1.0,
114,0,12,488,1.0,
115,0,12,488,1.0,
116,0,12,488,1.0,
117,0,11,489,1.0,
118,0,11,489,1.0,
119,0,7,493,1.0,
120,0,7,493,1.0,
121,0,7,493,1.0,
122,0,6,494,1.0,
123,0,4,496,1.0,
124,0,4,496,1.0,
125,0,3,497,1.0,
126,0,3,497,1.0,
127,0,3,497,1.0,
128,0,3,497,1.0,
129,0,3,497,1.0,
130,0,3,497,1.0,
131,0,3,497,1.0,
132,0,3,497,1.0,
133,0,3,497,1.0,
134,0,3,497,1.0,
135,0,3,497,1.0,
136,0,3,497,1.0,
137,0,2,498,1.0,
138,0,2,498,1.0,
139,0,2,498,1.0,
140,0,2,498,1.0,
141,0,1,499,1.0,
142,0,1,499,1.0,
143,0,1,499,1.0,
144,0,1,499,1.0,
145,0,1,499,1.0,
146,0,1,499,1.0,
147,0,1,499,1.0,
148,0,1,499,1.0,
149,0,1,499,1.0,
150,0,1,499,1.0,
151,0,1,499,1.0,
152,0,1,499,1.0,
153,0,1,499,1.0,
154,0,1,499,1.0,
155,0,1,499,1.0,
156,0,1,499,1.0,
157,0,1,499,1.0,
158,0,1,499,1.0,
159,0,1,499,1.0,
160,0,1,499,1.0,
161,0,1,499,1.0,
162,0,1,499,1.0,
163,0,1,499,1.0,
164,0,1,499,1.0,
165,0,1,499,1.0,
166,0,1,499,1.0,
167,0,1,499,1.0,
168,0,1,499,1.0,
169,0,1,499,1.0,
170,0,1,499,1.0,
171,0,1,499,1.0,
172,0,1,499,1.0,
173,0,1,499,1.0,
174,0,1,499,1.0,
175,0,1,499,1.0,
176,0,1,499,1.0,
177,0,1,499,1.0,
178,0,1,499,1.0,
179,0,1,499,1.0,
180,0,1,499,1.0,
181,0,1,499,1.0,
182,0,1,499,1.0,
183,0,1,499,1.0,
184,0,1,499,1.0,
185,0,1,499,1.0,
186,0,1,499,1.0,
187,0,1,499,1.0,
188,0,1,499,1.0,
189,0,1,499,1.0,
190,0,1,499,1.0,
191,0,1,499,1.0,
192,0,1,499,1.0,
193,0,1,499,1.0,
194,0,1,499,1.0,
195,0,1,499,1.0,
196,0,1,499,1.0,
197,0,1,499,1.0,
198,0,1,499,1.0,
199,0,1,499,1.0,
200,0,1,499,1.0,
1,498,2,0,0.9969411764705882,1.0
2,495,4,1,0.9929411764705882,0.9979673703795316
3,492,7,1,0.9862352941176471,0.9945363190851154
4,489,10,1,0.98,0.9913024049150259
5,486,12,2,0.9770588235294118,0.9897239451007344
6,480,17,3,0.9689411764705882,0.9853418270774533
7,475,20,5,0.9647058823529412,0.9829423552967357
8,469,26,5,0.958,0.9791333700572721
9,457,34,9,0.9474117647058824,0.9727254912670679
10,452,39,9,0.9485882352941176,0.973058473244562
11,441,50,9,0.9470588235294117,0.9714777306840986
12,435,53,12,0.9550588235294117,0.9756678794702429
13,424,60,16,0.9527058823529412,0.9736030313108563
14,420,58,22,0.9536470588235294,0.9738959451369246
15,408,68,24,0.947764705882353,0.9694686441734129
16,400,73,27,0.943764705882353,0.96632341395739
17,389,82,29,0.9350588235294117,0.959726018808859
18,373,96,31,0.9329411764705883,0.956512944573087
19,360,103,37,0.9329411764705883,0.9548893807009269
20,340,119,41,0.9294117647058824,0.9495482277098273
21,322,134,44,0.930235294117647,0.9472783811480132
22,299,147,54,0.9227058823529412,0.9367814816510672
23,289,150,61,0.9311764705882353,0.9418795421434888
24,278,154,68,0.9349411764705883,0.9429353799259508
25,260,163,77,0.9287058823529412,0.9328934002233422
26,241,176,83,0.9263529411764706,0.9250472929059873
27,224,186,90,0.9175294117647059,0.9093941683875941
28,200,203,97,0.8978823529411765,0.873768762646321
29,180,219,101,0.8948235294117647,0.8552839937117708
30,159,232,109,0.8934117647058823,0.8337591857476502
31,140,238,122,0.890235294117647,0.8053836415565979
32,120,249,131,0.9001176470588236,0.7933322015340232
33,94,264,142,0.898,0.7299751659019799
34,78,263,159,0.9038823529411765,0.6931291351497197
35,64,261,175,0.9201176470588235,0.6890367104355483
36,48,265,187,0.936,0.6677163849203361
37,40,259,201,0.9431764705882353,0.6460971590813067
38,28,256,216,0.957764705882353,0.6238571259569722
39,21,252,227,0.9687058823529412,0.6284159470010645
40,10,247,243,0.9862352941176471,0.6568910445995505
41,6,239,255,0.9916470588235294,0.6529634449307937
42,2,236,262,0.9971764705882353,0.648053945344848
43,0,226,274,1.0,
44,0,208,292,1.0,
45,0,199,301,1.0,
46,0,194,306,1.0,
47,0,188,312,1.0,
48,0,180,320,1.0,
49,0,172,328,1.0,
50,0,166,334,1.0,
51,0,162,338,1.0,
52,0,159,341,1.0,
53,0,150,350,1.0,
54,0,138,362,1.0,
55,0,129,371,1.0,
56,0,126,374,1.0,
57,0,116,384,1.0,
58,0,110,390,1.0,
59,0,106,394,1.0,
60,0,101,399,1.0,
61,0,99,401,1.0,
62,0,96,404,1.0,
63,0,89,411,1.0,
64,0,82,418,1.0,
65,0,78,422,1.0,
66,0,74,426,1.0,
67,0,69,431,1.0,
68,0,66,434,1.0,
69,0,64,436,1.0,
70,0,60,440,1.0,
71,0,59,441,1.0,
72,0,58,442,1.0,
73,0,52,448,1.0,
74,0,48,452,1.0,
75,0,44,456,1.0,
76,0,43,457,1.0,
77,0,41,459,1.0,
78,0,39,461,1.0,
79,0,39,461,1.0,
80,0,37,463,1.0,
81,0,35,465,1.0,
82,0,35,465,1.0,
83,0,35,465,1.0,
84,0,34,466,1.0,
85,0,33,467,1.0,
86,0,32,468,1.0,
87,0,30,470,1.0,
88,0,29,471,1.0,
89,0,27,473,1.0,
90,0,27,473,1.0,
91,0,27,473,1.0,
92,0,27,473,1.0,
93,0,25,475,1.0,
94,0,25,475,1.0,
95,0,25,475,1.0,
96,0,25,475,1.0,
97,0,25,475,1.0,
98,0,25,475,1.0,
99,0,24,476,1.0,
100,0,24,476,1.0,
101,0,24,476,1.0,
102,0,24,476,1.0,
103,0,22,478,1.0,
104,0,22,478,1.0,
105,0,22,478,1.0,
106,0,19,481,1.0,
107,0,18,482,1.0,
108,0,17,483,1.0,
109,0,16,484,1.0,
110,0,15,485,1.0,
111,0,15,485,1.0,
112,0,14,486,1.0,
113,0,14,486,1.0,
114,0,14,486,1.0,
115,0,13,487,1.0,
116,0,12,488,1.0,
117,0,11,489,1.0,
118,0,11,489,1.0,
119,0,11,489,1.0,
120,0,11,489,1.0,
121,0,11,489,1.0,
122,0,11,489,1.0,
123,0,11,489,1.0,
124,0,11,489,1.0,
125,0,10,490,1.0,
126,0,10,490,1.0,
127,0,9,491,1.0,
128,0,9,491,1.0,
129,0,9,491,1.0,
130,0,9,491,1.0,
131,0,9,491,1.0,
132,0,9,491,1.0,
133,0,8,492,1.0,
134,0,5,495,1.0,
135,0,3,497,1.0,
136,0,3,497,1.0,
137,0,3,497,1.0,
138,0,2,498,1.0,
139,0,1,499,1.0,
140,0,1,499,1.0,
141,0,1,499,1.0,
142,0,1,499,1.0,
143,0,1,499,1.0,
144,0,1,499,1.0,
145,0,1,499,1.0,
146,0,1,499,1.0,
147,0,1,499,1.0,
148,0,1,499,1.0,
149,0,1,499,1.0,
150,0,1,499,1.0,
151,0,1,499,1.0,
152,0,1,499,1.0,
153,0,1,499,1.0,
154,0,1,499,1.0,
155,0,1,499,1.0,
156,0,1,499,1.0,
157,0,1,499,1.0,
158,0,1,499,1.0,
159,0,1,499,1.0,
160,0,1,499,1.0,
161,0,1,499,1.0,
162,0,1,499,1.0,
163,0,1,499,1.0,
164,0,1,499,1.0,
165,0,1,499,1.0,
166,0,1,499,1.0,
167,0,0,500,1.0,
168,0,0,500,1.0,
169,0,0,500,1.0,
170,0,0,500,1.0,
171,0,0,500,1.0,
172,0,0,500,1.0,
173,0,0,500,1.0,
174,0,0,500,1.0,
175,0,0,500,1.0,
176,0,0,500,1.0,
177,0,0,500,1.0,
178,0,0,500,1.0,
179,0,0,500,1.0,
180,0,0,500,1.0,
181,0,0,500,1.0,
182,0,0,500,1.0,
183,0,0,500,1.0,
184,0,0,500,1.0,
185,0,0,500,1.0,
186,0,0,500,1.0,
187,0,0,500,1.0,
188,0,0,500,1.0,
189,0,0,500,1.0,
190,0,0,500,1.0,
191,0,0,500,1.0,
192,0,0,500,1.0,
193,0,0,500,1.0,
194,0,0,500,1.0,
195,0,0,500,1.0,
196,0,0,500,1.0,
197,0,0,500,1.0,
198,0,0,500,1.0,
199,0,0,500,1.0,
200,0,0,500,1.0,
1,498,2,0,0.9971764705882353,1.0
2,497,3,0,0.9943529411764706,0.9985748415260906
3,495,5,0,0.989764705882353,0.9962427683506463
4,494,6,0,0.9875294117647059,0.9950994618171787
5,489,11,0,0.9785882352941176,0.9904571981753292
6,484,16,0,0.9703529411764706,0.98608414619125
7,478,21,1,0.9629411764705882,0.9820097044997639
8,475,23,2,0.9618823529411765,0.9813290500915169
9,467,31,2,0.9541176470588235,0.9768222941232789
10,463,34,3,0.9510588235294117,0.9749576323055668
11,452,44,4,0.9436470588235294,0.9702177127532147
12,439,55,6,0.9514117647058824,0.9737218342314768
13,429,62,9,0.9485882352941176,0.9714382612892194
14,417,71,12,0.9405882352941176,0.9657804723196269
15,404,81,15,0.94,0.9642730634718141
16,390,89,21,0.9447058823529412,0.9659386375000285
17,377,97,26,0.9476470588235294,0.9666320561795465
18,369,99,32,0.9462352941176471,0.9649079262799425
19,352,113,35,0.9448235294117647,0.9621430243788944
20,343,116,41,0.943764705882353,0.9603394663081763
21,328,127,45,0.9407058823529412,0.9561071865638326
22,313,138,49,0.9414117647058824,0.9544999507091672
23,299,146,55,0.9403529411764706,0.9514105205437325
24,286,150,64,0.952,0.959370283242791
25,267,166,67,0.9536470588235294,0.9579751205750997
26,252,172,76,0.9408235294117647,0.9426624907943979
27,237,179,84,0.9269411764705883,0.9242527161169526
28,220,190,90,0.922,0.9126501975130921
29,205,201,94,0.9124705882352941,0.8944951392090863
30,190,208,102,0.9058823529411765,0.8773445259060291
31,170,220,110,0.9125882352941177,0.8726059655425498
32,155,228,117,0.9134117647058824,0.8614584579015999
33,135,240,125,0.9129411764705883,0.8398562779210994
34,120,250,130,0.9150588235294118,0.8241747496254238
35,105,254,141,0.9147058823529411,0.7980115782468009
36,93,253,154,0.9175294117647059,0.7794718764704344
37,81,254,165,0.9172941176470588,0.745872637702935
38,64,259,177,0.924,0.7042103090752397
39,49,260,191,0.936,0.67448467003514
40,36,261,203,0.947764705882353,0.6384633366003132
41,21,265,214,0.9688235294117648,0.6301849625584796
42,8,257,235,0.9887058823529412,0.6479772888573456
43,4,250,246,0.9941176470588236,0.6332505322924059
44,2,243,255,0.9970588235294118,0.6332505322924059
45,2,237,261,0.9969411764705882,0.6185237757274663
46,1,230,269,0.9984705882352941,0.6185237757274663
47,0,224,276,1.0,
48,0,212,288,1.0,
49,0,202,298,1.0,
50,0,192,308,1.0,
51,0,182,318,1.0,
52,0,172,328,1.0,
53,0,165,335,1.0,
54,0,161,339,1.0,
55,0,157,343,1.0,
56,0,148,352,1.0,
57,0,141,359,1.0,
58,0,139,361,1.0,
59,0,131,369,1.0,
60,0,126,374,1.0,
61,0,124,376,1.0,
62,0,118,382,1.0,
63,0,111,389,1.0,
64,0,106,394,1.0,
65,0,100,400,1.0,
66,0,93,407,1.0,
67,0,88,412,1.0,
68,0,84,416,1.0,
69,0,77,423,1.0,
70,0,74,426,1.0,
71,0,72,428,1.0,
72,0,68,432,1.0,
73,0,63,437,1.0,
74,0,61,439,1.0,
75,0,57,443,1.0,
76,0,55,445,1.0,
77,0,53,447,1.0,
78,0,50,450,1.0,
79,0,48,452,1.0,
80,0,47,453,1.0,
81,0,46,454,1.0,
82,0,45,455,1.0,
83,0,43,457,1.0,
84,0,42,458,1.0,
85,0,42,458,1.0,
86,0,38,462,1.0,
87,0,36,464,1.0,
88,0,35,465,1.0,
89,0,34,466,1.0,
90,0,33,467,1.0,
91,0,30,470,1.0,
92,0,30,470,1.0,
93,0,30,470,1.0,
94,0,30,470,1.0,
95,0,29,471,1.0,
96,0,28,472,1.0,
97,0,27,473,1.0,
98,0,27,473,1.0,
99,0,26,474,1.0,
100,0,25,475,1.0,
101,0,25,475,1.0,
102,0,23,477,1.0,
103,0,22,478,1.0,
104,0,21,479,1.0,
105,0,20,480,1.0,
106,0,20,480,1.0,
107,0,19,481,1.0,
108,0,19,481,1.0,
109,0,17,483,1.0,
110,0,17,483,1.0,
111,0,17,483,1.0,
112,0,15,485,1.0,
113,0,14,486,1.0,
114,0,14,486,1.0,
115,0,13,487,1.0,
116,0,13,487,1.0,
117,0,13,487,1.0,
118,0,11,489,1.0,
119,0,10,490,1.0,
120,0,9,491,1.0,
121,0,9,491,1.0,
122,0,9,491,1.0,
123,0,9,491,1.0,
124,0,9,491,1.0,
125,0,8,492,1.0,
126,0,7,493,1.0,
127,0,7,493,1.0,
128,0,6,494,1.0,
129,0,6,494,1.0,
130,0,6,494,1.0,
131,0,6,494,1.0,
132,0,6,494,1.0,
133,0,5,495,1.0,
134,0,5,495,1.0,
135,0,5,495,1.0,
136,0,5,495,1.0,
137,0,5,495,1.0,
138,0,5,495,1.0,
139,0,5,495,1.0,
140,0,5,495,1.0,
141,0,5,495,1.0,
142,0,5,495,1.0,
143,0,5,495,1.0,
144,0,5,495,1.0,
145,0,5,495,1.0,
146,0,5,495,1.0,
147,0,5,495,1.0,
148,0,4,496,1.0,
149,0,4,496,1.0,
150,0,3,497,1.0,
151,0,3,497,1.0,
152,0,3,497,1.0,
153,0,3,497,1.0,
154,0,3,497,1.0,
155,0,3,497,1.0,
156,0,3,497,1.0,
157,0,3,497,1.0,
158,0,3,497,1.0,
159,0,3,497,1.0,
160,0,3,497,1.0,
161,0,3,497,1.0,
162,0,3,497,1.0,
163,0,3,497,1.0,
164,0,3,497,1.0,
165,0,3,497,1.0,
166,0,3,497,1.0,
167,0,3,497,1.0,
168,0,3,497,1.0,
169,0,3,497,1.0,
170,0,3,497,1.0,
171,0,3,497,1.0,
172,0,2,498,1.0,
173,0,2,498,1.0,
174,0,2,498,1.0,
175,0,2,498,1.0,
176,0,2,498,1.0,
177,0,2,498,1.0,
178,0,2,498,1.0,
179,0,2,498,1.0,
180,0,2,498,1.0,
181,0,2,498,1.0,
182,0,2,498,1.0,
183,0,2,498,1.0,
184,0,2,498,1.0,
185,0,2,498,1.0,
186,0,2,498,1.0,
187,0,2,498,1.0,
188,0,2,498,1.0,
189,0,2,498,1.0,
190,0,2,498,1.0,
191,0,2,498,1.0,
192,0,2,498,1.0,
193,0,2,498,1.0,
194,0,2,498,1.0,
195,0,2,498,1.0,
196,0,2,498,1.0,
197,0,2,498,1.0,
198,0,2,498,1.0,
199,0,2,498,1.0,
200,0,2,498,1.0,
1,498,2,0,0.9970588235294118,1.0
2,494,5,1,0.9909411764705882,0.9968873693254225
3,490,9,1,0.9822352941176471,0.9924015433001846
4,485,14,1,0.9701176470588235,0.9860520962874576
5,479,20,1,0.9592941176470589,0.9801995128873676
6,472,27,1,0.9522352941176471,0.9761411849318257
7,460,38,2,0.9464705882352941,0.9723240619045956
8,449,41,10,0.9494117647058824,0.9732518394992269
9,437,50,13,0.9449411764705883,0.9699211796294896
10,423,63,14,0.9484705882352941,0.9709656248695618
11,417,66,17,0.9444705882352942,0.9681269770703612
12,406,73,21,0.9441176470588235,0.967011800036498
13,398,78,24,0.9476470588235294,0.9685413565336383
14,388,79,33,0.9502352941176471,0.9693967101046168
15,381,84,35,0.9490588235294117,0.9680385895946165
16,368,92,40,0.9547058823529412,0.9706785480334907
17,358,102,40,0.9463529411764706,0.9639785869004776
18,348,107,45,0.9378823529411765,0.9567700891393578
19,338,109,53,0.937764705882353,0.955362841850377
20,332,111,57,0.936235294117647,0.9533733642304836
21,324,115,61,0.9347058823529412,0.9509982196294678
22,310,126,64,0.9308235294117647,0.9455771340335328
23,296,134,70,0.9310588235294117,0.9431623141287695
24,283,137,80,0.9294117647058824,0.9390261350582627
25,271,140,89,0.9376470588235294,0.943868885360774
26,257,150,93,0.9357647058823529,0.9388898665884748
27,250,148,102,0.9316470588235294,0.9330132328204673
28,233,164,103,0.9288235294117647,0.9249942724188933
29,220,166,114,0.928,0.919544707606671
30,208,171,121,0.9243529411764706,0.9104229938197205
31,197,173,130,0.9289411764705883,0.9111872513973208
32,175,187,138,0.9127058823529411,0.87656429428202
33,158,196,146,0.8984705882352941,0.8405496724131647
34,143,206,151,0.8967058823529411,0.8205792843853787
35,125,212,163,0.8983529411764706,0.7977197997314877
36,107,223,170,0.9043529411764706,0.7775737711697442
37,88,240,172,0.9064705882352941,0.7352454404437232
38,71,253,176,0.9072941176470588,0.6744034690985495
39,53,264,183,0.9223529411764706,0.6346774510585148
40,30,276,194,0.9550588235294117,0.6264151584965737
41,15,279,206,0.9783529411764705,0.6401609456736144
42,8,273,219,0.9891764705882353,0.6627433103216103
43,4,264,232,0.9943529411764706,0.6480156812033522
44,4,260,236,0.9943529411764706,0.6480156812033522
45,2,248,250,0.9971764705882353,0.6480156812033522
46,1,244,255,0.9985882352941177,0.6480156812033522
47,1,235,264,0.9984705882352941,0.6185604229668362
48,1,226,273,0.9984705882352941,0.6185604229668362
49,1,217,282,0.9984705882352941,0.6185604229668362
50,1,214,285,0.9984705882352941,0.6185604229668362
51,1,204,295,0.9984705882352941,0.6185604229668362
52,0,199,301,1.0,
53,0,192,308,1.0,
54,0,186,314,1.0,
55,0,178,322,1.0,
56,0,174,326,1.0,
57,0,171,329,1.0,
58,0,165,335,1.0,
59,0,163,337,1.0,
60,0,155,345,1.0,
61,0,149,351,1.0,
62,0,144,356,1.0,
63,0,140,360,1.0,
64,0,135,365,1.0,
65,0,131,369,1.0,
66,0,127,373,1.0,
67,0,122,378,1.0,
68,0,119,381,1.0,
69,0,116,384,1.0,
70,0,116,384,1.0,
71,0,111,389,1.0,
72,0,110,390,1.0,
73,0,107,393,1.0,
74,0,106,394,1.0,
75,0,100,400,1.0,
76,0,95,405,1.0,
77,0,88,412,1.0,
78,0,85,415,1.0,
79,0,80,420,1.0,
80,0,73,427,1.0,
81,0,70,430,1.0,
82,0,65,435,1.0,
83,0,60,440,1.0,
84,0,60,440,1.0,
85,0,57,443,1.0,
86,0,56,444,1.0,
87,0,53,447,1.0,
88,0,50,450,1.0,
89,0,48,452,1.0,
90,0,46,454,1.0,
91,0,44,456,1.0,
92,0,43,457,1.0,
93,0,43,457,1.0,
94,0,42,458,1.0,
95,0,42,458,1.0,
96,0,40,460,1.0,
97,0,38,462,1.0,
98,0,37,463,1.0,
99,0,37,463,1.0,
100,0,37,463,1.0,
101,0,34,466,1.0,
102,0,34,466,1.0,
103,0,33,467,1.0,
104,0,33,467,1.0,
105,0,33,467,1.0,
106,0,31,469,1.0,
107,0,31,469,1.0,
108,0,30,470,1.0,
109,0,30,470,1.0,
110,0,29,471,1.0,
111,0,29,471,1.0,
112,0,29,471,1.0,
113,0,26,474,1.0,
114,0,26,474,1.0,
115,0,23,477,1.0,
116,0,22,478,1.0,
117,0,22,478,1.0,
118,0,20,480,1.0,
119,0,18,482,1.0,
120,0,18,482,1.0,
121,0,18,482,1.0,
122,0,16,484,1.0,
123,0,16,484,1.0,
124,0,15,485,1.0,
125,0,13,487,1.0,
126,0,11,489,1.0,
127,0,10,490,1.0,
128,0,10,490,1.0,
129,0,10,490,1.0,
130,0,10,490,1.0,
131,0,10,490,1.0,
132,0,8,492,1.0,
133,0,8,492,1.0,
134,0,7,493,1.0,
135,0,7,493,1.0,
136,0,7,493,1.0,
137,0,5,495,1.0,
138,0,4,496,1.0,
139,0,4,496,1.0,
140,0,3,497,1.0,
141,0,3,497,1.0,
142,0,3,497,1.0,
143,0,3,497,1.0,
144,0,3,497,1.0,
145,0,3,497,1.0,
146,0,3,497,1.0,
147,0,3,497,1.0,
148,0,3,497,1.0,
149,0,3,497,1.0,
150,0,3,497,1.0,
151,0,3,497,1.0,
152,0,3,497,1.0,
153,0,3,497,1.0,
154,0,3,497,1.0,
155,0,2,498,1.0,
156,0,2,498,1.0,
157,0,2,498,1.0,
158,0,2,498,1.0,
159,0,1,499,1.0,
160,0,1,499,1.0,
161,0,1,499,1.0,
162,0,1,499,1.0,
163,0,1,499,1.0,
164,0,1,499,1.0,
165,0,1,499,1.0,
166,0,1,499,1.0,
167,0,1,499,1.0,
168,0,1,499,1.0,
169,0,1,499,1.0,
170,0,1,499,1.0,
171,0,1,499,1.0,
172,0,1,499,1.0,
173,0,1,499,1.0,
174,0,1,499,1.0,
175,0,1,499,1.0,
176,0,1,499,1.0,
177,0,1,499,1.0,
178,0,1,499,1.0,
179,0,1,499,1.0,
180,0,1,499,1.0,
181,0,0,500,1.0,
182,0,0,500,1.0,
183,0,0,500,1.0,
184,0,0,500,1.0,
185,0,0,500,1.0,
186,0,0,500,1.0,
187,0,0,500,1.0,
188,0,0,500,1.0,
189,0,0,500,1.0,
190,0,0,500,1.0,
191,0,0,500,1.0,
192,0,0,500,1.0,
193,0,0,500,1.0,
194,0,0,500,1.0,
195,0,0,500,1.0,
196,0,0,500,1.0,
197,0,0,500,1.0,
198,0,0,500,1.0,
199,0,0,500,1.0,
200,0,0,500,1.0,
1,496,4,0,0.9927058823529412,1.0
2,493,7,0,0.9852941176470589,0.996206676450123
3,490,10,0,0.9808235294117648,0.9938713205608822
4,488,10,2,0.9812941176470589,0.9940730487549668
5,487,11,2,0.9798823529411764,0.99332579633632
6,485,13,2,0.9763529411764705,0.9914552138866295
7,479,19,2,0.9684705882352941,0.9871912743154528
8,474,21,5,0.9678823529411764,0.9867076183733032
9,470,25,5,0.9665882352941176,0.9858757738170703
10,464,31,5,0.9676470588235294,0.9862180063425314
11,458,35,7,0.9714117647058823,0.9880277258474373
12,448,45,7,0.9701176470588235,0.9869532872459088
13,443,47,10,0.9728235294117648,0.988297039270621
14,438,48,14,0.9744705882352941,0.9890648890319961
15,434,47,19,0.9758823529411764,0.9897463226643959
16,430,50,20,0.9727058823529412,0.9877609310973936
17,427,48,25,0.9695294117647059,0.9857802973095786
18,424,48,28,0.9672941176470589,0.9843328420989881
19,417,53,30,0.9663529411764706,0.9834372705612573
20,410,57,33,0.9618823529411765,0.9803576420079072
21,402,62,36,0.9636470588235294,0.980994815403782
22,392,69,39,0.9521176470588235,0.9730332322422013
23,387,72,41,0.956,0.9751588727501327
24,378,79,43,0.9501176470588235,0.9705675177638778
25,370,82,48,0.9454117647058824,0.9666574109216621
26,353,94,53,0.9409411764705883,0.9616715197989021
27,342,99,59,0.9482352941176471,0.9656612113126696
28,332,104,64,0.9424705882352942,0.9601534577074544
29,319,112,69,0.9344705882352942,0.9521173492244865
30,309,115,76,0.9423529411764706,0.9568491655374999
31,298,119,83,0.9394117647058824,0.9526465989661287
32,284,126,90,0.9310588235294117,0.9427313885917754
33,263,143,94,0.9224705882352942,0.9296665078886226
34,251,149,100,0.9147058823529411,0.9183648068906775
35,230,161,109,0.9001176470588236,0.8946841559824849
36,210,175,115,0.9027058823529411,0.8873987563384712
37,187,191,122,0.9015294117647059,0.871534394252313
38,171,202,127,0.9023529411764706,0.8604700370129825
39,153,212,135,0.9030588235294118,0.844733490305017
40,132,226,142,0.910235294117647,0.8331802012909586
41,111,231,158,0.9156470588235294,0.8130554810101143
42,89,244,167,0.9255294117647059,0.7938733993146119
43,68,249,183,0.9305882352941176,0.7476326388291457
44,61,243,196,0.9354117647058824,0.7381043200638991
45,49,244,207,0.9484705882352941,0.739935388601446
46,43,242,215,0.9508235294117647,0.7168823730633959
47,25,250,225,0.964,0.6427666058651245
48,15,254,231,0.9776470588235294,0.6304974063585309
49,8,253,239,0.9902352941176471,0.698471414394888
50,2,257,241,0.9972941176470588,0.6642067789717426
51,1,249,250,0.9987058823529412,0.678966929615559
52,1,244,255,0.9984705882352941,0.619926327040293
53,1,237,262,0.9984705882352941,0.619926327040293
54,1,225,274,0.9984705882352941,0.619926327040293
55,1,221,278,0.9984705882352941,0.619926327040293
56,1,212,287,0.9984705882352941,0.619926327040293
57,1,204,295,0.9984705882352941,0.619926327040293
58,0,199,301,1.0,
59,0,195,305,1.0,
60,0,183,317,1.0,
61,0,179,321,1.0,
62,0,174,326,1.0,
63,0,165,335,1.0,
64,0,154,346,1.0,
65,0,145,355,1.0,
66,0,136,364,1.0,
67,0,129,371,1.0,
68,0,126,374,1.0,
69,0,120,380,1.0,
70,0,119,381,1.0,
71,0,114,386,1.0,
72,0,110,390,1.0,
73,0,106,394,1.0,
74,0,102,398,1.0,
75,0,97,403,1.0,
76,0,96,404,1.0,
77,0,93,407,1.0,
78,0,89,411,1.0,
79,0,86,414,1.0,
80,0,79,421,1.0,
81,0,77,423,1.0,
82,0,74,426,1.0,
83,0,72,428,1.0,
84,0,69,431,1.0,
85,0,67,433,1.0,
86,0,67,433,1.0,
87,0,65,435,1.0,
88,0,62,438,1.0,
89,0,61,439,1.0,
90,0,58,442,1.0,
91,0,56,444,1.0,
92,0,55,445,1.0,
93,0,51,449,1.0,
94,0,51,449,1.0,
95,0,46,454,1.0,
96,0,46,454,1.0,
97,0,46,454,1.0,
98,0,46,454,1.0,
99,0,45,455,1.0,
100,0,44,456,1.0,
101,0,42,458,1.0,
102,0,42,458,1.0,
103,0,40,460,1.0,
104,0,37,463,1.0,
105,0,36,464,1.0,
106,0,34,466,1.0,
107,0,31,469,1.0,
108,0,29,471,1.0,
109,0,28,472,1.0,
110,0,27,473,1.0,
111,0,24,476,1.0,
112,0,24,476,1.0,
113,0,23,477,1.0,
114,0,22,478,1.0,
115,0,21,479,1.0,
116,0,19,481,1.0,
117,0,18,482,1.0,
118,0,18,482,1.0,
119,0,18,482,1.0,
120,0,18,482,1.0,
121,0,15,485,1.0,
122,0,14,486,1.0,
123,0,14,486,1.0,
124,0,13,487,1.0,
125,0,12,488,1.0,
126,0,11,489,1.0,
127,0,10,490,1.0,
128,0,10,490,1.0,
129,0,9,491,1.0,
130,0,9,491,1.0,
131,0,9,491,1.0,
132,0,9,491,1.0,
133,0,9,491,1.0,
134,0,8,492,1.0,
135,0,8,492,1.0,
136,0,8,492,1.0,
137,0,8,492,1.0,
138,0,8,492,1.0,
139,0,8,492,1.0,
140,0,8,492,1.0,
141,0,8,492,1.0,
142,0,7,493,1.0,
143,0,7,493,1.0,
144,0,7,493,1.0,
145,0,7,493,1.0,
146,0,7,493,1.0,
147,0,7,493,1.0,
148,0,6,494,1.0,
149,0,6,494,1.0,
150,0,6,494,1.0,
151,0,6,494,1.0,
152,0,5,495,1.0,
153,0,4,496,1.0,
154,0,3,497,1.0,
155,0,3,497,1.0,
156,0,3,497,1.0,
157,0,3,497,1.0,
158,0,3,497,1.0,
159,0,3,497,1.0,
160,0,3,497,1.0,
161,0,3,497,1.0,
162,0,3,497,1.0,
163,0,3,497,1.0,
164,0,3,497,1.0,
165,0,3,497,1.0,
166,0,3,497,1.0,
167,0,3,497,1.0,
168,0,2,498,1.0,
169,0,2,498,1.0,
170,0,2,498,1.0,
171,0,2,498,1.0,
172,0,2,498,1.0,
173,0,2,498,1.0,
174,0,2,498,1.0,
175,0,2,498,1.0,
176,0,2,498,1.0,
177,0,2,498,1.0,
178,0,2,498,1.0,
179,0,2,498,1.0,
180,0,2,498,1.0,
181,0,2,498,1.0,
182,0,2,498,1.0,
183,0,2,498,1.0,
184,0,2,498,1.0,
185,0,1,499,1.0,
186,0,1,499,1.0,
187,0,1,499,1.0,
188,0,1,499,1.0,
189,0,1,499,1.0,
190,0,1,499,1.0,
191,0,1,499,1.0,
192,0,1,499,1.0,
193,0,1,499,1.0,
194,0,1,499,1.0,
195,0,1,499,1.0,
196,0,1,499,1.0,
197,0,1,499,1.0,
198,0,1,499,1.0,
199,0,1,499,1.0,
200,0,0,500,1.0,
1,498,2,0,0.9962352941176471,1.0
2,494,5,1,0.9911764705882353,0.9974212870542964
3,492,7,1,0.9862352941176471,0.994887384761287
4,491,6,3,0.9896470588235294,0.996613659949598
5,486,11,3,0.9801176470588235,0.9916605380368332
6,480,17,3,0.9728235294117648,0.9877299194630927
7,473,24,3,0.9672941176470589,0.98459581286363
8,465,29,6,0.9649411764705882,0.9830326096534099
9,456,37,7,0.9601176470588235,0.9800108669748955
10,450,41,9,0.9570588235294117,0.9779901129287923
11,436,52,12,0.9407058823529412,0.9678318728964981
12,415,71,14,0.9247058823529412,0.9564529989449525
13,404,80,16,0.9175294117647059,0.9507703758823638
14,386,96,18,0.9067058823529411,0.9413360924596147
15,367,111,22,0.906,0.9377190671112992
16,355,115,30,0.9085882352941177,0.9373756522331714
17,336,131,33,0.8994117647058824,0.9269014628347513
18,316,142,42,0.9135294117647059,0.9333424737989118
19,298,154,48,0.9185882352941176,0.9334508214787604
20,283,162,55,0.9248235294117647,0.9353415730601427
21,261,173,66,0.9204705882352942,0.9255741906486729
22,243,184,73,0.9294117647058824,0.9291368514487538
23,228,187,85,0.9423529411764706,0.9385826458727252
24,217,189,94,0.9435294117647058,0.9367114130186848
25,200,201,99,0.9522352941176471,0.9420957009242759
26,184,206,110,0.9488235294117647,0.9322790105877055
27,167,207,126,0.9418823529411765,0.9147818370903266
28,159,208,133,0.9462352941176471,0.9172560629782822
29,146,213,141,0.9507058823529412,0.9173260241196104
30,136,213,151,0.9542352941176471,0.9176079951682461
31,123,218,159,0.9514117647058824,0.9029500131412066
32,116,210,174,0.955764705882353,0.906378383013885
33,104,214,182,0.9541176470588235,0.8913906238777247
34,98,215,187,0.9527058823529412,0.8810168756828244
35,93,216,191,0.9461176470588235,0.856774281334886
36,82,222,196,0.9514117647058824,0.8534782228218492
37,67,227,206,0.9521176470588235,0.8228897778587508
38,54,230,216,0.9521176470588235,0.7797962666184688
39,42,236,222,0.9508235294117647,0.7086222196902808
40,34,229,237,0.9561176470588235,0.6786182386934939
41,24,232,244,0.9656470588235294,0.6433728469861264
42,20,226,254,0.9711764705882353,0.6409172254327441
43,17,216,267,0.9762352941176471,0.6517508499329596
44,11,213,276,0.984,0.6375686505872232
45,7,208,285,0.9894117647058823,0.62302626840096
46,3,200,297,0.9954117647058823,0.6188166314523048
47,3,195,302,0.9954117647058823,0.6188166314523048
48,2,188,310,0.9969411764705882,0.6188166314523048
49,1,176,323,0.9984705882352941,0.6188166314523048
50,1,170,329,0.9984705882352941,0.6188166314523048
51,1,164,335,0.9984705882352941,0.6188166314523048
52,1,161,338,0.9984705882352941,0.6188166314523048
53,0,155,345,1.0,
54,0,147,353,1.0,
55,0,141,359,1.0,
56,0,133,367,1.0,
57,0,127,373,1.0,
58,0,123,377,1.0,
59,0,119,381,1.0,
60,0,111,389,1.0,
61,0,107,393,1.0,
62,0,102,398,1.0,
63,0,97,403,1.0,
64,0,93,407,1.0,
65,0,89,411,1.0,
66,0,88,412,1.0,
67,0,84,416,1.0,
68,0,79,421,1.0,
69,0,73,427,1.0,
70,0,69,431,1.0,
71,0,68,432,1.0,
72,0,67,433,1.0,
73,0,63,437,1.0,
74,0,54,446,1.0,
75,0,51,449,1.0,
76,0,49,451,1.0,
77,0,48,452,1.0,
78,0,47,453,1.0,
79,0,45,455,1.0,
80,0,44,456,1.0,
81,0,43,457,1.0,
82,0,42,458,1.0,
83,0,42,458,1.0,
84,0,40,460,1.0,
85,0,39,461,1.0,
86,0,37,463,1.0,
87,0,37,463,1.0,
88,0,36,464,1.0,
89,0,34,466,1.0,
90,0,33,467,1.0,
91,0,31,469,1.0,
92,0,29,471,1.0,
93,0,28,472,1.0,
94,0,28,472,1.0,
95,0,28,472,1.0,
96,0,28,472,1.0,
97,0,26,474,1.0,
98,0,24,476,1.0,
99,0,24,476,1.0,
100,0,22,478,1.0,
101,0,21,479,1.0,
102,0,21,479,1.0,
103,0,21,479,1.0,
104,0,21,479,1.0,
105,0,21,479,1.0,
106,0,20,480,1.0,
107,0,20,480,1.0,
108,0,20,480,1.0,
109,0,19,481,1.0,
110,0,18,482,1.0,
111,0,16,484,1.0,
112,0,16,484,1.0,
113,0,15,485,1.0,
114,0,15,485,1.0,
115,0,14,486,1.0,
116,0,13,487,1.0,
117,0,12,488,1.0,
118,0,12,488,1.0,
119,0,12,488,1.0,
120,0,12,488,1.0,
121,0,11,489,1.0,
122,0,10,490,1.0,
123,0,10,490,1.0,
124,0,10,490,1.0,
125,0,9,491,1.0,
126,0,9,491,1.0,
127,0,9,491,1.0,
128,0,8,492,1.0,
129,0,8,492,1.0,
130,0,8,492,1.0,
131,0,7,493,1.0,
132,0,7,493,1.0,
133,0,6,494,1.0,
134,0,6,494,1.0,
135,0,6,494,1.0,
136,0,6,494,1.0,
137,0,5,495,1.0,
138,0,5,495,1.0,
139,0,5,495,1.0,
140,0,5,495,1.0,
141,0,5,495,1.0,
142,0,5,495,1.0,
143,0,5,495,1.0,
144,0,5,495,1.0,
145,0,4,496,1.0,
146,0,4,496,1.0,
147,0,4,496,1.0,
148,0,4,496,1.0,
149,0,4,496,1.0,
150,0,4,496,1.0,
151,0,4,496,1.0,
152,0,3,497,1.0,
153,0,2,498,1.0,
154,0,2,498,1.0,
155,0,2,498,1.0,
156,0,1,499,1.0,
157,0,1,499,1.0,
158,0,1,499,1.0,
159,0,1,499,1.0,
160,0,1,499,1.0,
161,0,1,499,1.0,
162,0,1,499,1.0,
163,0,1,499,1.0,
164,0,1,499,1.0,
165,0,1,499,1.0,
166,0,1,499,1.0,
167,0,1,499,1.0,
168,0,1,499,1.0,
169,0,1,499,1.0,
170,0,1,499,1.0,
171,0,1,499,1.0,
172,0,1,499,1.0,
173,0,1,499,1.0,
174,0,1,499,1.0,
175,0,1,499,1.0,
176,0,1,499,1.0,
177,0,1,499,1.0,
178,0,1,499,1.0,
179,0,0,500,1.0,
180,0,0,500,1.0,
181,0,0,500,1.0,
182,0,0,500,1.0,
183,0,0,500,1.0,
184,0,0,500,1.0,
185,0,0,500,1.0,
186,0,0,500,1.0,
187,0,0,500,1.0,
188,0,0,500,1.0,
189,0,0,500,1.0,
190,0,0,500,1.0,
191,0,0,500,1.0,
192,0,0,500,1.0,
193,0,0,500,1.0,
194,0,0,500,1.0,
195,0,0,500,1.0,
196,0,0,500,1.0,
197,0,0,500,1.0,
198,0,0,500,1.0,
199,0,0,500,1.0,
200,0,0,500,1.0,
1,497,2,1,0.9974117647058823,1.0
2,491,8,1,0.9831764705882353,0.9927261942275365
3,489,10,1,0.9790588235294118,0.9905814062185961
4,484,14,2,0.972,0.9868214315079437
5,478,18,4,0.9654117647058823,0.9831751273789201
6,474,22,4,0.9585882352941176,0.9794147779612987
7,468,26,6,0.9558823529411765,0.977683002138198
8,461,30,9,0.953764705882353,0.9761725043264247
9,448,42,10,0.9476470588235294,0.972016851797717
10,432,57,11,0.9343529411764706,0.963209821084562
11,419,64,17,0.9364705882352942,0.9633206366725547
12,401,77,22,0.9332941176470588,0.9596255496577765
13,389,88,23,0.9332941176470588,0.9583715723927935
14,375,98,27,0.9402352941176471,0.9613729501741708
15,366,103,31,0.948,0.9657017212885233
16,351,116,33,0.9529411764705882,0.9677016701788891
17,344,120,36,0.9503529411764706,0.9651266873044602
18,333,125,42,0.9483529411764706,0.9624576704211514
19,324,131,45,0.954,0.9657388380391485
20,311,142,47,0.947764705882353,0.9592247651103682
21,296,153,51,0.9401176470588235,0.9506222853193432
22,282,157,61,0.9364705882352942,0.9449099021419796
23,271,165,64,0.9265882352941176,0.9334986163580323
24,252,173,75,0.9283529411764706,0.9301459868531918
25,244,177,79,0.928,0.9274543030988525
26,230,179,91,0.9196470588235294,0.9138716582247498
27,211,188,101,0.9201176470588235,0.9065644163386001
28,199,192,109,0.9190588235294118,0.8994683263206346
29,185,196,119,0.9249411764705883,0.8997020567726945
30,170,204,126,0.9357647058823529,0.9066644105922356
31,157,207,136,0.9404705882352942,0.9062971410386079
32,146,209,145,0.9443529411764706,0.9057773045119999
33,134,214,152,0.9462352941176471,0.9007787092006523
34,122,218,160,0.9474117647058824,0.8932825827937282
35,116,210,174,0.9402352941176471,0.8722004535486174
36,107,209,184,0.9483529411764706,0.8803403555951098
37,95,211,194,0.9431764705882353,0.8514378983147071
38,82,217,201,0.936235294117647,0.8064864805573093
39,67,216,217,0.9335294117647058,0.7528104130757693
40,55,219,226,0.934235294117647,0.701699337489423
41,41,221,238,0.9452941176470588,0.6672186500830273
42,27,223,250,0.9591764705882353,0.6232204163211791
43,23,219,258,0.9648235294117647,0.6189278951583986
44,14,218,268,0.9787058823529412,0.6212771097639219
45,8,213,279,0.988,0.6258148307455584
46,5,207,288,0.9924705882352941,0.6243423252614513
47,5,206,289,0.9924705882352941,0.6243423252614513
48,3,194,303,0.9955294117647059,0.6282690065524038
49,2,188,310,0.9970588235294118,0.6331773581660944
50,1,184,315,0.9985882352941177,0.6479024130071664
51,1,177,322,0.9987058823529412,0.6773525226893103
52,1,171,328,0.9987058823529412,0.6773525226893103
53,1,163,336,0.9987058823529412,0.6773525226893103
54,0,155,345,1.0,
55,0,147,353,1.0,
56,0,137,363,1.0,
57,0,131,369,1.0,
58,0,125,375,1.0,
59,0,119,381,1.0,
60,0,116,384,1.0,
61,0,112,388,1.0,
62,0,107,393,1.0,
63,0,102,398,1.0,
64,0,96,404,1.0,
65,0,95,405,1.0,
66,0,89,411,1.0,
67,0,87,413,1.0,
68,0,85,415,1.0,
69,0,82,418,1.0,
70,0,78,422,1.0,
71,0,76,424,1.0,
72,0,72,428,1.0,
73,0,69,431,1.0,
74,0,66,434,1.0,
75,0,60,440,1.0,
76,0,57,443,1.0,
77,0,54,446,1.0,
78,0,52,448,1.0,
79,0,47,453,1.0,
80,0,44,456,1.0,
81,0,43,457,1.0,
82,0,41,459,1.0,
83,0,41,459,1.0,
84,0,38,462,1.0,
85,0,37,463,1.0,
86,0,37,463,1.0,
87,0,35,465,1.0,
88,0,32,468,1.0,
89,0,29,471,1.0,
90,0,25,475,1.0,
91,0,24,476,1.0,
92,0,24,476,1.0,
93,0,23,477,1.0,
94,0,18,482,1.0,
95,0,18,482,1.0,
96,0,17,483,1.0,
97,0,17,483,1.0,
98,0,17,483,1.0,
99,0,16,484,1.0,
100,0,16,484,1.0,
101,0,16,484,1.0,
102,0,14,486,1.0,
103,0,14,486,1.0,
104,0,14,486,1.0,
105,0,14,486,1.0,
106,0,14,486,1.0,
107,0,14,486,1.0,
108,0,14,486,1.0,
109,0,14,486,1.0,
110,0,14,486,1.0,
111,0,14,486,1.0,
112,0,14,486,1.0,
113,0,13,487,1.0,
114,0,13,487,1.0,
115,0,12,488,1.0,
116,0,11,489,1.0,
117,0,10,490,1.0,
118,0,10,490,1.0,
119,0,9,491,1.0,
120,0,9,491,1.0,
121,0,9,491,1.0,
122,0,9,491,1.0,
123,0,9,491,1.0,
124,0,9,491,1.0,
125,0,9,491,1.0,
126,0,9,491,1.0,
127,0,9,491,1.0,
128,0,9,491,1.0,
129,0,7,493,1.0,
130,0,7,493,1.0,
131,0,7,493,1.0,
132,0,7,493,1.0,
133,0,6,494,1.0,
134,0,5,495,1.0,
135,0,5,495,1.0,
136,0,5,495,1.0,
137,0,5,495,1.0,
138,0,4,496,1.0,
139,0,4,496,1.0,
140,0,4,496,1.0,
141,0,4,496,1.0,
142,0,3,497,1.0,
143,0,3,497,1.0,
144,0,2,498,1.0,
145,0,2,498,1.0,
146,0,2,498,1.0,
147,0,2,498,1.0,
148,0,2,498,1.0,
149,0,2,498,1.0,
150,0,2,498,1.0,
151,0,1,499,1.0,
152,0,1,499,1.0,
153,0,1,499,1.0,
154,0,1,499,1.0,
155,0,1,499,1.0,
156,0,1,499,1.0,
157,0,1,499,1.0,
158,0,1,499,1.0,
159,0,1,499,1.0,
160,0,1,499,1.0,
161,0,1,499,1.0,
162,0,1,499,1.0,
163,0,1,499,1.0,
164,0,1,499,1.0,
165,0,1,499,1.0,
166,0,1,499,1.0,
167,0,1,499,1.0,
168,0,1,499,1.0,
169,0,1,499,1.0,
170,0,1,499,1.0,
171,0,1,499,1.0,
172,0,1,499,1.0,
173,0,1,499,1.0,
174,0,1,499,1.0,
175,0,1,499,1.0,
176,0,1,499,1.0,
177,0,1,499,1.0,
178,0,0,500,1.0,
179,0,0,500,1.0,
180,0,0,500,1.0,
181,0,0,500,1.0,
182,0,0,500,1.0,
183,0,0,500,1.0,
184,0,0,500,1.0,
185,0,0,500,1.0,
186,0,0,500,1.0,
187,0,0,500,1.0,
188,0,0,500,1.0,
189,0,0,500,1.0,
190,0,0,500,1.0,
191,0,0,500,1.0,
192,0,0,500,1.0,
193,0,0,500,1.0,
194,0,0,500,1.0,
195,0,0,500,1.0,
196,0,0,500,1.0,
197,0,0,500,1.0,
198,0,0,500,1.0,
199,0,0,500,1.0,
200,0,0,500,1.0,
1,497,3,0,0.994,1.0
2,495,5,0,0.9904705882352941,0.9981980248568971
3,490,9,1,0.9824705882352941,0.9940547325684478
4,489,10,1,0.9809411764705882,0.9932484475899412
5,486,12,2,0.975764705882353,0.9905135353898732
6,483,14,3,0.9734117647058823,0.9892105300888544
7,474,22,4,0.9628235294117647,0.9833407437681272
8,465,30,5,0.9554117647058824,0.9789548800996454
9,455,38,7,0.952,0.9765391598778055
10,447,44,9,0.9556470588235294,0.978116645369707
11,437,51,12,0.9532941176470588,0.9762040122222604
12,428,58,14,0.9501176470588235,0.973805694218787
13,417,69,14,0.941764705882353,0.9680436766155023
14,401,81,18,0.9345882352941176,0.9621279241862967
15,385,94,21,0.9243529411764706,0.9537615776435096
16,367,107,26,0.9207058823529412,0.9488531524089286
17,350,122,28,0.920235294117647,0.9458605167473951
18,331,135,34,0.9176470588235294,0.9406181574828095
19,313,148,39,0.9103529411764706,0.931187942694872
20,291,164,45,0.9078823529411765,0.9236642420994496
21,270,179,51,0.8870588235294118,0.8981580291326491
22,250,195,55,0.868,0.8706480136702941
23,221,216,63,0.8534117647058823,0.8366959153118934
24,189,234,77,0.8501176470588235,0.8040862987279033
25,163,248,89,0.8631764705882353,0.7924810292667666
26,130,269,101,0.8951764705882352,0.8007453354272313
27,105,287,108,0.916,0.8023205855271329
28,91,293,116,0.9191764705882353,0.7803323328348961
29,69,303,128,0.9327058823529412,0.75852010463875
30,47,314,139,0.9470588235294117,0.7207175297028472
31,35,313,152,0.9609411764705882,0.7234331967160459
32,28,309,163,0.9654117647058823,0.6936012102835558
33,21,306,173,0.971764705882353,0.6663982115555098
34,20,287,193,0.975764705882353,0.6997181221332852
35,16,284,200,0.9789411764705882,0.6736730821117007
36,10,275,215,0.9872941176470589,0.6844198219264322
37,9,265,226,0.9883529411764705,0.678519651047756
38,7,258,235,0.9903529411764705,0.6574476121953413
39,6,254,240,0.9912941176470588,0.6391851785232485
40,3,242,255,0.9954117647058823,0.6195179422609948
41,2,231,267,0.9969411764705882,0.6195179422609948
42,1,222,277,0.9984705882352941,0.6195179422609948
43,1,209,290,0.9985882352941177,0.6490187966543755
44,1,203,296,0.9985882352941177,0.6490187966543755
45,1,197,302,0.9987058823529412,0.6785196510477561
46,1,190,309,0.9987058823529412,0.6785196510477561
47,1,179,320,0.9987058823529412,0.6785196510477561
48,1,171,328,0.9988235294117647,0.7080205054411368
49,0,165,335,1.0,
50,0,154,346,1.0,
51,0,150,350,1.0,
52,0,147,353,1.0,
53,0,141,359,1.0,
54,0,130,370,1.0,
55,0,126,374,1.0,
56,0,122,378,1.0,
57,0,117,383,1.0,
58,0,114,386,1.0,
59,0,108,392,1.0,
60,0,108,392,1.0,
61,0,107,393,1.0,
62,0,104,396,1.0,
63,0,100,400,1.0,
64,0,98,402,1.0,
65,0,97,403,1.0,
66,0,97,403,1.0,
67,0,96,404,1.0,
68,0,95,405,1.0,
69,0,91,409,1.0,
70,0,88,412,1.0,
71,0,84,416,1.0,
72,0,79,421,1.0,
73,0,75,425,1.0,
74,0,72,428,1.0,
75,0,67,433,1.0,
76,0,64,436,1.0,
77,0,63,437,1.0,
78,0,58,442,1.0,
79,0,56,444,1.0,
80,0,54,446,1.0,
81,0,54,446,1.0,
82,0,52,448,1.0,
83,0,50,450,1.0,
84,0,49,451,1.0,
85,0,47,453,1.0,
86,0,43,457,1.0,
87,0,40,460,1.0,
88,0,36,464,1.0,
89,0,35,465,1.0,
90,0,32,468,1.0,
91,0,31,469,1.0,
92,0,31,469,1.0,
93,0,29,471,1.0,
94,0,28,472,1.0,
95,0,25,475,1.0,
96,0,23,477,1.0,
97,0,23,477,1.0,
98,0,23,477,1.0,
99,0,23,477,1.0,
100,0,23,477,1.0,
101,0,23,477,1.0,
102,0,23,477,1.0,
103,0,23,477,1.0,
104,0,22,478,1.0,
105,0,21,479,1.0,
106,0,21,479,1.0,
107,0,20,480,1.0,
108,0,19,481,1.0,
109,0,18,482,1.0,
110,0,17,483,1.0,
111,0,16,484,1.0,
112,0,16,484,1.0,
113,0,15,485,1.0,
114,0,13,487,1.0,
115,0,12,488,1.0,
116,0,10,490,1.0,
117,0,9,491,1.0,
118,0,9,491,1.0,
119,0,9,491,1.0,
120,0,9,491,1.0,
121,0,9,491,1.0,
122,0,9,491,1.0,
123,0,9,491,1.0,
124,0,7,493,1.0,
125,0,7,493,1.0,
126,0,7,493,1.0,
127,0,7,493,1.0,
128,0,7,493,1.0,
129,0,7,493,1.0,
130,0,6,494,1.0,
131,0,5,495,1.0,
132,0,5,495,1.0,
133,0,5,495,1.0,
134,0,4,496,1.0,
135,0,4,496,1.0,
136,0,4,496,1.0,
137,0,4,496,1.0,
138,0,4,496,1.0,
139,0,3,497,1.0,
140,0,3,497,1.0,
141,0,3,497,1.0,
142,0,3,497,1.0,
143,0,3,497,1.0,
144,0,3,497,1.0,
145,0,3,497,1.0,
146,0,3,497,1.0,
147,0,3,497,1.0,
148,0,3,497,1.0,
149,0,3,497,1.0,
150,0,3,497,1.0,
151,0,2,498,1.0,
152,0,2,498,1.0,
153,0,2,498,1.0,
154,0,2,498,1.0,
155,0,2,498,1.0,
156,0,2,498,1.0,
157,0,2,498,1.0,
158,0,2,498,1.0,
159,0,2,498,1.0,
160,0,2,498,1.0,
161,0,2,498,1.0,
162,0,2,498,1.0,
163,0,1,499,1.0,
164,0,1,499,1.0,
165,0,1,499,1.0,
166,0,0,500,1.0,
167,0,0,500,1.0,
168,0,0,500,1.0,
169,0,0,500,1.0,
170,0,0,500,1.0,
171,0,0,500,1.0,
172,0,0,500,1.0,
173,0,0,500,1.0,
174,0,0,500,1.0,
175,0,0,500,1.0,
176,0,0,500,1.0,
177,0,0,500,1.0,
178,0,0,500,1.0,
179,0,0,500,1.0,
180,0,0,500,1.0,
181,0,0,500,1.0,
182,0,0,500,1.0,
183,0,0,500,1.0,
184,0,0,500,1.0,
185,0,0,500,1.0,
186,0,0,500,1.0,
187,0,0,500,1.0,
188,0,0,500,1.0,
189,0,0,500,1.0,
190,0,0,500,1.0,
191,0,0,500,1.0,
192,0,0,500,1.0,
193,0,0,500,1.0,
194,0,0,500,1.0,
195,0,0,500,1.0,
196,0,0,500,1.0,
197,0,0,500,1.0,
198,0,0,500,1.0,
199,0,0,500,1.0,
200,0,0,500,1.0,
1,498,1,1,1.0,1.0
2,496,3,1,0.9945882352941177,0.9972687022022885
3,495,4,1,0.9927058823529412,0.9963125011253354
4,492,7,1,0.9863529411764705,0.9930582728287176
5,489,10,1,0.9809411764705882,0.9902471120442972
6,486,13,1,0.9755294117647059,0.9874012455711803
7,477,21,2,0.965764705882353,0.9820569737328894
8,472,26,2,0.9602352941176471,0.9789399658168352
9,468,30,2,0.9591764705882353,0.9781943546649429
10,461,33,6,0.9631764705882353,0.9800342696731621
11,454,39,7,0.9591764705882353,0.9775217095248191
12,447,43,10,0.9618823529411765,0.978684937468988
13,440,49,11,0.958,0.9761475912679121
14,425,64,11,0.948,0.969426743959616
15,413,69,18,0.9541176470588235,0.9722292615042936
16,402,76,22,0.9552941176470588,0.9722007482323549
17,392,82,26,0.9555294117647058,0.9716346928381743
18,382,89,29,0.9527058823529412,0.9690343533891425
19,373,94,33,0.9549411764705882,0.9697853794210837
20,366,97,37,0.9548235294117647,0.9691293010000822
21,351,103,46,0.9584705882352941,0.9704099096255958
22,343,105,52,0.959764705882353,0.9706652976589523
23,336,108,56,0.9535294117647058,0.9654119981325864
24,328,113,59,0.9541176470588235,0.9650491904078705
25,320,118,62,0.953764705882353,0.96390493697479
26,308,123,69,0.9594117647058824,0.9670822874604387
27,296,134,70,0.9575294117647059,0.9641664774017715
28,285,138,77,0.9567058823529412,0.9620698805838126
29,280,140,80,0.9541176470588235,0.9590846338535414
30,271,144,85,0.953764705882353,0.95735352846271
31,260,150,90,0.953764705882353,0.9555559146735618
32,248,156,96,0.9572941176470589,0.9569632691786393
33,237,156,107,0.9529411764705882,0.9503847108463638
34,226,155,119,0.9549411764705882,0.9501970699784338
35,215,159,126,0.9507058823529412,0.9427398866523353
36,201,169,130,0.9385882352941176,0.9236339311844141
37,188,173,139,0.9292941176470588,0.9059932870633746
38,171,185,144,0.9247058823529412,0.8899341342065801
39,164,186,150,0.9238823529411765,0.8839696410715062
40,151,190,159,0.9235294117647059,0.8733281392027009
41,141,189,170,0.9254117647058824,0.8677071086332663
42,124,198,178,0.9244705882352942,0.8476582715197516
43,111,206,183,0.9198823529411765,0.8195548489666138
44,94,213,193,0.9245882352941176,0.799436795994994
45,81,216,203,0.9364705882352942,0.803921568627451
46,68,222,210,0.9456470588235294,0.8001730103806227
47,51,223,226,0.9554117647058824,0.7814302191464823
48,43,226,231,0.9576470588235294,0.7537619699042408
49,37,218,245,0.9552941176470588,0.697933227344992
50,26,218,256,0.9627058823529412,0.6414027149321266
51,17,217,266,0.974,0.6176470588235294
52,10,212,278,0.9848235294117647,0.6205882352941176
53,7,207,286,0.9895294117647059,0.6260504201680673
54,6,197,297,0.9909411764705882,0.6225490196078431
55,3,193,304,0.9955294117647059,0.6274509803921569
56,2,188,310,0.9970588235294118,0.6323529411764706
57,0,185,315,1.0,
58,0,179,321,1.0,
59,0,172,328,1.0,
60,0,169,331,1.0,
61,0,162,338,1.0,
62,0,157,343,1.0,
63,0,147,353,1.0,
64,0,144,356,1.0,
65,0,136,364,1.0,
66,0,133,367,1.0,
67,0,128,372,1.0,
68,0,124,376,1.0,
69,0,122,378,1.0,
70,0,116,384,1.0,
71,0,112,388,1.0,
72,0,107,393,1.0,
73,0,106,394,1.0,
74,0,99,401,1.0,
75,0,94,406,1.0,
76,0,88,412,1.0,
77,0,84,416,1.0,
78,0,79,421,1.0,
79,0,76,424,1.0,
80,0,71,429,1.0,
81,0,67,433,1.0,
82,0,62,438,1.0,
83,0,59,441,1.0,
84,0,56,444,1.0,
85,0,55,445,1.0,
86,0,54,446,1.0,
87,0,54,446,1.0,
88,0,54,446,1.0,
89,0,53,447,1.0,
90,0,53,447,1.0,
91,0,52,448,1.0,
92,0,51,449,1.0,
93,0,49,451,1.0,
94,0,48,452,1.0,
95,0,45,455,1.0,
96,0,44,456,1.0,
97,0,40,460,1.0,
98,0,39,461,1.0,
99,0,35,465,1.0,
100,0,34,466,1.0,
101,0,34,466,1.0,
102,0,34,466,1.0,
103,0,33,467,1.0,
104,0,31,469,1.0,
105,0,29,471,1.0,
106,0,29,471,1.0,
107,0,29,471,1.0,
108,0,28,472,1.0,
109,0,27,473,1.0,
110,0,25,475,1.0,
111,0,25,475,1.0,
112,0,23,477,1.0,
113,0,21,479,1.0,
114,0,19,481,1.0,
115,0,17,483,1.0,
116,0,15,485,1.0,
117,0,15,485,1.0,
118,0,15,485,1.0,
119,0,14,486,1.0,
120,0,14,486,1.0,
121,0,13,487,1.0,
122,0,12,488,1.0,
123,0,11,489,1.0,
124,0,11,489,1.0,
125,0,10,490,1.0,
126,0,9,491,1.0,
127,0,9,491,1.0,
128,0,8,492,1.0,
129,0,7,493,1.0,
130,0,6,494,1.0,
131,0,5,495,1.0,
132,0,4,496,1.0,
133,0,4,496,1.0,
134,0,4,496,1.0,
135,0,3,497,1.0,
136,0,3,497,1.0,
137,0,3,497,1.0,
138,0,3,497,1.0,
139,0,3,497,1.0,
140,0,3,497,1.0,
141,0,2,498,1.0,
142,0,2,498,1.0,
143,0,2,498,1.0,
144,0,1,499,1.0,
145,0,1,499,1.0,
146,0,1,499,1.0,
147,0,1,499,1.0,
148,0,1,499,1.0,
149,0,1,499,1.0,
150,0,1,499,1.0,
151,0,1,499,1.0,
152,0,1,499,1.0,
153,0,1,499,1.0,
154,0,1,499,1.0,
155,0,1,499,1.0,
156,0,0,500,1.0,
157,0,0,500,1.0,
158,0,0,500,1.0,
159,0,0,500,1.0,
160,0,0,500,1.0,
161,0,0,500,1.0,
162,0,0,500,1.0,
163,0,0,500,1.0,
164,0,0,500,1.0,
165,0,0,500,1.0,
166,0,0,500,1.0,
167,0,0,500,1.0,
168,0,0,500,1.0,
169,0,0,500,1.0,
170,0,0,500,1.0,
171,0,0,500,1.0,
172,0,0,500,1.0,
173,0,0,500,1.0,
174,0,0,500,1.0,
175,0,0,500,1.0,
176,0,0,500,1.0,
177,0,0,500,1.0,
178,0,0,500,1.0,
179,0,0,500,1.0,
180,0,0,500,1.0,
181,0,0,500,1.0,
182,0,0,500,1.0,
183,0,0,500,1.0,
184,0,0,500,1.0,
185,0,0,500,1.0,
186,0,0,500,1.0,
187,0,0,500,1.0,
188,0,0,500,1.0,
189,0,0,500,1.0,
190,0,0,500,1.0,
191,0,0,500,1.0,
192,0,0,500,1.0,
193,0,0,500,1.0,
194,0,0,500,1.0,
195,0,0,500,1.0,
196,0,0,500,1.0,
197,0,0,500,1.0,
198,0,0,500,1.0,
199,0,0,500,1.0,
200,0,0,500,1.0,
1,499,1,0,1.0,1.0
2,497,3,0,0.9936470588235294,0.9968077371793788
3,495,5,0,0.9905882352941177,0.9952499787793906
4,491,9,0,0.9810588235294118,0.9903591356927886
5,484,16,0,0.968,0.9834759673967258
6,483,17,0,0.9663529411764706,0.9825892412300888
7,479,20,1,0.9618823529411765,0.9801104499495756
8,466,31,3,0.9544705882352941,0.9755743499116385
9,462,33,5,0.952,0.974025974025974
10,454,40,6,0.9492941176470588,0.9720781464367886
11,444,49,7,0.9469411764705883,0.9701243068890127
12,433,57,10,0.9535294117647058,0.973169053470643
13,424,64,12,0.9605882352941176,0.9767573667545921
14,416,69,15,0.9565882352941176,0.9739104645354645
15,406,76,18,0.9561176470588235,0.9729821082037831
16,392,87,21,0.9531764705882353,0.9701431871449879
17,379,93,28,0.9558823529411765,0.9708748646976181
18,371,97,32,0.9531764705882353,0.9684279886911883
19,358,104,38,0.9488235294117647,0.9642510025848837
20,349,109,42,0.9468235294117647,0.9619036674320681
21,333,123,44,0.9489411764705883,0.9617129734776795
22,320,130,50,0.9482352941176471,0.9595765692640693
23,311,131,58,0.9482352941176471,0.9583684394541213
24,301,136,63,0.9404705882352942,0.9505155127590149
25,293,139,68,0.934,0.9436312533080251
26,282,148,70,0.924,0.9325735452143462
27,268,157,75,0.928235294117647,0.9329952605194045
28,256,158,86,0.9332941176470588,0.9347975553857908
29,242,164,94,0.937764705882353,0.9356471514225525
30,223,179,98,0.9350588235294117,0.9271970182284084
31,208,184,108,0.9409411764705883,0.9290330992536877
32,196,188,116,0.9512941176470588,0.9379308866403704
33,187,189,124,0.9562352941176471,0.9415629353345615
34,181,187,132,0.9536470588235294,0.9360598885460766
35,176,182,142,0.9528235294117647,0.9330736220107877
36,165,185,150,0.9495294117647058,0.9236207761341451
37,154,193,153,0.9527058823529412,0.9232559139358223
38,144,198,158,0.953764705882353,0.9197581557875676
39,140,194,166,0.9571764705882353,0.9235636072610863
40,124,203,173,0.9525882352941176,0.9044351758298627
41,116,202,182,0.9510588235294117,0.894548352256263
42,97,215,188,0.9527058823529412,0.8779884962419833
43,83,218,199,0.9481176470588235,0.8435882567703974
44,74,221,205,0.9514117647058824,0.8357180710121886
45,59,225,216,0.9558823529411765,0.813060817547358
46,49,228,223,0.9558823529411765,0.7749099639855943
47,42,226,232,0.9551764705882353,0.7331932773109243
48,36,225,239,0.9561176470588235,0.6952614379084967
49,31,220,249,0.9578823529411765,0.6603415559772297
50,27,214,259,0.963764705882353,0.6644880174291941
51,20,214,266,0.9701176470588235,0.626470588235294
52,15,207,278,0.9770588235294118,0.6176470588235292
53,11,199,290,0.9831764705882353,0.6176470588235293
54,4,199,297,0.994,0.625
55,2,196,302,0.9971764705882353,0.6470588235294118
56,1,189,310,0.9985882352941177,0.6470588235294118
57,0,185,315,1.0,
58,0,178,322,1.0,
59,0,173,327,1.0,
60,0,163,337,1.0,
61,0,163,337,1.0,
62,0,156,344,1.0,
63,0,150,350,1.0,
64,0,145,355,1.0,
65,0,140,360,1.0,
66,0,135,365,1.0,
67,0,131,369,1.0,
68,0,130,370,1.0,
69,0,125,375,1.0,
70,0,121,379,1.0,
71,0,116,384,1.0,
72,0,113,387,1.0,
73,0,107,393,1.0,
74,0,107,393,1.0,
75,0,105,395,1.0,
76,0,95,405,1.0,
77,0,91,409,1.0,
78,0,89,411,1.0,
79,0,87,413,1.0,
80,0,85,415,1.0,
81,0,83,417,1.0,
82,0,81,419,1.0,
83,0,75,425,1.0,
84,0,73,427,1.0,
85,0,70,430,1.0,
86,0,65,435,1.0,
87,0,63,437,1.0,
88,0,61,439,1.0,
89,0,59,441,1.0,
90,0,56,444,1.0,
91,0,54,446,1.0,
92,0,53,447,1.0,
93,0,50,450,1.0,
94,0,49,451,1.0,
95,0,48,452,1.0,
96,0,47,453,1.0,
97,0,45,455,1.0,
98,0,44,456,1.0,
99,0,40,460,1.0,
100,0,40,460,1.0,
101,0,37,463,1.0,
102,0,35,465,1.0,
103,0,33,467,1.0,
104,0,30,470,1.0,
105,0,26,474,1.0,
106,0,23,477,1.0,
107,0,23,477,1.0,
108,0,23,477,1.0,
109,0,23,477,1.0,
110,0,21,479,1.0,
111,0,20,480,1.0,
112,0,19,481,1.0,
113,0,19,481,1.0,
114,0,19,481,1.0,
115,0,18,482,1.0,
116,0,18,482,1.0,
117,0,18,482,1.0,
118,0,18,482,1.0,
119,0,18,482,1.0,
120,0,16,484,1.0,
121,0,15,485,1.0,
122,0,13,487,1.0,
123,0,12,488,1.0,
124,0,11,489,1.0,
125,0,11,489,1.0,
126,0,11,489,1.0,
127,0,11,489,1.0,
128,0,11,489,1.0,
129,0,11,489,1.0,
130,0,11,489,1.0,
131,0,11,489,1.0,
132,0,10,490,1.0,
133,0,10,490,1.0,
134,0,10,490,1.0,
135,0,9,491,1.0,
136,0,8,492,1.0,
137,0,8,492,1.0,
138,0,8,492,1.0,
139,0,8,492,1.0,
140,0,6,494,1.0,
141,0,6,494,1.0,
142,0,6,494,1.0,
143,0,5,495,1.0,
144,0,5,495,1.0,
145,0,5,495,1.0,
146,0,5,495,1.0,
147,0,4,496,1.0,
148,0,4,496,1.0,
149,0,4,496,1.0,
150,0,4,496,1.0,
151,0,3,497,1.0,
152,0,3,497,1.0,
153,0,3,497,1.0,
154,0,3,497,1.0,
155,0,3,497,1.0,
156,0,3,497,1.0,
157,0,3,497,1.0,
158,0,2,498,1.0,
159,0,2,498,1.0,
160,0,2,498,1.0,
161,0,2,498,1.0,
162,0,2,498,1.0,
163,0,2,498,1.0,
164,0,2,498,1.0,
165,0,2,498,1.0,
166,0,1,499,1.0,
167,0,1,499,1.0,
168,0,1,499,1.0,
169,0,1,499,1.0,
170,0,0,500,1.0,
171,0,0,500,1.0,
172,0,0,500,1.0,
173,0,0,500,1.0,
174,0,0,500,1.0,
175,0,0,500,1.0,
176,0,0,500,1.0,
177,0,0,500,1.0,
178,0,0,500,1.0,
179,0,0,500,1.0,
180,0,0,500,1.0,
181,0,0,500,1.0,
182,0,0,500,1.0,
183,0,0,500,1.0,
184,0,0,500,1.0,
185,0,0,500,1.0,
186,0,0,500,1.0,
187,0,0,500,1.0,
188,0,0,500,1.0,
189,0,0,500,1.0,
190,0,0,500,1.0,
191,0,0,500,1.0,
192,0,0,500,1.0,
193,0,0,500,1.0,
194,0,0,500,1.0,
195,0,0,500,1.0,
196,0,0,500,1.0,
197,0,0,500,1.0,
198,0,0,500,1.0,
199,0,0,500,1.0,
200,0,0,500,1.0,
1,496,4,0,0.9927058823529412,1.0
2,493,7,0,0.9854117647058823,0.9962611466595721
3,485,14,1,0.9741176470588235,0.9902876656047466
4,480,19,1,0.9703529411764706,0.9882060396255418
5,475,23,2,0.9662352941176471,0.9858713299619875
6,465,31,4,0.9625882352941176,0.9835090592321926
7,459,36,5,0.9647058823529412,0.9844028279382784
8,450,45,5,0.9551764705882353,0.9787030202822664
9,439,55,6,0.9464705882352941,0.9731042280598772
10,424,61,15,0.9481176470588235,0.972978395579519
11,412,72,16,0.9474117647058824,0.9716472467511846
12,404,78,18,0.9323529411764706,0.9616507033434712
13,383,97,20,0.9198823529411765,0.9511774465107772
14,364,113,23,0.9072941176470588,0.9397678444252808
15,344,132,24,0.8950588235294118,0.9271231658509567
16,318,152,30,0.8867058823529411,0.9142950428367133
17,297,166,37,0.8805882352941177,0.9027957186770595
18,276,182,42,0.8838823529411765,0.898121687325605
19,250,197,53,0.8871764705882353,0.890440966352454
20,212,222,66,0.8591764705882353,0.8370197336869158
21,192,230,78,0.8578823529411764,0.8180396921872441
22,171,246,83,0.8536470588235294,0.7889656050096828
23,146,263,91,0.8582352941176471,0.7600866497472725
24,122,272,106,0.8683529411764705,0.7329796995356479
25,101,277,122,0.8768235294117647,0.6977696125908555
26,73,301,126,0.9031764705882352,0.6710225255926054
27,52,308,140,0.9247058823529412,0.640578807192209
28,34,307,159,0.9494117647058824,0.6306721673631451
29,21,307,172,0.9683529411764706,0.6260757569076519
30,11,305,184,0.9841176470588235,0.641400132019868
31,6,295,199,0.9912941176470588,0.6396110103126996
32,3,288,209,0.9956470588235294,0.6396110103126995
33,2,276,222,0.9969411764705882,0.6199306715338473
34,0,265,235,1.0,
35,0,245,255,1.0,
36,0,235,265,1.0,
37,0,224,276,1.0,
38,0,216,284,1.0,
39,0,208,292,1.0,
40,0,197,303,1.0,
41,0,187,313,1.0,
42,0,176,324,1.0,
43,0,165,335,1.0,
44,0,159,341,1.0,
45,0,149,351,1.0,
46,0,144,356,1.0,
47,0,134,366,1.0,
48,0,130,370,1.0,
49,0,120,380,1.0,
50,0,114,386,1.0,
51,0,106,394,1.0,
52,0,102,398,1.0,
53,0,96,404,1.0,
54,0,92,408,1.0,
55,0,91,409,1.0,
56,0,86,414,1.0,
57,0,83,417,1.0,
58,0,81,419,1.0,
59,0,79,421,1.0,
60,0,77,423,1.0,
61,0,73,427,1.0,
62,0,71,429,1.0,
63,0,65,435,1.0,
64,0,62,438,1.0,
65,0,60,440,1.0,
66,0,57,443,1.0,
67,0,55,445,1.0,
68,0,55,445,1.0,
69,0,54,446,1.0,
70,0,51,449,1.0,
71,0,50,450,1.0,
72,0,49,451,1.0,
73,0,47,453,1.0,
74,0,45,455,1.0,
75,0,41,459,1.0,
76,0,40,460,1.0,
77,0,38,462,1.0,
78,0,36,464,1.0,
79,0,35,465,1.0,
80,0,32,468,1.0,
81,0,31,469,1.0,
82,0,31,469,1.0,
83,0,31,469,1.0,
84,0,31,469,1.0,
85,0,29,471,1.0,
86,0,28,472,1.0,
87,0,26,474,1.0,
88,0,26,474,1.0,
89,0,26,474,1.0,
90,0,26,474,1.0,
91,0,25,475,1.0,
92,0,24,476,1.0,
93,0,22,478,1.0,
94,0,20,480,1.0,
95,0,20,480,1.0,
96,0,19,481,1.0,
97,0,19,481,1.0,
98,0,19,481,1.0,
99,0,19,481,1.0,
100,0,19,481,1.0,
101,0,19,481,1.0,
102,0,19,481,1.0,
103,0,18,482,1.0,
104,0,18,482,1.0,
105,0,18,482,1.0,
106,0,18,482,1.0,
107,0,17,483,1.0,
108,0,17,483,1.0,
109,0,16,484,1.0,
110,0,16,484,1.0,
111,0,16,484,1.0,
112,0,16,484,1.0,
113,0,16,484,1.0,
114,0,15,485,1.0,
115,0,15,485,1.0,
116,0,13,487,1.0,
117,0,12,488,1.0,
118,0,11,489,1.0,
119,0,11,489,1.0,
120,0,11,489,1.0,
121,0,11,489,1.0,
122,0,10,490,1.0,
123,0,9,491,1.0,
124,0,9,491,1.0,
125,0,9,491,1.0,
126,0,9,491,1.0,
127,0,8,492,1.0,
128,0,8,492,1.0,
129,0,8,492,1.0,
130,0,8,492,1.0,
131,0,8,492,1.0,
132,0,8,492,1.0,
133,0,8,492,1.0,
134,0,8,492,1.0,
135,0,8,492,1.0,
136,0,8,492,1.0,
137,0,8,492,1.0,
138,0,8,492,1.0,
139,0,8,492,1.0,
140,0,8,492,1.0,
141,0,7,493,1.0,
142,0,7,493,1.0,
143,0,7,493,1.0,
144,0,6,494,1.0,
145,0,5,495,1.0,
146,0,5,495,1.0,
147,0,5,495,1.0,
148,0,4,496,1.0,
149,0,4,496,1.0,
150,0,4,496,1.0,
151,0,4,496,1.0,
152,0,4,496,1.0,
153,0,4,496,1.0,
154,0,4,496,1.0,
155,0,4,496,1.0,
156,0,4,496,1.0,
157,0,4,496,1.0,
158,0,4,496,1.0,
159,0,4,496,1.0,
160,0,4,496,1.0,
161,0,4,496,1.0,
162,0,2,498,1.0,
163,0,1,499,1.0,
164,0,1,499,1.0,
165,0,1,499,1.0,
166,0,1,499,1.0,
167,0,1,499,1.0,
168,0,1,499,1.0,
169,0,1,499,1.0,
170,0,1,499,1.0,
171,0,1,499,1.0,
172,0,1,499,1.0,
173,0,1,499,1.0,
174,0,1,499,1.0,
175,0,1,499,1.0,
176,0,1,499,1.0,
177,0,1,499,1.0,
178,0,1,499,1.0,
179,0,1,499,1.0,
180,0,1,499,1.0,
181,0,1,499,1.0,
182,0,1,499,1.0,
183,0,1,499,1.0,
184,0,1,499,1.0,
185,0,1,499,1.0,
186,0,1,499,1.0,
187,0,1,499,1.0,
188,0,1,499,1.0,
189,0,1,499,1.0,
190,0,1,499,1.0,
191,0,1,499,1.0,
192,0,1,499,1.0,
193,0,1,499,1.0,
194,0,1,499,1.0,
195,0,1,499,1.0,
196,0,1,499,1.0,
197,0,1,499,1.0,
198,0,1,499,1.0,
199,0,1,499,1.0,
200,0,1,499,1.0,
1,496,4,0,0.9925882352941177,1.0
2,492,8,0,0.9831764705882353,0.9951725025446505
3,486,14,0,0.97,0.9882664311709237
4,481,17,2,0.9667058823529412,0.9863850798109955
5,475,23,2,0.9588235294117647,0.9819799376166182
6,470,26,4,0.9558823529411765,0.9801761157083959
7,462,34,4,0.9488235294117647,0.975930003889642
8,451,45,4,0.948,0.974793140681657
9,441,55,4,0.9403529411764706,0.9697810260361043
10,425,69,6,0.9404705882352942,0.9685613741241724
11,414,75,11,0.9438823529411765,0.969718027632106
12,400,87,13,0.95,0.9723624124336884
13,388,92,20,0.9534117647058824,0.9736002505875198
14,382,95,23,0.9474117647058824,0.9692177869604521
15,373,101,26,0.9435294117647058,0.965774960663781
16,360,112,28,0.9463529411764706,0.9663714936078343
17,349,119,32,0.9427058823529412,0.9625656521858671
18,336,129,35,0.9410588235294117,0.9597493518725051
19,325,137,38,0.942,0.9589863246579776
20,315,139,46,0.94,0.9559633198127947
21,303,141,56,0.941764705882353,0.9554865451172552
22,296,141,63,0.9384705882352942,0.9515493578469436
23,285,146,69,0.9344705882352942,0.9459645959241134
24,270,154,76,0.936,0.944208862665153
25,250,165,85,0.9335294117647058,0.936971854534912
26,236,173,91,0.9391764705882353,0.9390749280776541
27,216,188,96,0.932235294117647,0.9250740768854697
28,202,192,106,0.9354117647058824,0.9235795829327345
29,191,197,112,0.9401176470588235,0.925131820959717
30,175,206,119,0.9491764705882353,0.930899840827977
31,156,217,127,0.9452941176470588,0.9156884592401687
32,147,215,138,0.9438823529411765,0.9078808876202876
33,133,216,151,0.939764705882353,0.8900137147253216
34,121,223,156,0.9449411764705883,0.8894693786874313
35,110,221,169,0.953764705882353,0.8982757207094134
36,98,223,179,0.9574117647058824,0.8946991151252278
37,91,215,194,0.9631764705882353,0.9022070797276772
38,77,222,201,0.962,0.8799106999991909
39,70,221,209,0.9596470588235294,0.8590918978162038
40,55,225,220,0.9572941176470589,0.8089043986310646
41,48,219,233,0.9601176470588235,0.7952504466468724
42,40,216,244,0.9601176470588235,0.7535505392356906
43,36,209,255,0.9627058823529412,0.7437918588385802
44,34,205,261,0.9661176470588235,0.7536807836107385
45,30,204,266,0.9668235294117647,0.7262426352673063
46,24,204,272,0.9696470588235294,0.6863878565026368
47,23,195,282,0.9730588235294118,0.7098129680148819
48,19,194,287,0.9763529411764705,0.6914376822720393
49,13,191,296,0.982,0.656298066267203
50,10,185,305,0.9865882352941177,0.6671985185789073
51,6,184,310,0.9912941176470588,0.6396445974576545
52,6,174,320,0.9916470588235294,0.6544056266297541
53,6,168,326,0.9918823529411764,0.6642463127444873
54,5,163,332,0.9934117647058823,0.6731029302477471
55,5,156,339,0.9936470588235294,0.6849117535854269
56,5,154,341,0.9936470588235294,0.6849117535854269
57,4,152,344,0.9947058823529412,0.6716268273305372
58,4,142,354,0.9954117647058823,0.7159099148468363
59,4,138,358,0.9954117647058823,0.7159099148468363
60,3,135,362,0.9967058823529412,0.7282107724902528
61,3,127,370,0.9967058823529412,0.7282107724902528
62,2,125,373,0.9976470588235294,0.7085294002607865
63,2,122,376,0.9977647058823529,0.7232904294328861
64,2,114,384,0.998,0.7528124877770855
65,2,109,389,0.998,0.7528124877770855
66,2,102,396,0.998,0.7528124877770855
67,2,101,397,0.998,0.7528124877770855
68,2,96,402,0.9982352941176471,0.7823345461212851
69,2,96,402,0.9982352941176471,0.7823345461212851
70,1,93,406,0.9992941176470588,0.8266176336375841
71,1,90,409,0.9992941176470588,0.8266176336375841
72,1,86,413,0.9992941176470588,0.8266176336375841
73,1,83,416,0.9994117647058823,0.8561396919817835
74,1,83,416,0.9994117647058823,0.8561396919817835
75,1,78,421,0.9994117647058823,0.8561396919817835
76,1,74,425,0.9994117647058823,0.8561396919817835
77,1,73,426,0.9994117647058823,0.8561396919817835
78,1,72,427,0.9994117647058823,0.8561396919817835
79,0,73,427,1.0,
80,0,70,430,1.0,
81,0,69,431,1.0,
82,0,66,434,1.0,
83,0,63,437,1.0,
84,0,63,437,1.0,
85,0,57,443,1.0,
86,0,56,444,1.0,
87,0,55,445,1.0,
88,0,52,448,1.0,
89,0,50,450,1.0,
90,0,47,453,1.0,
91,0,45,455,1.0,
92,0,44,456,1.0,
93,0,41,459,1.0,
94,0,41,459,1.0,
95,0,39,461,1.0,
96,0,36,464,1.0,
97,0,35,465,1.0,
98,0,33,467,1.0,
99,0,33,467,1.0,
100,0,32,468,1.0,
101,0,31,469,1.0,
102,0,31,469,1.0,
103,0,29,471,1.0,
104,0,28,472,1.0,
105,0,26,474,1.0,
106,0,26,474,1.0,
107,0,24,476,1.0,
108,0,22,478,1.0,
109,0,21,479,1.0,
110,0,17,483,1.0,
111,0,15,485,1.0,
112,0,13,487,1.0,
113,0,13,487,1.0,
114,0,13,487,1.0,
115,0,13,487,1.0,
116,0,13,487,1.0,
117,0,13,487,1.0,
118,0,13,487,1.0,
119,0,12,488,1.0,
120,0,12,488,1.0,
121,0,12,488,1.0,
122,0,12,488,1.0,
123,0,12,488,1.0,
124,0,12,488,1.0,
125,0,12,488,1.0,
126,0,12,488,1.0,
127,0,10,490,1.0,
128,0,10,490,1.0,
129,0,10,490,1.0,
130,0,10,490,1.0,
131,0,9,491,1.0,
132,0,8,492,1.0,
133,0,8,492,1.0,
134,0,7,493,1.0,
135,0,6,494,1.0,
136,0,5,495,1.0,
137,0,5,495,1.0,
138,0,5,495,1.0,
139,0,5,495,1.0,
140,0,5,495,1.0,
141,0,5,495,1.0,
142,0,5,495,1.0,
143,0,4,496,1.0,
144,0,4,496,1.0,
145,0,4,496,1.0,
146,0,3,497,1.0,
147,0,3,497,1.0,
148,0,3,497,1.0,
149,0,3,497,1.0,
150,0,3,497,1.0,
151,0,3,497,1.0,
152,0,3,497,1.0,
153,0,3,497,1.0,
154,0,3,497,1.0,
155,0,3,497,1.0,
156,0,2,498,1.0,
157,0,2,498,1.0,
158,0,2,498,1.0,
159,0,2,498,1.0,
160,0,2,498,1.0,
161,0,2,498,1.0,
162,0,2,498,1.0,
163,0,2,498,1.0,
164,0,2,498,1.0,
165,0,2,498,1.0,
166,0,2,498,1.0,
167,0,2,498,1.0,
168,0,2,498,1.0,
169,0,2,498,1.0,
170,0,2,498,1.0,
171,0,1,499,1.0,
172,0,1,499,1.0,
173,0,1,499,1.0,
174,0,1,499,1.0,
175,0,1,499,1.0,
176,0,1,499,1.0,
177,0,1,499,1.0,
178,0,1,499,1.0,
179,0,1,499,1.0,
180,0,1,499,1.0,
181,0,1,499,1.0,
182,0,1,499,1.0,
183,0,1,499,1.0,
184,0,1,499,1.0,
185,0,1,499,1.0,
186,0,1,499,1.0,
187,0,1,499,1.0,
188,0,1,499,1.0,
189,0,1,499,1.0,
190,0,1,499,1.0,
191,0,1,499,1.0,
192,0,1,499,1.0,
193,0,1,499,1.0,
194,0,1,499,1.0,
195,0,1,499,1.0,
196,0,1,499,1.0,
197,0,1,499,1.0,
198,0,1,499,1.0,
199,0,1,499,1.0,
200,0,0,500,1.0,
1,497,3,0,0.9950588235294118,1.0
2,494,6,0,0.9882352941176471,0.9965264876117145
3,489,10,1,0.9801176470588235,0.9923102192235653
4,486,12,2,0.9761176470588235,0.9901828060392465
5,479,18,3,0.9671764705882353,0.9853141945906267
6,473,23,4,0.9627058823529412,0.9827256569956294
7,466,29,5,0.9591764705882353,0.9805342074134767
8,459,35,6,0.9536470588235294,0.977185714556523
9,451,42,7,0.953764705882353,0.9768041029912559
10,442,49,9,0.9489411764705883,0.9735496340353671
11,430,57,13,0.9483529411764706,0.9723967131382827
12,417,67,16,0.9401176470588235,0.9664895041896368
13,406,74,20,0.9414117647058824,0.9663192009484741
14,392,85,23,0.9421176470588235,0.9654589556807669
15,378,97,25,0.9381176470588235,0.9614699910987857
16,361,108,31,0.9511764705882353,0.9686481693862471
17,350,112,38,0.9581176470588235,0.9725621185129185
18,332,127,41,0.9382352941176471,0.9559458167573789
19,320,136,44,0.9248235294117647,0.9436986923583496
20,309,142,49,0.9164705882352941,0.9348249792647936
21,289,159,52,0.9036470588235294,0.9189302148209366
22,267,175,58,0.8908235294117647,0.9000046541782923
23,243,193,64,0.8812941176470588,0.8800320404506168
24,219,213,68,0.8889411764705882,0.8753591664514055
25,202,220,78,0.8932941176470588,0.8700563319106908
26,180,232,88,0.8894117647058823,0.8484722122560895
27,153,251,96,0.8924705882352941,0.8263024589677089
28,129,264,107,0.9034117647058824,0.8147726882566392
29,108,270,122,0.9131764705882353,0.8009718160315685
30,89,278,133,0.912235294117647,0.7554596495990048
31,62,296,142,0.9272941176470588,0.7087677638177395
32,46,305,149,0.9429411764705883,0.6916155400987081
33,34,307,159,0.9564705882352941,0.6816238201986832
34,30,300,170,0.9614117647058823,0.6801206633432831
35,24,289,187,0.9655294117647059,0.6425272885269818
36,15,289,196,0.9772941176470589,0.6231163302884991
37,5,287,208,0.9925882352941177,0.6309789969167453
38,4,274,222,0.994,0.6265562469383569
39,2,264,234,0.9969411764705882,0.6191849969743762
40,2,256,242,0.9969411764705882,0.6191849969743762
41,2,247,251,0.9969411764705882,0.6191849969743762
42,1,238,261,0.9984705882352941,0.6191849969743762
43,0,231,269,1.0,
44,0,223,277,1.0,
45,0,220,280,1.0,
46,0,209,291,1.0,
47,0,198,302,1.0,
48,0,189,311,1.0,
49,0,180,320,1.0,
50,0,171,329,1.0,
51,0,166,334,1.0,
52,0,158,342,1.0,
53,0,155,345,1.0,
54,0,145,355,1.0,
55,0,140,360,1.0,
56,0,130,370,1.0,
57,0,126,374,1.0,
58,0,122,378,1.0,
59,0,119,381,1.0,
60,0,114,386,1.0,
61,0,109,391,1.0,
62,0,102,398,1.0,
63,0,98,402,1.0,
64,0,91,409,1.0,
65,0,85,415,1.0,
66,0,80,420,1.0,
67,0,76,424,1.0,
68,0,72,428,1.0,
69,0,68,432,1.0,
70,0,67,433,1.0,
71,0,61,439,1.0,
72,0,60,440,1.0,
73,0,59,441,1.0,
74,0,57,443,1.0,
75,0,53,447,1.0,
76,0,49,451,1.0,
77,0,46,454,1.0,
78,0,40,460,1.0,
79,0,38,462,1.0,
80,0,38,462,1.0,
81,0,38,462,1.0,
82,0,38,462,1.0,
83,0,37,463,1.0,
84,0,36,464,1.0,
85,0,34,466,1.0,
86,0,33,467,1.0,
87,0,32,468,1.0,
88,0,32,468,1.0,
89,0,31,469,1.0,
90,0,31,469,1.0,
91,0,27,473,1.0,
92,0,26,474,1.0,
93,0,26,474,1.0,
94,0,24,476,1.0,
95,0,21,479,1.0,
96,0,21,479,1.0,
97,0,21,479,1.0,
98,0,21,479,1.0,
99,0,20,480,1.0,
100,0,18,482,1.0,
101,0,17,483,1.0,
102,0,17,483,1.0,
103,0,15,485,1.0,
104,0,15,485,1.0,
105,0,15,485,1.0,
106,0,14,486,1.0,
107,0,14,486,1.0,
108,0,14,486,1.0,
109,0,14,486,1.0,
110,0,14,486,1.0,
111,0,13,487,1.0,
112,0,13,487,1.0,
113,0,13,487,1.0,
114,0,13,487,1.0,
115,0,13,487,1.0,
116,0,12,488,1.0,
117,0,12,488,1.0,
118,0,12,488,1.0,
119,0,12,488,1.0,
120,0,11,489,1.0,
121,0,10,490,1.0,
122,0,9,491,1.0,
123,0,9,491,1.0,
124,0,9,491,1.0,
125,0,9,491,1.0,
126,0,8,492,1.0,
127,0,8,492,1.0,
128,0,8,492,1.0,
129,0,8,492,1.0,
130,0,8,492,1.0,
131,0,8,492,1.0,
132,0,8,492,1.0,
133,0,8,492,1.0,
134,0,8,492,1.0,
135,0,8,492,1.0,
136,0,8,492,1.0,
137,0,8,492,1.0,
138,0,7,493,1.0,
139,0,7,493,1.0,
140,0,7,493,1.0,
141,0,7,493,1.0,
142,0,6,494,1.0,
143,0,6,494,1.0,
144,0,6,494,1.0,
145,0,5,495,1.0,
146,0,5,495,1.0,
147,0,5,495,1.0,
148,0,5,495,1.0,
149,0,5,495,1.0,
150,0,5,495,1.0,
151,0,5,495,1.0,
152,0,5,495,1.0,
153,0,5,495,1.0,
154,0,5,495,1.0,
155,0,5,495,1.0,
156,0,5,495,1.0,
157,0,5,495,1.0,
158,0,5,495,1.0,
159,0,5,495,1.0,
160,0,5,495,1.0,
161,0,4,496,1.0,
162,0,3,497,1.0,
163,0,3,497,1.0,
164,0,3,497,1.0,
165,0,3,497,1.0,
166,0,3,497,1.0,
167,0,3,497,1.0,
168,0,3,497,1.0,
169,0,3,497,1.0,
170,0,3,497,1.0,
171,0,3,497,1.0,
172,0,3,497,1.0,
173,0,2,498,1.0,
174,0,2,498,1.0,
175,0,2,498,1.0,
176,0,2,498,1.0,
177,0,2,498,1.0,
178,0,2,498,1.0,
179,0,2,498,1.0,
180,0,2,498,1.0,
181,0,2,498,1.0,
182,0,2,498,1.0,
183,0,2,498,1.0,
184,0,2,498,1.0,
185,0,2,498,1.0,
186,0,2,498,1.0,
187,0,1,499,1.0,
188,0,1,499,1.0,
189,0,1,499,1.0,
190,0,1,499,1.0,
191,0,1,499,1.0,
192,0,1,499,1.0,
193,0,1,499,1.0,
194,0,1,499,1.0,
195,0,0,500,1.0,
196,0,0,500,1.0,
197,0,0,500,1.0,
198,0,0,500,1.0,
199,0,0,500,1.0,
200,0,0,500,1.0,
1,496,4,0,0.9927058823529412,1.0
2,494,5,1,0.9905882352941177,0.9989076103940874
3,491,8,1,0.9847058823529412,0.9958756835301797
4,487,12,1,0.9765882352941176,0.9916270085777498
5,478,21,1,0.9588235294117647,0.982079612307636
6,474,25,1,0.9492941176470588,0.9768526356616742
7,470,27,3,0.9503529411764706,0.9771857062360325
8,465,30,5,0.9467058823529412,0.9749307673495411
9,453,39,8,0.9331764705882353,0.9666767854275695
10,438,50,12,0.9276470588235294,0.9622433066238635
11,423,64,13,0.924235294117647,0.958747471005269
12,401,84,15,0.9198823529411765,0.95351487790924
13,381,99,20,0.9288235294117647,0.9567906956827696
14,363,113,24,0.9244705882352942,0.9514484672752019
15,344,128,28,0.9218823529411765,0.9466545876712015
16,330,135,35,0.9188235294117647,0.9418982081641324
17,318,139,43,0.928235294117647,0.9469844849310269
18,307,143,50,0.9303529411764706,0.9466806006354551
19,296,147,57,0.9358823529411765,0.9492432998812832
20,279,158,63,0.9327058823529412,0.9430625282318027
21,264,167,69,0.934,0.940891253376999
22,250,173,77,0.9301176470588235,0.9334672999590959
23,228,190,82,0.9352941176470588,0.9324430067107815
24,203,205,92,0.9227058823529412,0.9081567244503101
25,182,219,99,0.9194117647058824,0.8925917603878265
26,165,225,110,0.9096470588235294,0.8663106692945035
27,150,230,120,0.9048235294117647,0.8445259803694738
28,125,238,137,0.8984705882352941,0.7999871810740284
29,104,252,144,0.8881176470588236,0.7339075722642382
30,76,267,157,0.8985882352941177,0.6690165232075107
31,61,264,175,0.9115294117647059,0.6399375340447265
32,37,272,191,0.9443529411764706,0.626292516268486
33,22,278,200,0.967764705882353,0.6359597657679837
34,12,276,212,0.9827058823529412,0.6429802766173016
35,5,269,226,0.9924705882352941,0.6280233239649009
36,4,261,235,0.9938823529411764,0.6226674978741447
37,4,250,246,0.9941176470588236,0.6372167892230495
38,3,237,260,0.9954117647058823,0.619926327040293
39,2,230,268,0.9969411764705882,0.619926327040293
40,1,221,278,0.9984705882352941,0.619926327040293
41,0,215,285,1.0,
42,0,206,294,1.0,
43,0,201,299,1.0,
44,0,194,306,1.0,
45,0,187,313,1.0,
46,0,174,326,1.0,
47,0,164,336,1.0,
48,0,157,343,1.0,
49,0,149,351,1.0,
50,0,139,361,1.0,
51,0,138,362,1.0,
52,0,137,363,1.0,
53,0,133,367,1.0,
54,0,123,377,1.0,
55,0,117,383,1.0,
56,0,111,389,1.0,
57,0,107,393,1.0,
58,0,102,398,1.0,
59,0,98,402,1.0,
60,0,90,410,1.0,
61,0,86,414,1.0,
62,0,83,417,1.0,
63,0,83,417,1.0,
64,0,79,421,1.0,
65,0,77,423,1.0,
66,0,75,425,1.0,
67,0,73,427,1.0,
68,0,71,429,1.0,
69,0,68,432,1.0,
70,0,65,435,1.0,
71,0,62,438,1.0,
72,0,62,438,1.0,
73,0,57,443,1.0,
74,0,56,444,1.0,
75,0,55,445,1.0,
76,0,51,449,1.0,
77,0,50,450,1.0,
78,0,49,451,1.0,
79,0,47,453,1.0,
80,0,45,455,1.0,
81,0,43,457,1.0,
82,0,42,458,1.0,
83,0,42,458,1.0,
84,0,40,460,1.0,
85,0,40,460,1.0,
86,0,39,461,1.0,
87,0,37,463,1.0,
88,0,36,464,1.0,
89,0,34,466,1.0,
90,0,32,468,1.0,
91,0,29,471,1.0,
92,0,27,473,1.0,
93,0,27,473,1.0,
94,0,27,473,1.0,
95,0,26,474,1.0,
96,0,22,478,1.0,
97,0,22,478,1.0,
98,0,20,480,1.0,
99,0,19,481,1.0,
100,0,19,481,1.0,
101,0,18,482,1.0,
102,0,17,483,1.0,
103,0,17,483,1.0,
104,0,16,484,1.0,
105,0,16,484,1.0,
106,0,16,484,1.0,
107,0,16,484,1.0,
108,0,16,484,1.0,
109,0,16,484,1.0,
110,0,15,485,1.0,
111,0,15,485,1.0,
112,0,14,486,1.0,
113,0,14,486,1.0,
114,0,14,486,1.0,
115,0,14,486,1.0,
116,0,13,487,1.0,
117,0,11,489,1.0,
118,0,11,489,1.0,
119,0,11,489,1.0,
120,0,10,490,1.0,
121,0,10,490,1.0,
122,0,10,490,1.0,
123,0,10,490,1.0,
124,0,10,490,1.0,
125,0,10,490,1.0,
126,0,10,490,1.0,
127,0,10,490,1.0,
128,0,10,490,1.0,
129,0,9,491,1.0,
130,0,9,491,1.0,
131,0,9,491,1.0,
132,0,9,491,1.0,
133,0,8,492,1.0,
134,0,8,492,1.0,
135,0,7,493,1.0,
136,0,7,493,1.0,
137,0,6,494,1.0,
138,0,6,494,1.0,
139,0,6,494,1.0,
140,0,4,496,1.0,
141,0,4,496,1.0,
142,0,3,497,1.0,
143,0,3,497,1.0,
144,0,3,497,1.0,
145,0,3,497,1.0,
146,0,3,497,1.0,
147,0,3,497,1.0,
148,0,3,497,1.0,
149,0,3,497,1.0,
150,0,3,497,1.0,
151,0,3,497,1.0,
152,0,3,497,1.0,
153,0,3,497,1.0,
154,0,3,497,1.0,
155,0,3,497,1.0,
156,0,3,497,1.0,
157,0,3,497,1.0,
158,0,3,497,1.0,
159,0,2,498,1.0,
160,0,2,498,1.0,
161,0,2,498,1.0,
162,0,2,498,1.0,
163,0,2,498,1.0,
164,0,2,498,1.0,
165,0,2,498,1.0,
166,0,2,498,1.0,
167,0,2,498,1.0,
168,0,2,498,1.0,
169,0,2,498,1.0,
170,0,2,498,1.0,
171,0,2,498,1.0,
172,0,2,498,1.0,
173,0,2,498,1.0,
174,0,2,498,1.0,
175,0,2,498,1.0,
176,0,2,498,1.0,
177,0,2,498,1.0,
178,0,2,498,1.0,
179,0,2,498,1.0,
180,0,2,498,1.0,
181,0,2,498,1.0,
182,0,2,498,1.0,
183,0,2,498,1.0,
184,0,2,498,1.0,
185,0,2,498,1.0,
186,0,2,498,1.0,
187,0,2,498,1.0,
188,0,2,498,1.0,
189,0,2,498,1.0,
190,0,2,498,1.0,
191,0,2,498,1.0,
192,0,2,498,1.0,
193,0,2,498,1.0,
194,0,2,498,1.0,
195,0,2,498,1.0,
196,0,2,498,1.0,
197,0,2,498,1.0,
198,0,2,498,1.0,
199,0,2,498,1.0,
200,0,2,498,1.0,
1,497,3,0,0.9943529411764706,1.0
2,494,6,0,0.9875294117647059,0.9965213661865231
3,491,9,0,0.9808235294117648,0.993054938904782
4,488,12,0,0.9752941176470589,0.9901502039414429
5,483,17,0,0.968,0.9862233191341693
6,476,24,0,0.9541176470588235,0.9786609518368987
7,465,34,1,0.9384705882352942,0.9696460923971213
8,457,41,2,0.9334117647058824,0.9662834824489791
9,445,48,7,0.9385882352941176,0.9682077284699763
10,429,61,10,0.9414117647058824,0.9685883013069416
11,413,77,10,0.945764705882353,0.9699075627050278
12,403,81,16,0.9541176470588235,0.9742882994928558
13,386,94,20,0.9581176470588235,0.9756432003496162
14,377,96,27,0.9602352941176471,0.9764020085784131
15,370,101,29,0.9623529411764706,0.9773341693460388
16,361,104,35,0.9604705882352941,0.9753907919458606
17,349,108,43,0.9645882352941176,0.9773995659622247
18,341,112,47,0.962,0.9748917176323042
19,335,113,52,0.9688235294117648,0.979492352105134
20,326,112,62,0.9696470588235294,0.9795055615226375
21,324,110,66,0.9711764705882353,0.9805449316774737
22,319,109,72,0.9636470588235294,0.9742803828730361
23,308,117,75,0.9575294117647059,0.968283055223708
24,298,123,79,0.9501176470588235,0.9608901558150158
25,287,128,85,0.9464705882352941,0.9560960595940692
26,280,132,88,0.9418823529411765,0.9508217632021785
27,270,139,91,0.9382352941176471,0.9455110578252021
28,252,151,97,0.9448235294117647,0.9479293428848324
29,241,158,101,0.9432941176470588,0.94382418817377
30,225,167,108,0.9401176470588235,0.9360832267282119
31,209,175,116,0.9383529411764706,0.928850570647626
32,195,184,121,0.928,0.9103039488701209
33,180,193,127,0.9224705882352942,0.8949183646554563
34,164,201,135,0.9275294117647059,0.892142722732865
35,150,203,147,0.9271764705882353,0.8812314935707221
36,139,201,160,0.9321176470588235,0.8804463161599125
37,125,208,167,0.9283529411764706,0.8592062095135332
38,110,213,177,0.926235294117647,0.8348298992078867
39,93,220,187,0.916,0.7764489423767688
40,83,221,196,0.9234117647058824,0.7715911306407178
41,69,228,203,0.9252941176470588,0.7313608175680167
42,49,237,214,0.9387058823529412,0.68922126001736
43,35,230,235,0.9527058823529412,0.6641033206160802
44,28,219,253,0.9596470588235294,0.641536398319781
45,19,217,264,0.9716470588235294,0.6287330086749107
46,10,222,268,0.9849411764705882,0.62515496807841
47,6,216,278,0.9910588235294118,0.6273018013967568
48,4,204,292,0.994,0.6238755507598237
49,3,197,300,0.9954117647058823,0.6155333752959865
50,1,189,310,0.9984705882352941,0.6194065281899109
51,1,183,316,0.9984705882352941,0.6194065281899109
52,1,178,321,0.9984705882352941,0.6194065281899109
53,1,170,329,0.9984705882352941,0.6194065281899109
54,1,164,335,0.9984705882352941,0.6194065281899109
55,1,159,340,0.9984705882352941,0.6194065281899109
56,1,153,346,0.9984705882352941,0.6194065281899109
57,1,146,353,0.9985882352941177,0.6489020771513353
58,1,140,359,0.9985882352941177,0.6489020771513353
59,1,135,364,0.9988235294117647,0.7078931750741839
60,1,129,370,0.9988235294117647,0.7078931750741839
61,1,124,375,0.9989411764705882,0.7373887240356083
62,1,116,383,0.9990588235294118,0.7668842729970325
63,0,114,386,1.0,
64,0,111,389,1.0,
65,0,102,398,1.0,
66,0,98,402,1.0,
67,0,96,404,1.0,
68,0,94,406,1.0,
69,0,90,410,1.0,
70,0,88,412,1.0,
71,0,83,417,1.0,
72,0,79,421,1.0,
73,0,75,425,1.0,
74,0,71,429,1.0,
75,0,69,431,1.0,
76,0,67,433,1.0,
77,0,66,434,1.0,
78,0,64,436,1.0,
79,0,63,437,1.0,
80,0,61,439,1.0,
81,0,60,440,1.0,
82,0,60,440,1.0,
83,0,56,444,1.0,
84,0,55,445,1.0,
85,0,53,447,1.0,
86,0,50,450,1.0,
87,0,49,451,1.0,
88,0,47,453,1.0,
89,0,46,454,1.0,
90,0,46,454,1.0,
91,0,46,454,1.0,
92,0,44,456,1.0,
93,0,44,456,1.0,
94,0,42,458,1.0,
95,0,40,460,1.0,
96,0,39,461,1.0,
97,0,38,462,1.0,
98,0,37,463,1.0,
99,0,37,463,1.0,
100,0,37,463,1.0,
101,0,35,465,1.0,
102,0,35,465,1.0,
103,0,33,467,1.0,
104,0,33,467,1.0,
105,0,32,468,1.0,
106,0,29,471,1.0,
107,0,29,471,1.0,
108,0,28,472,1.0,
109,0,27,473,1.0,
110,0,27,473,1.0,
111,0,25,475,1.0,
112,0,24,476,1.0,
113,0,22,478,1.0,
114,0,22,478,1.0,
115,0,22,478,1.0,
116,0,21,479,1.0,
117,0,20,480,1.0,
118,0,19,481,1.0,
119,0,17,483,1.0,
120,0,17,483,1.0,
121,0,17,483,1.0,
122,0,16,484,1.0,
123,0,15,485,1.0,
124,0,15,485,1.0,
125,0,15,485,1.0,
126,0,13,487,1.0,
127,0,12,488,1.0,
128,0,11,489,1.0,
129,0,11,489,1.0,
130,0,11,489,1.0,
131,0,10,490,1.0,
132,0,9,491,1.0,
133,0,9,491,1.0,
134,0,9,491,1.0,
135,0,8,492,1.0,
136,0,8,492,1.0,
137,0,8,492,1.0,
138,0,7,493,1.0,
139,0,7,493,1.0,
140,0,7,493,1.0,
141,0,7,493,1.0,
142,0,7,493,1.0,
143,0,6,494,1.0,
144,0,6,494,1.0,
145,0,6,494,1.0,
146,0,6,494,1.0,
147,0,6,494,1.0,
148,0,6,494,1.0,
149,0,6,494,1.0,
150,0,6,494,1.0,
151,0,6,494,1.0,
152,0,6,494,1.0,
153,0,5,495,1.0,
154,0,5,495,1.0,
155,0,5,495,1.0,
156,0,5,495,1.0,
157,0,4,496,1.0,
158,0,4,496,1.0,
159,0,4,496,1.0,
160,0,4,496,1.0,
161,0,4,496,1.0,
162,0,4,496,1.0,
163,0,4,496,1.0,
164,0,4,496,1.0,
165,0,4,496,1.0,
166,0,4,496,1.0,
167,0,4,496,1.0,
168,0,4,496,1.0,
169,0,4,496,1.0,
170,0,4,496,1.0,
171,0,3,497,1.0,
172,0,3,497,1.0,
173,0,3,497,1.0,
174,0,3,497,1.0,
175,0,3,497,1.0,
176,0,3,497,1.0,
177,0,3,497,1.0,
178,0,3,497,1.0,
179,0,3,497,1.0,
180,0,3,497,1.0,
181,0,3,497,1.0,
182,0,2,498,1.0,
183,0,2,498,1.0,
184,0,2,498,1.0,
185,0,2,498,1.0,
186,0,2,498,1.0,
187,0,2,498,1.0,
188,0,2,498,1.0,
189,0,2,498,1.0,
190,0,2,498,1.0,
191,0,2,498,1.0,
192,0,2,498,1.0,
193,0,2,498,1.0,
194,0,2,498,1.0,
195,0,1,499,1.0,
196,0,1,499,1.0,
197,0,1,499,1.0,
198,0,1,499,1.0,
199,0,1,499,1.0,
200,0,1,499,1.0,
1,498,2,0,0.9974117647058823,1.0
2,496,4,0,0.9925882352941177,0.9975620839290359
3,492,8,0,0.9849411764705882,0.9936390330648469
4,486,13,1,0.9715294117647059,0.9866397994834601
5,483,13,4,0.9748235294117648,0.9882578394756071
6,479,17,4,0.9669411764705882,0.9840312755695781
7,471,23,6,0.9571764705882353,0.978544486875443
8,465,28,7,0.9521176470588235,0.9755329733106834
9,450,42,8,0.9384705882352942,0.9670955205095386
10,439,53,8,0.9375294117647058,0.9657112712677677
11,431,60,9,0.9372941176470588,0.9649159977885133
12,423,66,11,0.939764705882353,0.96570671042121
13,406,80,14,0.9289411764705883,0.9575510240314681
14,399,82,19,0.9337647058823529,0.959761195214304
15,383,95,22,0.93,0.9555628853817097
16,373,102,25,0.928,0.9529671398984904
17,355,115,30,0.9255294117647059,0.9487692116058444
18,336,131,33,0.9158823529411765,0.9386109548705373
19,320,136,44,0.9207058823529412,0.9392468674164153
20,306,145,49,0.9204705882352942,0.9362177995464773
21,290,155,55,0.910235294117647,0.9237884965211608
22,277,164,59,0.9174117647058824,0.9266392170103294
23,259,176,65,0.9170588235294118,0.9211089711891433
24,242,187,71,0.9214117647058824,0.9199815037106759
25,221,203,76,0.9235294117647059,0.9146392679306915
26,203,211,86,0.9196470588235294,0.9021369175881505
27,189,217,94,0.9214117647058824,0.8971946905480852
28,174,224,102,0.9255294117647059,0.8941895742854326
29,162,226,112,0.934,0.8992820714436459
30,149,231,120,0.9354117647058824,0.8927410698570021
31,136,231,133,0.9347058823529412,0.8810583531660487
32,121,233,146,0.946,0.8894882206205775
33,107,236,157,0.9568235294117647,0.9002042778318908
34,96,237,167,0.9612941176470589,0.9002772241303773
35,87,238,175,0.9585882352941176,0.8820597933295741
36,79,238,183,0.9610588235294117,0.8779489388753663
37,71,238,191,0.958,0.8532658054653514
38,63,239,198,0.9551764705882353,0.8232480503001295
39,57,236,207,0.9541176470588235,0.7998549205953026
40,52,232,216,0.9530588235294117,0.7753700128622196
41,44,224,232,0.9536470588235294,0.737656511185506
42,34,228,238,0.9627058823529412,0.726485330798996
43,28,222,250,0.9678823529411764,0.7141620103708535
44,23,220,257,0.9708235294117648,0.6837517051331882
45,18,211,271,0.9768235294117648,0.6789856455988641
46,13,214,273,0.9810588235294118,0.6365726404891668
47,11,207,282,0.9841176470588235,0.6398677431251509
48,10,198,292,0.9852941176470589,0.6331745658958081
49,5,195,300,0.9923529411764705,0.6184495759912546
50,3,189,308,0.9954117647058823,0.6184495759912546
51,0,184,316,1.0,
52,0,176,324,1.0,
53,0,171,329,1.0,
54,0,163,337,1.0,
55,0,159,341,1.0,
56,0,149,351,1.0,
57,0,147,353,1.0,
58,0,139,361,1.0,
59,0,132,368,1.0,
60,0,129,371,1.0,
61,0,126,374,1.0,
62,0,124,376,1.0,
63,0,117,383,1.0,
64,0,113,387,1.0,
65,0,108,392,1.0,
66,0,104,396,1.0,
67,0,101,399,1.0,
68,0,95,405,1.0,
69,0,90,410,1.0,
70,0,84,416,1.0,
71,0,82,418,1.0,
72,0,79,421,1.0,
73,0,77,423,1.0,
74,0,76,424,1.0,
75,0,74,426,1.0,
76,0,71,429,1.0,
77,0,66,434,1.0,
78,0,64,436,1.0,
79,0,64,436,1.0,
80,0,63,437,1.0,
81,0,62,438,1.0,
82,0,61,439,1.0,
83,0,57,443,1.0,
84,0,54,446,1.0,
85,0,53,447,1.0,
86,0,52,448,1.0,
87,0,51,449,1.0,
88,0,48,452,1.0,
89,0,48,452,1.0,
90,0,47,453,1.0,
91,0,46,454,1.0,
92,0,42,458,1.0,
93,0,42,458,1.0,
94,0,40,460,1.0,
95,0,37,463,1.0,
96,0,33,467,1.0,
97,0,30,470,1.0,
98,0,28,472,1.0,
99,0,25,475,1.0,
100,0,23,477,1.0,
101,0,22,478,1.0,
102,0,22,478,1.0,
103,0,21,479,1.0,
104,0,20,480,1.0,
105,0,19,481,1.0,
106,0,17,483,1.0,
107,0,16,484,1.0,
108,0,16,484,1.0,
109,0,16,484,1.0,
110,0,16,484,1.0,
111,0,16,484,1.0,
112,0,15,485,1.0,
113,0,14,486,1.0,
114,0,14,486,1.0,
115,0,11,489,1.0,
116,0,10,490,1.0,
117,0,10,490,1.0,
118,0,10,490,1.0,
119,0,10,490,1.0,
120,0,9,491,1.0,
121,0,9,491,1.0,
122,0,9,491,1.0,
123,0,9,491,1.0,
124,0,8,492,1.0,
125,0,6,494,1.0,
126,0,6,494,1.0,
127,0,6,494,1.0,
128,0,5,495,1.0,
129,0,4,496,1.0,
130,0,4,496,1.0,
131,0,4,496,1.0,
132,0,4,496,1.0,
133,0,4,496,1.0,
134,0,3,497,1.0,
135,0,3,497,1.0,
136,0,3,497,1.0,
137,0,2,498,1.0,
138,0,2,498,1.0,
139,0,2,498,1.0,
140,0,2,498,1.0,
141,0,2,498,1.0,
142,0,2,498,1.0,
143,0,2,498,1.0,
144,0,2,498,1.0,
145,0,2,498,1.0,
146,0,2,498,1.0,
147,0,2,498,1.0,
148,0,2,498,1.0,
149,0,2,498,1.0,
150,0,1,499,1.0,
151,0,1,499,1.0,
152,0,1,499,1.0,
153,0,1,499,1.0,
154,0,1,499,1.0,
155,0,1,499,1.0,
156,0,1,499,1.0,
157,0,1,499,1.0,
158,0,1,499,1.0,
159,0,1,499,1.0,
160,0,1,499,1.0,
161,0,1,499,1.0,
162,0,0,500,1.0,
163,0,0,500,1.0,
164,0,0,500,1.0,
165,0,0,500,1.0,
166,0,0,500,1.0,
167,0,0,500,1.0,
168,0,0,500,1.0,
169,0,0,500,1.0,
170,0,0,500,1.0,
171,0,0,500,1.0,
172,0,0,500,1.0,
173,0,0,500,1.0,
174,0,0,500,1.0,
175,0,0,500,1.0,
176,0,0,500,1.0,
177,0,0,500,1.0,
178,0,0,500,1.0,
179,0,0,500,1.0,
180,0,0,500,1.0,
181,0,0,500,1.0,
182,0,0,500,1.0,
183,0,0,500,1.0,
184,0,0,500,1.0,
185,0,0,500,1.0,
186,0,0,500,1.0,
187,0,0,500,1.0,
188,0,0,500,1.0,
189,0,0,500,1.0,
190,0,0,500,1.0,
191,0,0,500,1.0,
192,0,0,500,1.0,
193,0,0,500,1.0,
194,0,0,500,1.0,
195,0,0,500,1.0,
196,0,0,500,1.0,
197,0,0,500,1.0,
198,0,0,500,1.0,
199,0,0,500,1.0,
200,0,0,500,1.0,
1,499,1,0,1.0,1.0
2,496,3,1,0.9938823529411764,0.9969165085388995
3,494,5,1,0.9908235294117647,0.9953560371517028
4,491,8,1,0.9841176470588235,0.99191326224991
5,487,12,1,0.9747058823529412,0.987015130861006
6,483,15,2,0.9705882352941176,0.9847726178745543
7,473,24,3,0.9532941176470588,0.975311377674268
8,462,34,4,0.9418823529411765,0.9685480252707144
9,452,41,7,0.936,0.9645886995184236
10,444,48,8,0.9338823529411765,0.9627353480294657
11,428,61,11,0.9254117647058824,0.9564130070039911
12,414,72,14,0.9227058823529412,0.9533046947369198
13,396,88,16,0.9252941176470588,0.9528114092285215
14,380,98,22,0.9349411764705883,0.9571840698001689
15,363,112,25,0.9344705882352942,0.9548499089092186
16,350,117,33,0.9375294117647058,0.9553523955036559
17,337,125,38,0.9258823529411765,0.9449927799552517
18,326,127,47,0.9191764705882353,0.9379941602965781
19,313,137,50,0.9201176470588235,0.9361675660679608
20,296,147,57,0.9204705882352942,0.9327964232375997
21,289,149,62,0.9221176470588235,0.9326364455816929
22,274,159,67,0.9274117647058824,0.9337821259890818
23,262,167,71,0.9248235294117647,0.9282629359863307
24,244,176,80,0.9169411764705883,0.9148796478352892
25,225,189,86,0.9092941176470588,0.8992138754491696
26,209,198,93,0.906,0.887561392543098
27,190,212,98,0.9097647058823529,0.8812614423759936
28,164,231,105,0.9176470588235294,0.8744307700907414
29,154,231,115,0.9143529411764706,0.8608352431881843
30,134,243,123,0.9305882352941176,0.8704139729161677
31,120,251,129,0.9369411764705883,0.8685308972073678
32,109,251,140,0.9382352941176471,0.8582315328132922
33,95,248,157,0.9489411764705883,0.8656346749226006
34,86,247,167,0.9530588235294117,0.8635430916552665
35,75,245,180,0.9472941176470588,0.824313725490196
36,67,244,189,0.9462352941176471,0.7993854258121159
37,52,240,208,0.9492941176470588,0.7562217194570136
38,43,239,218,0.9488235294117647,0.7024623803009576
39,36,237,227,0.9529411764705882,0.6732026143790849
40,26,230,244,0.9634117647058823,0.6481900452488689
41,21,222,257,0.9694117647058823,0.6358543417366946
42,14,225,261,0.9788235294117648,0.6218487394957981
43,9,227,264,0.9869411764705882,0.6372549019607843
44,6,220,274,0.9915294117647059,0.6470588235294118
45,4,213,283,0.9944705882352941,0.6544117647058824
46,3,209,288,0.9954117647058823,0.6176470588235294
47,2,202,296,0.9969411764705882,0.6176470588235294
48,2,185,313,0.9969411764705882,0.6176470588235294
49,2,182,316,0.9969411764705882,0.6176470588235294
50,2,176,322,0.9970588235294118,0.6323529411764706
51,2,170,328,0.9970588235294118,0.6323529411764706
52,2,158,340,0.9970588235294118,0.6323529411764706
53,1,153,346,0.9984705882352941,0.6176470588235294
54,1,149,350,0.9985882352941177,0.6470588235294118
55,0,144,356,1.0,
56,0,141,359,1.0,
57,0,140,360,1.0,
58,0,136,364,1.0,
59,0,129,371,1.0,
60,0,127,373,1.0,
61,0,125,375,1.0,
62,0,121,379,1.0,
63,0,121,379,1.0,
64,0,119,381,1.0,
65,0,115,385,1.0,
66,0,108,392,1.0,
67,0,103,397,1.0,
68,0,98,402,1.0,
69,0,95,405,1.0,
70,0,87,413,1.0,
71,0,85,415,1.0,
72,0,84,416,1.0,
73,0,78,422,1.0,
74,0,74,426,1.0,
75,0,74,426,1.0,
76,0,73,427,1.0,
77,0,70,430,1.0,
78,0,70,430,1.0,
79,0,64,436,1.0,
80,0,61,439,1.0,
81,0,58,442,1.0,
82,0,55,445,1.0,
83,0,55,445,1.0,
84,0,53,447,1.0,
85,0,50,450,1.0,
86,0,49,451,1.0,
87,0,46,454,1.0,
88,0,42,458,1.0,
89,0,41,459,1.0,
90,0,41,459,1.0,
91,0,40,460,1.0,
92,0,39,461,1.0,
93,0,37,463,1.0,
94,0,36,464,1.0,
95,0,35,465,1.0,
96,0,33,467,1.0,
97,0,33,467,1.0,
98,0,33,467,1.0,
99,0,32,468,1.0,
100,0,29,471,1.0,
101,0,29,471,1.0,
102,0,29,471,1.0,
103,0,28,472,1.0,
104,0,26,474,1.0,
105,0,25,475,1.0,
106,0,24,476,1.0,
107,0,24,476,1.0,
108,0,22,478,1.0,
109,0,22,478,1.0,
110,0,22,478,1.0,
111,0,22,478,1.0,
112,0,20,480,1.0,
113,0,19,481,1.0,
114,0,19,481,1.0,
115,0,17,483,1.0,
116,0,16,484,1.0,
117,0,16,484,1.0,
118,0,16,484,1.0,
119,0,14,486,1.0,
120,0,14,486,1.0,
121,0,14,486,1.0,
122,0,13,487,1.0,
123,0,11,489,1.0,
124,0,10,490,1.0,
125,0,10,490,1.0,
126,0,10,490,1.0,
127,0,10,490,1.0,
128,0,10,490,1.0,
129,0,10,490,1.0,
130,0,10,490,1.0,
131,0,10,490,1.0,
132,0,10,490,1.0,
133,0,7,493,1.0,
134,0,7,493,1.0,
135,0,7,493,1.0,
136,0,6,494,1.0,
137,0,6,494,1.0,
138,0,6,494,1.0,
139,0,6,494,1.0,
140,0,6,494,1.0,
141,0,6,494,1.0,
142,0,6,494,1.0,
143,0,6,494,1.0,
144,0,6,494,1.0,
145,0,6,494,1.0,
146,0,5,495,1.0,
147,0,5,495,1.0,
148,0,5,495,1.0,
149,0,4,496,1.0,
150,0,4,496,1.0,
151,0,3,497,1.0,
152,0,3,497,1.0,
153,0,3,497,1.0,
154,0,3,497,1.0,
155,0,3,497,1.0,
156,0,3,497,1.0,
157,0,3,497,1.0,
158,0,3,497,1.0,
159,0,3,497,1.0,
160,0,3,497,1.0,
161,0,3,497,1.0,
162,0,3,497,1.0,
163,0,3,497,1.0,
164,0,3,497,1.0,
165,0,3,497,1.0,
166,0,3,497,1.0,
167,0,3,497,1.0,
168,0,3,497,1.0,
169,0,3,497,1.0,
170,0,3,497,1.0,
171,0,3,497,1.0,
172,0,2,498,1.0,
173,0,2,498,1.0,
174,0,2,498,1.0,
175,0,2,498,1.0,
176,0,2,498,1.0,
177,0,2,498,1.0,
178,0,1,499,1.0,
179,0,1,499,1.0,
180,0,1,499,1.0,
181,0,1,499,1.0,
182,0,0,500,1.0,
183,0,0,500,1.0,
184,0,0,500,1.0,
185,0,0,500,1.0,
186,0,0,500,1.0,
187,0,0,500,1.0,
188,0,0,500,1.0,
189,0,0,500,1.0,
190,0,0,500,1.0,
191,0,0,500,1.0,
192,0,0,500,1.0,
193,0,0,500,1.0,
194,0,0,500,1.0,
195,0,0,500,1.0,
196,0,0,500,1.0,
197,0,0,500,1.0,
198,0,0,500,1.0,
199,0,0,500,1.0,
200,0,0,500,1.0,
1,498,2,0,0.9971764705882353,1.0
2,496,4,0,0.9927058823529412,0.997739464539274
3,492,8,0,0.9835294117647059,0.9930380868295607
4,487,13,0,0.973764705882353,0.9879302216792818
5,481,18,1,0.9667058823529412,0.9840805270567294
6,476,20,4,0.9651764705882353,0.9830958870773082
7,469,25,6,0.9591764705882353,0.9796174771973226
8,459,34,7,0.9511764705882353,0.9747767717231182
9,449,39,12,0.9531764705882353,0.9753003565297088
10,445,40,15,0.9574117647058824,0.9774463398129334
11,436,47,17,0.96,0.9784643130787376
12,430,50,20,0.9601176470588235,0.9782063019834709
13,425,55,20,0.9616470588235294,0.9788341555424549
14,418,56,26,0.9598823529411765,0.9773988968279201
15,412,58,30,0.9590588235294117,0.976550727264235
16,405,64,31,0.9588235294117647,0.9759665365636719
17,395,73,32,0.9564705882352941,0.9738485765256103
18,387,80,33,0.9494117647058824,0.968709672764673
19,376,88,36,0.9492941176470588,0.9676930367789195
20,363,93,44,0.9515294117647058,0.967975904194254
21,353,101,46,0.9495294117647058,0.9656025190249428
22,339,107,54,0.9365882352941176,0.9545609871064817
23,329,109,62,0.9330588235294117,0.9504536009538741
24,314,119,67,0.918,0.9360120130122118
25,296,135,69,0.9043529411764706,0.9205422896851821
26,273,148,79,0.8981176470588236,0.908006704424636
27,248,169,83,0.8938823529411765,0.8943205234622515
28,229,179,92,0.8978823529411765,0.8898334538674949
29,206,194,100,0.892235294117647,0.8704740659791173
30,182,209,109,0.9078823529411765,0.8747939230516399
31,165,215,120,0.92,0.8800514027546571
32,145,228,127,0.9244705882352942,0.8710300550213603
33,128,236,136,0.9329411764705883,0.8702665660945519
34,114,244,142,0.9381176470588235,0.8656144044751976
35,101,245,154,0.9447058823529412,0.8644570665951299
36,83,256,161,0.9528235294117647,0.8591184914689728
37,76,251,173,0.9549411764705882,0.8529878006968972
38,63,249,188,0.9530588235294117,0.8148791529298846
39,55,246,199,0.9541176470588235,0.7925659231125274
40,46,247,207,0.9527058823529412,0.744020096153373
41,37,245,218,0.9569411764705882,0.7100672788148391
42,28,241,231,0.9612941176470589,0.6553395597357806
43,24,239,237,0.9663529411764706,0.650430649175962
44,19,239,242,0.9728235294117648,0.6433256470499087
45,14,239,247,0.9792941176470589,0.6311456434052459
46,8,235,257,0.9883529411764705,0.6369311451364609
47,5,231,264,0.9931764705882353,0.6597575792396173
48,2,226,272,0.9977647058823529,0.7216098522933315
49,1,216,283,0.9989411764705882,0.7363365839727872
50,1,202,297,0.9989411764705882,0.7363365839727872
51,1,192,307,0.9989411764705882,0.7363365839727872
52,1,185,314,0.9990588235294118,0.7657900473316986
53,1,177,322,0.9990588235294118,0.7657900473316986
54,1,170,329,0.9990588235294118,0.7657900473316986
55,1,163,336,0.9990588235294118,0.7657900473316986
56,0,158,342,1.0,
57,0,153,347,1.0,
58,0,149,351,1.0,
59,0,141,359,1.0,
60,0,138,362,1.0,
61,0,135,365,1.0,
62,0,131,369,1.0,
63,0,126,374,1.0,
64,0,123,377,1.0,
65,0,117,383,1.0,
66,0,111,389,1.0,
67,0,108,392,1.0,
68,0,106,394,1.0,
69,0,103,397,1.0,
70,0,100,400,1.0,
71,0,92,408,1.0,
72,0,86,414,1.0,
73,0,83,417,1.0,
74,0,77,423,1.0,
75,0,75,425,1.0,
76,0,73,427,1.0,
77,0,70,430,1.0,
78,0,67,433,1.0,
79,0,65,435,1.0,
80,0,60,440,1.0,
81,0,54,446,1.0,
82,0,53,447,1.0,
83,0,50,450,1.0,
84,0,48,452,1.0,
85,0,48,452,1.0,
86,0,43,457,1.0,
87,0,40,460,1.0,
88,0,38,462,1.0,
89,0,37,463,1.0,
90,0,31,469,1.0,
91,0,29,471,1.0,
92,0,26,474,1.0,
93,0,25,475,1.0,
94,0,25,475,1.0,
95,0,23,477,1.0,
96,0,21,479,1.0,
97,0,21,479,1.0,
98,0,20,480,1.0,
99,0,20,480,1.0,
100,0,19,481,1.0,
101,0,17,483,1.0,
102,0,16,484,1.0,
103,0,15,485,1.0,
104,0,11,489,1.0,
105,0,9,491,1.0,
106,0,9,491,1.0,
107,0,9,491,1.0,
108,0,9,491,1.0,
109,0,8,492,1.0,
110,0,7,493,1.0,
111,0,7,493,1.0,
112,0,7,493,1.0,
113,0,7,493,1.0,
114,0,7,493,1.0,
115,0,7,493,1.0,
116,0,6,494,1.0,
117,0,6,494,1.0,
118,0,6,494,1.0,
119,0,6,494,1.0,
120,0,6,494,1.0,
121,0,5,495,1.0,
122,0,5,495,1.0,
123,0,5,495,1.0,
124,0,5,495,1.0,
125,0,5,495,1.0,
126,0,5,495,1.0,
127,0,5,495,1.0,
128,0,5,495,1.0,
129,0,5,495,1.0,
130,0,5,495,1.0,
131,0,5,495,1.0,
132,0,5,495,1.0,
133,0,5,495,1.0,
134,0,4,496,1.0,
135,0,4,496,1.0,
136,0,4,496,1.0,
137,0,4,496,1.0,
138,0,4,496,1.0,
139,0,4,496,1.0,
140,0,4,496,1.0,
141,0,4,496,1.0,
142,0,4,496,1.0,
143,0,4,496,1.0,
144,0,4,496,1.0,
145,0,4,496,1.0,
146,0,4,496,1.0,
147,0,4,496,1.0,
148,0,3,497,1.0,
149,0,3,497,1.0,
150,0,2,498,1.0,
151,0,2,498,1.0,
152,0,2,498,1.0,
153,0,2,498,1.0,
154,0,2,498,1.0,
155,0,2,498,1.0,
156,0,2,498,1.0,
157,0,2,498,1.0,
158,0,1,499,1.0,
159,0,1,499,1.0,
160,0,1,499,1.0,
161,0,1,499,1.0,
162,0,1,499,1.0,
163,0,1,499,1.0,
164,0,1,499,1.0,
165,0,1,499,1.0,
166,0,1,499,1.0,
167,0,1,499,1.0,
168,0,1,499,1.0,
169,0,1,499,1.0,
170,0,1,499,1.0,
171,0,1,499,1.0,
172,0,1,499,1.0,
173,0,1,499,1.0,
174,0,1,499,1.0,
175,0,1,499,1.0,
176,0,1,499,1.0,
177,0,1,499,1.0,
178,0,1,499,1.0,
179,0,1,499,1.0,
180,0,1,499,1.0,
181,0,1,499,1.0,
182,0,1,499,1.0,
183,0,1,499,1.0,
184,0,1,499,1.0,
185,0,1,499,1.0,
186,0,1,499,1.0,
187,0,1,499,1.0,
188,0,1,499,1.0,
189,0,1,499,1.0,
190,0,1,499,1.0,
191,0,1,499,1.0,
192,0,1,499,1.0,
193,0,1,499,1.0,
194,0,1,499,1.0,
195,0,1,499,1.0,
196,0,1,499,1.0,
197,0,1,499,1.0,
198,0,1,499,1.0,
199,0,1,499,1.0,
200,0,1,499,1.0,
1,497,2,1,0.9974117647058823,1.0
2,495,4,1,0.9929411764705882,0.997733927230542
3,493,6,1,0.9887058823529412,0.9955706480771449
4,492,7,1,0.9865882352941177,0.9944815580251878
5,488,11,1,0.9769411764705882,0.9894786979513306
6,482,17,1,0.9651764705882353,0.9832231903884647
7,478,20,2,0.9621176470588235,0.9814752988621299
8,472,25,3,0.9570588235294117,0.9785419899591794
9,461,35,4,0.9488235294117647,0.9735365600422344
10,451,43,6,0.9455294117647058,0.9710682808963648
11,441,50,9,0.9389411764705883,0.9666430208416221
12,430,56,14,0.942,0.9675370986615979
13,420,64,16,0.9389411764705883,0.9649120787276175
14,405,75,20,0.9361176470588235,0.9618170402562802
15,390,88,22,0.928235294117647,0.955239021871151
16,372,99,29,0.9323529411764706,0.955781010095979
17,360,108,32,0.9312941176470588,0.9535297319443808
18,337,122,41,0.9252941176470588,0.9458148267636799
19,319,138,43,0.9117647058823529,0.9320722168959847
20,308,145,47,0.9149411764705883,0.9321783248643464
21,289,162,49,0.9096470588235294,0.9230216607114142
22,272,169,59,0.9116470588235294,0.9199664913764806
23,255,179,66,0.9178823529411765,0.9206896188852695
24,240,186,74,0.9205882352941176,0.9184736464740351
25,220,195,85,0.9241176470588235,0.914959719242125
26,206,204,90,0.9229411764705883,0.907666272127608
27,192,209,99,0.9274117647058824,0.9066626810082605
28,180,216,104,0.9232941176470588,0.8946220398048943
29,167,221,112,0.9231764705882353,0.8861409641100014
30,145,231,124,0.9235294117647059,0.8692823250529815
31,123,242,135,0.9328235294117647,0.8646038327805768
32,105,251,144,0.942,0.863053129023965
33,94,251,155,0.949764705882353,0.8675427407568722
34,80,261,159,0.9561176470588235,0.8642106419243812
35,73,258,169,0.9563529411764706,0.8517212104201819
36,66,258,176,0.9522352941176471,0.820224067220614
37,50,257,193,0.9527058823529412,0.7646351552828872
38,39,256,205,0.9515294117647058,0.6902630429424989
39,29,255,216,0.9583529411764706,0.6418468208625104
40,20,252,228,0.9694117647058823,0.618418045566105
41,15,250,235,0.9772941176470589,0.6223336707228482
42,8,253,239,0.9887058823529412,0.647929934737215
43,5,241,254,0.9927058823529412,0.6383089454018464
44,4,227,269,0.994,0.6283379975992998
45,2,215,283,0.9969411764705882,0.6239204890791842
46,1,214,285,0.9984705882352941,0.6293897853421844
47,1,206,293,0.9984705882352941,0.6293897853421844
48,1,196,303,0.9984705882352941,0.6293897853421844
49,0,191,309,1.0,
50,0,188,312,1.0,
51,0,183,317,1.0,
52,0,175,325,1.0,
53,0,163,337,1.0,
54,0,154,346,1.0,
55,0,148,352,1.0,
56,0,143,357,1.0,
57,0,140,360,1.0,
58,0,133,367,1.0,
59,0,128,372,1.0,
60,0,124,376,1.0,
61,0,122,378,1.0,
62,0,118,382,1.0,
63,0,115,385,1.0,
64,0,113,387,1.0,
65,0,108,392,1.0,
66,0,105,395,1.0,
67,0,104,396,1.0,
68,0,97,403,1.0,
69,0,93,407,1.0,
70,0,90,410,1.0,
71,0,86,414,1.0,
72,0,85,415,1.0,
73,0,80,420,1.0,
74,0,76,424,1.0,
75,0,71,429,1.0,
76,0,67,433,1.0,
77,0,62,438,1.0,
78,0,60,440,1.0,
79,0,59,441,1.0,
80,0,56,444,1.0,
81,0,54,446,1.0,
82,0,54,446,1.0,
83,0,52,448,1.0,
84,0,51,449,1.0,
85,0,51,449,1.0,
86,0,51,449,1.0,
87,0,51,449,1.0,
88,0,49,451,1.0,
89,0,47,453,1.0,
90,0,43,457,1.0,
91,0,41,459,1.0,
92,0,40,460,1.0,
93,0,39,461,1.0,
94,0,39,461,1.0,
95,0,36,464,1.0,
96,0,32,468,1.0,
97,0,31,469,1.0,
98,0,29,471,1.0,
99,0,27,473,1.0,
100,0,27,473,1.0,
101,0,27,473,1.0,
102,0,26,474,1.0,
103,0,26,474,1.0,
104,0,23,477,1.0,
105,0,23,477,1.0,
106,0,23,477,1.0,
107,0,23,477,1.0,
108,0,21,479,1.0,
109,0,21,479,1.0,
110,0,21,479,1.0,
111,0,21,479,1.0,
112,0,21,479,1.0,
113,0,19,481,1.0,
114,0,17,483,1.0,
115,0,17,483,1.0,
116,0,16,484,1.0,
117,0,15,485,1.0,
118,0,15,485,1.0,
119,0,13,487,1.0,
120,0,12,488,1.0,
121,0,12,488,1.0,
122,0,12,488,1.0,
123,0,12,488,1.0,
124,0,11,489,1.0,
125,0,9,491,1.0,
126,0,9,491,1.0,
127,0,8,492,1.0,
128,0,7,493,1.0,
129,0,7,493,1.0,
130,0,7,493,1.0,
131,0,7,493,1.0,
132,0,6,494,1.0,
133,0,6,494,1.0,
134,0,6,494,1.0,
135,0,6,494,1.0,
136,0,6,494,1.0,
137,0,6,494,1.0,
138,0,6,494,1.0,
139,0,6,494,1.0,
140,0,5,495,1.0,
141,0,5,495,1.0,
142,0,5,495,1.0,
143,0,4,496,1.0,
144,0,4,496,1.0,
145,0,4,496,1.0,
146,0,4,496,1.0,
147,0,4,496,1.0,
148,0,4,496,1.0,
149,0,4,496,1.0,
150,0,4,496,1.0,
151,0,4,496,1.0,
152,0,4,496,1.0,
153,0,4,496,1.0,
154,0,4,496,1.0,
155,0,4,496,1.0,
156,0,4,496,1.0,
157,0,4,496,1.0,
158,0,4,496,1.0,
159,0,3,497,1.0,
160,0,3,497,1.0,
161,0,3,497,1.0,
162,0,3,497,1.0,
163,0,3,497,1.0,
164,0,3,497,1.0,
165,0,3,497,1.0,
166,0,3,497,1.0,
167,0,3,497,1.0,
168,0,2,498,1.0,
169,0,2,498,1.0,
170,0,2,498,1.0,
171,0,1,499,1.0,
172,0,1,499,1.0,
173,0,1,499,1.0,
174,0,1,499,1.0,
175,0,1,499,1.0,
176,0,1,499,1.0,
177,0,1,499,1.0,
178,0,1,499,1.0,
179,0,1,499,1.0,
180,0,1,499,1.0,
181,0,1,499,1.0,
182,0,1,499,1.0,
183,0,1,499,1.0,
184,0,1,499,1.0,
185,0,1,499,1.0,
186,0,1,499,1.0,
187,0,1,499,1.0,
188,0,1,499,1.0,
189,0,1,499,1.0,
190,0,1,499,1.0,
191,0,1,499,1.0,
192,0,1,499,1.0,
193,0,1,499,1.0,
194,0,1,499,1.0,
195,0,1,499,1.0,
196,0,1,499,1.0,
197,0,1,499,1.0,
198,0,1,499,1.0,
199,0,1,499,1.0,
200,0,1,499,1.0,
1,496,4,0,0.9927058823529412,1.0
2,494,6,0,0.9874117647058823,0.99729601079288
3,492,7,1,0.9858823529411764,0.9964866154917564
4,489,9,2,0.9828235294117647,0.9948746138420194
5,485,12,3,0.9785882352941176,0.9926160004619657
6,480,16,4,0.9722352941176471,0.9891812505696134
7,474,21,5,0.9671764705882353,0.9863214776064156
8,467,28,5,0.9632941176470589,0.9839788472438957
9,461,32,7,0.9569411764705882,0.9802510338047438
10,455,38,7,0.9514117647058824,0.976890518911421
11,446,47,7,0.9558823529411765,0.978879064217612
12,442,51,7,0.9570588235294117,0.9793184200198602
13,427,64,9,0.9582352941176471,0.9791218880383916
14,418,66,16,0.948,0.9724510613340264
15,407,73,20,0.9482352941176471,0.9717498131912273
16,395,80,25,0.9425882352941176,0.9671879033450381
17,386,83,31,0.9434117647058824,0.9668699975243997
18,378,85,37,0.9387058823529412,0.9629670624035277
19,371,86,43,0.9376470588235294,0.9614851234975925
20,359,92,49,0.9317647058823529,0.9559631687406086
21,342,105,53,0.9356470588235294,0.9564369344332588
22,332,111,57,0.9389411764705883,0.9575035003623185
23,318,122,60,0.9455294117647058,0.9607079997184284
24,306,130,64,0.9515294117647058,0.9639482257146018
25,293,139,68,0.9571764705882353,0.9670241750936571
26,287,139,74,0.9578823529411765,0.9668808065220265
27,282,139,79,0.9543529411764706,0.963066909826107
28,274,142,84,0.9545882352941176,0.9620965075923087
29,267,146,87,0.954,0.9604534087591388
30,261,140,99,0.9605882352941176,0.9657900061981274
31,253,142,105,0.9612941176470589,0.9652918834177124
32,247,143,110,0.9663529411764706,0.9694984263347751
33,239,143,118,0.9698823529411764,0.9720596169769736
34,230,143,127,0.9670588235294117,0.9677377027690084
35,221,146,133,0.9595294117647059,0.9577284067981416
36,213,153,134,0.9516470588235294,0.9467081018016904
37,200,157,143,0.9354117647058824,0.9226348322891955
38,192,163,145,0.9263529411764706,0.907414369585797
39,172,176,152,0.9108235294117647,0.8735482736596817
40,148,196,156,0.8824705882352941,0.8042352010628111
41,123,212,165,0.8751764705882353,0.7487951220368501
42,108,213,179,0.8811764705882353,0.7274168718476746
43,76,238,186,0.8908235294117647,0.6430743054562147
44,57,244,199,0.916,0.6337168592616932
45,38,253,209,0.9425882352941176,0.6245830501460342
46,28,249,223,0.9574117647058824,0.6220305607797659
47,21,243,236,0.9683529411764706,0.6255448577333237
48,14,240,246,0.9790588235294118,0.6283562952961701
49,4,244,252,0.994,0.6273020062101028
50,2,239,259,0.9969411764705882,0.619921982607631
51,1,230,269,0.9984705882352941,0.619921982607631
52,0,218,282,1.0,
53,0,207,293,1.0,
54,0,205,295,1.0,
55,0,198,302,1.0,
56,0,190,310,1.0,
57,0,186,314,1.0,
58,0,182,318,1.0,
59,0,175,325,1.0,
60,0,169,331,1.0,
61,0,163,337,1.0,
62,0,157,343,1.0,
63,0,154,346,1.0,
64,0,149,351,1.0,
65,0,141,359,1.0,
66,0,135,365,1.0,
67,0,131,369,1.0,
68,0,126,374,1.0,
69,0,121,379,1.0,
70,0,119,381,1.0,
71,0,110,390,1.0,
72,0,108,392,1.0,
73,0,106,394,1.0,
74,0,96,404,1.0,
75,0,93,407,1.0,
76,0,86,414,1.0,
77,0,84,416,1.0,
78,0,77,423,1.0,
79,0,72,428,1.0,
80,0,71,429,1.0,
81,0,68,432,1.0,
82,0,65,435,1.0,
83,0,65,435,1.0,
84,0,65,435,1.0,
85,0,60,440,1.0,
86,0,59,441,1.0,
87,0,58,442,1.0,
88,0,57,443,1.0,
89,0,56,444,1.0,
90,0,51,449,1.0,
91,0,48,452,1.0,
92,0,46,454,1.0,
93,0,44,456,1.0,
94,0,43,457,1.0,
95,0,41,459,1.0,
96,0,41,459,1.0,
97,0,40,460,1.0,
98,0,39,461,1.0,
99,0,37,463,1.0,
100,0,34,466,1.0,
101,0,34,466,1.0,
102,0,32,468,1.0,
103,0,31,469,1.0,
104,0,28,472,1.0,
105,0,27,473,1.0,
106,0,27,473,1.0,
107,0,27,473,1.0,
108,0,27,473,1.0,
109,0,27,473,1.0,
110,0,26,474,1.0,
111,0,26,474,1.0,
112,0,26,474,1.0,
113,0,23,477,1.0,
114,0,22,478,1.0,
115,0,20,480,1.0,
116,0,18,482,1.0,
117,0,17,483,1.0,
118,0,16,484,1.0,
119,0,15,485,1.0,
120,0,15,485,1.0,
121,0,15,485,1.0,
122,0,14,486,1.0,
123,0,13,487,1.0,
124,0,13,487,1.0,
125,0,13,487,1.0,
126,0,13,487,1.0,
127,0,12,488,1.0,
128,0,12,488,1.0,
129,0,12,488,1.0,
130,0,12,488,1.0,
131,0,12,488,1.0,
132,0,12,488,1.0,
133,0,12,488,1.0,
134,0,12,488,1.0,
135,0,12,488,1.0,
136,0,11,489,1.0,
137,0,11,489,1.0,
138,0,11,489,1.0,
139,0,10,490,1.0,
140,0,10,490,1.0,
141,0,10,490,1.0,
142,0,9,491,1.0,
143,0,9,491,1.0,
144,0,9,491,1.0,
145,0,8,492,1.0,
146,0,7,493,1.0,
147,0,5,495,1.0,
148,0,5,495,1.0,
149,0,5,495,1.0,
150,0,5,495,1.0,
151,0,5,495,1.0,
152,0,4,496,1.0,
153,0,4,496,1.0,
154,0,4,496,1.0,
155,0,4,496,1.0,
156,0,4,496,1.0,
157,0,4,496,1.0,
158,0,4,496,1.0,
159,0,4,496,1.0,
160,0,4,496,1.0,
161,0,4,496,1.0,
162,0,4,496,1.0,
163,0,4,496,1.0,
164,0,4,496,1.0,
165,0,3,497,1.0,
166,0,3,497,1.0,
167,0,3,497,1.0,
168,0,3,497,1.0,
169,0,3,497,1.0,
170,0,3,497,1.0,
171,0,3,497,1.0,
172,0,3,497,1.0,
173,0,3,497,1.0,
174,0,3,497,1.0,
175,0,3,497,1.0,
176,0,3,497,1.0,
177,0,3,497,1.0,
178,0,3,497,1.0,
179,0,3,497,1.0,
180,0,3,497,1.0,
181,0,3,497,1.0,
182,0,3,497,1.0,
183,0,3,497,1.0,
184,0,3,497,1.0,
185,0,2,498,1.0,
186,0,2,498,1.0,
187,0,2,498,1.0,
188,0,2,498,1.0,
189,0,2,498,1.0,
190,0,2,498,1.0,
191,0,2,498,1.0,
192,0,2,498,1.0,
193,0,2,498,1.0,
194,0,2,498,1.0,
195,0,2,498,1.0,
196,0,2,498,1.0,
197,0,2,498,1.0,
198,0,2,498,1.0,
199,0,2,498,1.0,
200,0,1,499,1.0,
1,497,3,0,0.9945882352941177,1.0
2,495,5,0,0.9901176470588235,0.9977248533320149
3,490,10,0,0.9825882352941177,0.993823320326401
4,487,12,1,0.9774117647058823,0.9911040114151299
5,481,18,1,0.9672941176470589,0.9856875862959054
6,473,24,3,0.9610588235294117,0.9820786703175121
7,463,32,5,0.9470588235294117,0.9740507841053135
8,452,42,6,0.9363529411764706,0.9674074828420517
9,428,66,6,0.906,0.9476552795823012
10,403,87,10,0.8843529411764706,0.9307728997191351
11,383,102,15,0.8803529411764706,0.9244065275747464
12,348,130,22,0.8741176470588236,0.9120276821710034
13,326,144,30,0.8774117647058823,0.9084317467732737
14,301,158,41,0.8891764705882353,0.9103806616837943
15,283,170,47,0.8976470588235295,0.9120798173846856
16,259,188,53,0.912235294117647,0.9178030990018334
17,239,199,62,0.9072941176470588,0.9055209252620559
18,220,205,75,0.9101176470588235,0.9003465895995723
19,195,221,84,0.9037647058823529,0.8789883883607075
20,171,233,96,0.9232941176470588,0.8902408296351232
21,154,244,102,0.9409411764705883,0.9065379256736681
22,138,253,109,0.942,0.8973212565516684
23,120,260,120,0.9358823529411765,0.8687078958318841
24,112,264,124,0.9344705882352942,0.8560710579812316
25,103,261,136,0.9352941176470588,0.8452608341438386
26,90,262,148,0.9283529411764706,0.8031442020281027
27,79,263,158,0.922,0.7551613059906509
28,62,267,171,0.9297647058823529,0.7186320080137635
29,47,264,189,0.9374117647058824,0.6687123416995833
30,37,262,201,0.9468235294117647,0.6421563805486412
31,28,257,215,0.9585882352941176,0.6315873109329441
32,16,259,225,0.9761176470588235,0.628547150665794
33,10,255,235,0.9849411764705882,0.6252293064687312
34,7,252,241,0.9896470588235294,0.6319703232500653
35,5,246,249,0.9929411764705882,0.6488228652034004
36,3,236,261,0.9958823529411764,0.6586535146761792
37,2,227,271,0.9974117647058823,0.6783148136217367
38,2,220,278,0.9975294117647059,0.6930607878309049
39,2,218,280,0.9975294117647059,0.6930607878309049
40,2,212,286,0.9977647058823529,0.7225527362492413
41,1,207,292,0.9987058823529412,0.6783148136217367
42,1,199,300,0.9987058823529412,0.6783148136217367
43,1,196,303,0.9987058823529412,0.6783148136217367
44,1,192,307,0.9987058823529412,0.6783148136217367
45,1,181,318,0.9988235294117647,0.7078067620400731
46,1,173,326,0.9988235294117647,0.7078067620400731
47,1,167,332,0.9989411764705882,0.7372987104584096
48,1,157,342,0.9989411764705882,0.7372987104584096
49,1,155,344,0.9989411764705882,0.7372987104584096
50,1,149,350,0.9989411764705882,0.7372987104584096
51,0,147,353,1.0,
52,0,139,361,1.0,
53,0,131,369,1.0,
54,0,125,375,1.0,
55,0,113,387,1.0,
56,0,110,390,1.0,
57,0,103,397,1.0,
58,0,97,403,1.0,
59,0,93,407,1.0,
60,0,87,413,1.0,
61,0,81,419,1.0,
62,0,77,423,1.0,
63,0,76,424,1.0,
64,0,74,426,1.0,
65,0,72,428,1.0,
66,0,70,430,1.0,
67,0,68,432,1.0,
68,0,66,434,1.0,
69,0,65,435,1.0,
70,0,63,437,1.0,
71,0,60,440,1.0,
72,0,57,443,1.0,
73,0,53,447,1.0,
74,0,50,450,1.0,
75,0,47,453,1.0,
76,0,47,453,1.0,
77,0,45,455,1.0,
78,0,44,456,1.0,
79,0,42,458,1.0,
80,0,40,460,1.0,
81,0,38,462,1.0,
82,0,37,463,1.0,
83,0,34,466,1.0,
84,0,34,466,1.0,
85,0,33,467,1.0,
86,0,31,469,1.0,
87,0,29,471,1.0,
88,0,28,472,1.0,
89,0,27,473,1.0,
90,0,27,473,1.0,
91,0,26,474,1.0,
92,0,26,474,1.0,
93,0,25,475,1.0,
94,0,22,478,1.0,
95,0,20,480,1.0,
96,0,20,480,1.0,
97,0,18,482,1.0,
98,0,18,482,1.0,
99,0,18,482,1.0,
100,0,16,484,1.0,
101,0,15,485,1.0,
102,0,15,485,1.0,
103,0,14,486,1.0,
104,0,14,486,1.0,
105,0,13,487,1.0,
106,0,13,487,1.0,
107,0,13,487,1.0,
108,0,12,488,1.0,
109,0,11,489,1.0,
110,0,10,490,1.0,
111,0,9,491,1.0,
112,0,9,491,1.0,
113,0,9,491,1.0,
114,0,7,493,1.0,
115,0,6,494,1.0,
116,0,6,494,1.0,
117,0,6,494,1.0,
118,0,5,495,1.0,
119,0,5,495,1.0,
120,0,5,495,1.0,
121,0,5,495,1.0,
122,0,5,495,1.0,
123,0,5,495,1.0,
124,0,5,495,1.0,
125,0,5,495,1.0,
126,0,5,495,1.0,
127,0,3,497,1.0,
128,0,3,497,1.0,
129,0,2,498,1.0,
130,0,2,498,1.0,
131,0,2,498,1.0,
132,0,2,498,1.0,
133,0,2,498,1.0,
134,0,1,499,1.0,
135,0,1,499,1.0,
136,0,1,499,1.0,
137,0,1,499,1.0,
138,0,1,499,1.0,
139,0,1,499,1.0,
140,0,1,499,1.0,
141,0,1,499,1.0,
142,0,1,499,1.0,
143,0,1,499,1.0,
144,0,1,499,1.0,
145,0,1,499,1.0,
146,0,1,499,1.0,
147,0,1,499,1.0,
148,0,1,499,1.0,
149,0,1,499,1.0,
150,0,1,499,1.0,
151,0,1,499,1.0,
152,0,1,499,1.0,
153,0,1,499,1.0,
154,0,1,499,1.0,
155,0,1,499,1.0,
156,0,1,499,1.0,
157,0,1,499,1.0,
158,0,1,499,1.0,
159,0,1,499,1.0,
160,0,1,499,1.0,
161,0,1,499,1.0,
162,0,1,499,1.0,
163,0,1,499,1.0,
164,0,1,499,1.0,
165,0,1,499,1.0,
166,0,1,499,1.0,
167,0,1,499,1.0,
168,0,1,499,1.0,
169,0,1,499,1.0,
170,0,1,499,1.0,
171,0,1,499,1.0,
172,0,1,499,1.0,
173,0,1,499,1.0,
174,0,1,499,1.0,
175,0,1,499,1.0,
176,0,1,499,1.0,
177,0,1,499,1.0,
178,0,1,499,1.0,
179,0,1,499,1.0,
180,0,1,499,1.0,
181,0,1,499,1.0,
182,0,1,499,1.0,
183,0,1,499,1.0,
184,0,1,499,1.0,
185,0,1,499,1.0,
186,0,0,500,1.0,
187,0,0,500,1.0,
188,0,0,500,1.0,
189,0,0,500,1.0,
190,0,0,500,1.0,
191,0,0,500,1.0,
192,0,0,500,1.0,
193,0,0,500,1.0,
194,0,0,500,1.0,
195,0,0,500,1.0,
196,0,0,500,1.0,
197,0,0,500,1.0,
198,0,0,500,1.0,
199,0,0,500,1.0,
200,0,0,500,1.0,
